2014-8-1 1:00:0027.5 23.4 27.6 27.4 - 0 78 78 74 3.1 87 3.1 86 3.6 87 4.8 91 9 - - 0 0 0 0 0 0 - -
2014-8-1 00:00:0027.6 23.7 27.6 27.5 - 0 79 79 108 4.6 89 5.1 87 4.8 93 5.2 105 9.1 - - 0 0 0 0 0 0 - -
2014-7-31 23:00:0027.5 24.3 28.6 27.5 - 0.3 83 73 66 4.3 91 4.5 87 4 83 4.7 99 6.8 - - 0 0 0 0 0 0 - -
2014-7-31 22:00:0028.5 23.2 28.8 28.5 - 0 73 72 105 2.7 97 2.9 97 3.7 96 5 85 7.8 - - 0 0 0 0 0 0 - -
2014-7-31 21:00:0028.8 23.2 29 28.7 - 0 72 71 85 4.1 94 4 95 5.1 100 6.4 102 11.2 - - 0 0 0 0 0 0 - -
2014-7-31 20:00:0028.9 23.3 29 28.9 - 0 72 71 99 4.4 109 4.5 100 4.7 95 5.3 91 8.2 - - 0 0 0 0 0 0 - -
2014-7-31 19:00:0029 23.3 29.9 29 - 0 71 66 122 5.9 94 4 92 4.4 99 6.6 83 10.7 - - 0 0 0 0 0 0 - -
2014-7-31 18:00:0029.9 22.7 30.8 29.8 - 0 65 61 99 3.5 117 5 105 5 93 6.6 105 10.7 - - 0 0 0 0 0 0 - -
2014-7-31 17:00:0030.7 23.6 32 29.6 - 0 66 59 130 5 103 4.6 102 4.9 103 6.2 83 9.7 - - 0 0 0 0 0 0 - -
2014-7-31 16:00:0032.1 23.2 32.6 31.8 - 0 59 56 52 3.8 91 5.8 105 5.9 104 6.8 122 10.7 - - 0 0 0 0 0 0 - -
2014-7-31 15:00:0032.1 22.9 33.4 31.6 - 0 58 52 66 5.9 90 5.5 88 5.1 99 6.6 97 10 - - 0 0 0 0 0 0 - -
2014-7-31 14:00:0033.3 22.6 34 33 - 0 54 49 105 6.4 99 5.9 96 6 86 6.6 83 10.7 - - 0 0 0 0 0 0 - -
2014-7-31 13:00:0033.9 22 34.2 33.1 - 0 50 48 74 6.5 97 5.3 98 4.9 104 5.8 128 8.8 - - 0 0 0 0 0 0 - -
2014-7-31 12:00:0033.2 22.3 33.6 32.6 - 0 53 51 99 7.4 83 4.5 88 4.9 93 5.7 85 8.9 - - 0 0 0 0 0 0 - -
2014-7-31 11:00:0032.9 22.8 33.5 32.3 - 0 55 54 105 3.8 109 3.8 91 4.1 89 5 105 8.1 - - 0 0 0 0 0 0 - -
2014-7-31 10:00:0032.4 23.8 33.4 32.2 - 0 61 54 113 3.1 85 3.6 85 3.5 111 4.5 130 6.7 - - 0 0 0 0 0 0 - -
2014-7-31 9:00:0032.5 23.4 32.5 30.8 - 0 59 58 83 5.2 118 4.3 116 3.9 116 3.9 130 6.6 - - 0 0 0 0 0 0 - -
2014-7-31 8:00:0031.1 24.2 31.3 29.9 - 0 67 66 153 2.9 164 1.6 140 2.2 125 3.8 139 5.3 - - 0 0 0 0 0 0 - -
2014-7-31 7:00:0030.2 24.9 30.2 28.8 - 0 73 73 97 2.6 120 3.9 121 3.6 122 3.8 122 5.5 - - 0 0 0 0 0 0 - -
2014-7-31 6:00:0028.8 25.3 28.8 28.5 - 0 82 82 116 3.1 109 3.1 115 3.2 115 3.2 116 4.4 - - 0 0 0 0 0 0 - -
2014-7-31 5:00:0028.5 25.3 28.6 28.5 - 0 83 82 102 0 96 0.4 91 1.5 99 2.5 108 4.7 - - 0 0 0 0 0 0 - -
2014-7-31 4:00:0028.6 25.2 28.7 28.6 - 0 81 80 83 1.6 80 0.9 101 2.7 122 3.3 133 4.6 - - 0 0 0 0 0 0 - -
2014-7-31 3:00:0028.7 25 29 28.7 - 0 80 79 119 2.8 123 2.7 123 3.3 122 3.3 99 4.3 - - 0 0 0 0 0 0 - -
2014-7-31 2:00:0029 25 29 28.9 - 0 79 77 119 0 0 0 128 2.3 139 2.7 128 4.1 - - 0 0 0 0 0 0 - -
2014-7-31 1:00:0028.9 24.7 29.1 28.9 - 0 78 77 125 2.2 123 2.4 128 2.6 128 2.6 125 4.6 - - 0 0 0 0 0 0 - -
2014-7-31 00:00:0029.1 24.7 29.3 29.1 - 0 77 74 128 2.2 126 2.3 126 3.5 126 3.5 142 4 - - 0 0 0 0 0 0 - -
2014-7-30 23:00:0029.3 24.3 29.4 29.2 - 0 74 71 133 2.4 143 2.1 132 2.8 132 2.8 119 3.8 - - 0 0 0 0 0 0 - -
2014-7-30 22:00:0029.4 23.6 30 29.4 - 0 71 68 128 2.9 132 2.6 138 2.1 140 4 128 5.9 - - 0 0 0 0 0 0 - -
2014-7-30 21:00:0030 23.3 30.5 30 - 0 67 61 144 2.6 128 2.5 140 2.7 148 3.7 156 4.8 - - 0 0 0 0 0 0 - -
2014-7-30 20:00:0030.5 22.1 31.3 30.5 - 0 61 59 158 3.4 149 3.3 147 3.7 142 4 144 6.3 - - 0 0 0 0 0 0 - -
2014-7-30 19:00:0031.3 22.6 32.7 31.3 - 0 60 54 130 4.3 139 3.8 144 3.9 145 4.6 142 6.4 - - 0 0 0 0 0 0 - -
2014-7-30 18:00:0032.8 22.3 33.7 32.8 - 0 54 51 156 4.1 153 5 145 4.7 164 5.4 147 7.7 - - 0 0 0 0 0 0 - -
2014-7-30 17:00:0033.7 22.1 34.8 33.7 - 0 51 46 150 5.4 161 4.8 164 5.5 164 5.6 164 8.3 - - 0 0 0 0 0 0 - -
2014-7-30 16:00:0034.8 21.7 35.6 34.6 - 0 47 42 203 3.7 172 4 170 4.2 151 4.7 142 7.7 - - 0 0 0 0 0 0 - -
2014-7-30 15:00:0035.3 21.6 35.7 34.8 - 0 45 42 128 4 146 5.1 168 4.1 184 4.3 198 7.1 - - 0 0 0 0 0 0 - -
2014-7-30 14:00:0035.1 20.6 35.4 34.8 - 0 43 40 232 3.8 214 4.2 189 4.2 171 4.6 142 8.8 - - 0 0 0 0 0 0 - -
2014-7-30 13:00:0034.9 21.8 34.9 34.1 - 0 47 46 173 4.8 171 3.2 158 3.8 157 4.6 130 7.4 - - 0 0 0 0 0 0 - -
2014-7-30 12:00:0034.2 21.9 34.3 33.4 - 0 49 48 164 6.2 176 4.4 175 4.4 174 4.5 150 7.9 - - 0 0 0 0 0 0 - -
2014-7-30 11:00:0033.7 22 33.8 32.9 - 0 51 50 237 3.1 203 4.4 194 4.1 169 5.1 175 7.4 - - 0 0 0 0 0 0 - -
2014-7-30 10:00:0033.1 22.5 33.1 31.7 - 0 54 52 147 2.2 199 4 177 4.3 169 5 164 7.3 - - 0 0 0 0 0 0 - -
2014-7-30 9:00:0031.8 22.6 32 30.4 - 0 59 58 153 5.3 161 5.2 171 4.4 169 5 156 7.8 - - 0 0 0 0 0 0 - -
2014-7-30 8:00:0030.4 23 30.5 29 - 0 64 64 192 3.5 189 5 176 4.9 175 5 184 8.4 - - 0 0 0 0 0 0 - -
2014-7-30 7:00:0029 24.4 29 27.9 - 0 76 76 192 4.9 177 4.3 170 4.1 166 4.4 161 6.3 - - 0 0 0 0 0 0 - -
2014-7-30 6:00:0027.9 24.6 27.9 27.5 - 0 82 82 173 4.4 167 3.8 168 3.1 167 3.3 164 5.3 - - 0 0 0 0 0 0 - -
2014-7-30 5:00:0027.5 24.2 27.7 27.5 - 0 82 80 164 2 169 2.5 167 2.5 175 3.3 161 4.7 - - 0 0 0 0 0 0 - -
2014-7-30 4:00:0027.7 23.9 27.9 27.7 - 0 80 78 142 3.5 174 3 170 3.2 167 4.3 175 6.5 - - 0 0 0 0 0 0 - -
2014-7-30 3:00:0027.9 23.8 28.1 27.9 - 0 78 78 184 4.3 166 3.1 167 4.3 167 4.6 164 6.7 - - 0 0 0 0 0 0 - -
2014-7-30 2:00:0028.1 24 28.3 28.1 - 0 78 78 150 3.8 167 3.7 166 4 164 4.4 167 8 - - 0 0 0 0 0 0 - -
2014-7-30 1:00:0028.3 24 28.6 28.3 - 0 78 75 164 3.4 165 3.9 167 4.2 168 4.4 167 7.9 - - 0 0 0 0 0 0 - -
2014-7-30 00:00:0028.6 23.7 28.9 28.6 - 0 75 72 158 3.7 165 4.3 166 1.9 166 2.7 187 7.3 - - 0 0 0 0 0 0 - -
2014-7-29 23:00:0029 23.4 29.4 29 - 0 72 68 187 4.6 169 4.4 168 1.8 162 2.6 173 7.3 - - 0 0 0 0 0 0 - -
2014-7-29 22:00:0029.4 22.9 29.8 29.4 - 0 68 65 153 5.8 166 4.1 168 2.2 164 3.6 175 9 - - 0 0 0 0 0 0 - -
2014-7-29 21:00:0029.8 22.6 30.4 29.8 - 0 65 63 161 2.3 159 3.4 164 1.5 180 2.8 195 7 - - 0 0 0 0 0 0 - -
2014-7-29 20:00:0030.4 22.7 31.4 30.4 - 0 64 62 187 5.7 179 5 181 2.8 175 3 150 7.6 - - 0 0 0 0 0 0 - -
2014-7-29 19:00:0031.4 23.1 32.7 31.4 - 0 62 54 181 3.7 167 3.3 168 1.7 169 2.3 170 6.5 - - 0 0 0 0 0 0 - -
2014-7-29 18:00:0032.7 22.3 33.4 32.7 - 0 54 50 187 4.9 177 4.3 175 1.6 172 2 173 6.3 - - 0 0 0 0 0 0 - -
2014-7-29 17:00:0033.3 21.6 33.8 33.3 - 0 50 49 195 2.5 207 3 195 1.5 179 2.1 184 6.1 - - 0 0 0 0 0 0 - -
2014-7-29 16:00:0033.8 21.9 34 33.6 - 0 50 50 187 4.6 204 3.5 202 1.6 174 2.3 184 6.7 - - 0 0 0 0 0 0 - -
2014-7-29 15:00:0033.8 22.5 34.7 33.7 - 0 52 48 209 3.1 223 3.6 207 1.7 190 1.9 164 6.4 - - 0 0 0 0 0 0 - -
2014-7-29 14:00:0034.5 22.4 35 33.9 - 0 49 43 189 3.9 191 4.3 208 1.8 208 1.8 201 6.7 - - 0 0 0 0 0 0 - -
2014-7-29 13:00:0034.3 23.1 34.3 33.3 - 0 52 50 156 4.1 165 3.9 184 1.4 190 1.4 215 5.8 - - 0 0 0 0 0 0 - -
2014-7-29 12:00:0033.8 23.3 33.8 32.4 - 0 54 54 173 2.6 175 2.5 0 0 207 0.7 173 5.3 - - 0 0 0 0 0 0 - -
2014-7-29 11:00:0032.9 23.3 33.1 31.1 - 0 57 57 164 1.4 197 2.6 211 0.4 173 0.6 209 7.6 - - 0 0 0 0 0 0 - -
2014-7-29 10:00:0031.1 23.9 31.2 30.4 - 0 65 65 130 1.6 128 1.9 0 0 157 0.6 173 3.7 - - 0 0 0 0 0 0 - -
2014-7-29 9:00:0030.4 24.2 30.4 28.9 - 0 69 69 150 2.3 150 2.1 160 0.4 149 1.4 173 4.4 - - 0 0 0 0 0 0 - -
2014-7-29 8:00:0028.9 24.5 28.9 28.1 - 0 77 77 175 1.4 200 1.1 0 0 140 0.6 139 4.1 - - 0 0 0 0 0 0 - -
2014-7-29 7:00:0028 24.9 28 27.2 - 0 83 83 144 2.3 148 1.3 145 0.3 143 0.6 139 4.1 - - 0 0 0 0 0 0 - -
2014-7-29 6:00:0027.2 24.6 27.2 26.8 - 0 86 86 164 1.9 165 1.5 0 0 169 0.5 161 3.4 - - 0 0 0 0 0 0 - -
2014-7-29 5:00:0026.8 25.1 26.8 26.7 - 0 90 90 254 0 256 0 201 0 201 0 254 0 - - 0 0 0 0 0 0 - -
2014-7-29 4:00:0026.7 25.1 26.7 26.6 - 0 91 91 139 0 127 0 120 0 120 0 139 0 - - 0 0 0 0 0 0 - -
2014-7-29 3:00:0026.6 25 26.7 26.5 - 0 91 91 97 0 91 0 98 0 98 0 97 0 - - 0 0 0 0 0 0 - -
2014-7-29 2:00:0026.6 25 26.6 26.5 - 0 91 91 111 0 108 0 110 0 110 0 111 0 - - 0 0 0 0 0 0 - -
2014-7-29 1:00:0026.5 24.9 27.2 26.5 - 0 91 89 108 0 98 0 96 0 96 0 108 0 - - 0 0 0 0 0 0 - -
2014-7-29 00:00:0027.2 25.2 27.8 27.2 - 0 89 84 74 0 0 0 0 0 0 0 74 0 - - 0 0 0 0 0 0 - -
2014-7-28 23:00:0027.7 24.8 28.2 27.7 - 0.1 84 84 105 0 0 0 0 0 0 0 105 0 - - 0 0 0 0 0 0 - -
2014-7-28 22:00:0028.3 25.4 28.5 28.2 - 0 85 82 136 0 0 0 0 0 0 0 206 1.9 - - 0 0 0 0 0 0 - -
2014-7-28 21:00:0028.6 25.2 30.1 27.8 - 3.3 82 65 291 0 0 0 0 0 0 0 327 3.4 - - 0 0 0 0 0 0 - -
2014-7-28 20:00:0029.9 22.7 30.3 29.9 - 0 65 61 46 1.4 67 2.1 0 0 0 0 74 3.5 - - 0 0 0 0 0 0 - -
2014-7-28 19:00:0030.3 22.1 31.1 30.3 - 0 61 58 105 1.4 104 1.4 0 0 0 0 83 3.4 - - 0 0 0 0 0 0 - -
2014-7-28 18:00:0031.2 21.8 33.1 31.2 - 0 58 47 94 2.2 91 1.8 0 0 119 0.1 130 5.7 - - 0 0 0 0 0 0 - -
2014-7-28 17:00:0032.7 20.2 33.2 32.6 - 0 48 46 344 0 356 1 0 0 316 0.3 310 3.5 - - 0 0 0 0 0 0 - -
2014-7-28 16:00:0033 20.4 33.4 32.7 - 0 48 47 29 1.7 12 1.9 0 0 325 0.6 324 3.3 - - 0 0 0 0 0 0 - -
2014-7-28 15:00:0033 20.7 33.5 32.7 - 0 48 48 1 1.7 4 2.2 326 0.3 306 0.7 358 3.8 - - 0 0 0 0 0 0 - -
2014-7-28 14:00:0032.7 21.7 32.9 32.3 - 0 52 52 285 2.3 308 2.7 309 0.7 309 0.7 302 4.2 - - 0 0 0 0 0 0 - -
2014-7-28 13:00:0032.4 22.4 32.9 31.2 - 0 56 52 274 1.1 293 1.9 0 0 316 0.1 299 3.9 - - 0 0 0 0 0 0 - -
2014-7-28 12:00:0031.3 22.3 32.2 29.9 - 0 59 54 12 1.5 359 0.7 0 0 0 0 299 2.6 - - 0 0 0 0 0 0 - -
2014-7-28 11:00:0029.8 22.3 29.9 29 - 0 64 63 57 0 0 0 0 0 0 0 263 2.2 - - 0 0 0 0 0 0 - -
2014-7-28 10:00:0029 22 29.1 27.8 - 0 66 66 111 0 0 0 0 0 0 0 66 3.1 - - 0 0 0 0 0 0 - -
2014-7-28 9:00:0027.8 22.7 27.9 26.3 - 0 74 74 7 0 0 0 0 0 0 0 274 2.5 - - 0 0 0 0 0 0 - -
2014-7-28 8:00:0026.3 22.6 26.3 24.8 - 0 80 79 12 1.9 17 0.8 0 0 0 0 4 2.5 - - 0 0 0 0 0 0 - -
2014-7-28 7:00:0024.9 23.4 24.9 24.2 - 0 92 92 344 1 336 0.6 0 0 0 0 327 1.9 - - 0 0 0 0 0 0 - -
2014-7-28 6:00:0024.2 23.1 24.2 24.1 - 0 94 94 271 0 0 0 0 0 0 0 271 0 - - 0 0 0 0 0 0 - -
2014-7-28 5:00:0024.1 23 24.2 24.1 - 0 94 94 322 0 0 0 0 0 0 0 322 0 - - 0 0 0 0 0 0 - -
2014-7-28 4:00:0024.2 23.1 24.4 24.2 - 0 94 94 341 0 0 0 0 0 0 0 336 2.2 - - 0 0 0 0 0 0 - -
2014-7-28 3:00:0024.4 23.3 24.6 24.3 - 0 94 94 341 0 0 0 0 0 0 0 341 0 - - 0 0 0 0 0 0 - -
2014-7-28 2:00:0024.6 23.6 24.6 24.3 - 0 94 94 285 0 0 0 0 0 251 0.2 254 3.2 - - 0 0 0 0 0 0 - -
2014-7-28 1:00:0024.3 23.3 24.3 24 - 0 94 94 223 0 0 0 0 0 254 0.3 260 3.4 - - 0 0 0 0 0 0 - -
2014-7-28 00:00:0024 23 24 23.5 - 0 94 94 291 0 0 0 0 0 0 0 232 2.9 - - 0 0 0 0 0 0 - -
2014-7-27 23:00:0023.5 22.5 23.5 23.4 - 0.1 94 94 268 0 204 1.6 0 0 0 0 195 2.8 - - 0 0 0 0 0 0 - -
2014-7-27 22:00:0023.4 22.4 23.5 23.4 - 0.4 94 94 125 0 0 0 0 0 0 0 150 2.8 - - 0 0 0 0 0 0 - -
2014-7-27 21:00:0023.4 22.4 23.4 22.8 - 2.7 94 94 133 0 0 0 0 0 0 0 97 2.2 - - 0 0 0 0 0 0 - -
2014-7-27 20:00:0022.8 21.8 23.1 22.7 - 5.6 94 94 116 0 0 0 0 0 0 0 108 2.9 - - 0 0 0 0 0 0 - -
2014-7-27 19:00:0023 22 27.2 22.8 - 29.8 94 86 74 1.9 73 2.2 0 0 278 4.9 305 15.1 - - 0 0 0 0 0 0 - -
2014-7-27 18:00:0027.2 25.2 27.6 27.2 - 1.1 89 86 319 0 0 0 359 1 94 2.3 85 5.2 - - 0 0 0 0 0 0 - -
2014-7-27 17:00:0027.6 25.2 29.5 27.6 - 2.6 86 73 91 4 95 3.2 91 1.6 79 3.9 88 7.3 - - 0 0 0 0 0 0 - -
2014-7-27 16:00:0029.6 24 30.8 29.6 - 0 72 65 63 3.7 77 4.8 75 3.7 68 4.5 60 8.1 - - 0 0 0 0 0 0 - -
2014-7-27 15:00:0030.8 23.5 31.7 30.7 - 0 65 63 91 4.6 70 4.8 77 3.6 80 4 77 7.9 - - 0 0 0 0 0 0 - -
2014-7-27 14:00:0031.6 23.8 32.2 31.4 - 0 63 61 77 3.9 54 4.7 72 2.8 71 3 40 6.3 - - 0 0 0 0 0 0 - -
2014-7-27 13:00:0031.6 24.1 31.8 30.5 - 0 64 64 74 3 94 3.8 80 2.1 85 2.2 97 4.9 - - 0 0 0 0 0 0 - -
2014-7-27 12:00:0030.5 24 30.6 29.6 - 0 68 68 77 0 77 1 92 0.7 99 1.1 52 4.4 - - 0 0 0 0 0 0 - -
2014-7-27 11:00:0029.6 24 29.7 27.9 - 0 72 71 91 0 40 0.7 52 0.7 17 1.2 99 3.5 - - 0 0 0 0 0 0 - -
2014-7-27 10:00:0028 24.5 28 27.1 - 0 81 81 15 2.8 22 2.1 26 1.1 52 1.1 74 3.4 - - 0 0 0 0 0 0 - -
2014-7-27 9:00:0027.1 24.6 27.1 26.4 - 0 86 86 52 0 0 0 71 0.8 70 0.9 97 3.1 - - 0 0 0 0 0 0 - -
2014-7-27 8:00:0026.4 24.5 26.4 26.2 - 0 89 89 63 0 0 0 34 0.9 45 1.4 12 3.1 - - 0 0 0 0 0 0 - -
2014-7-27 7:00:0026.4 24.3 26.5 26.4 - 0 89 88 49 1.5 48 1.6 29 0.9 29 0.9 63 2.6 - - 0 0 0 0 0 0 - -
2014-7-27 6:00:0026.4 24.4 26.5 26.3 - 0 89 88 60 0 57 0.1 55 0.6 19 0.9 60 2.6 - - 0 0 0 0 0 0 - -
2014-7-27 5:00:0026.5 24.3 26.7 26.5 - 0 88 87 1 0 0 0 22 0.9 22 0.9 38 2.1 - - 0 0 0 0 0 0 - -
2014-7-27 4:00:0026.5 24.3 26.5 26.4 - 0 88 87 60 0 0 0 53 0.9 67 0.9 63 2.2 - - 0 0 0 0 0 0 - -
2014-7-27 3:00:0026.5 24.1 26.5 26.4 - 0 87 85 74 0 0 0 73 0.8 73 0.8 108 2.1 - - 0 0 0 0 0 0 - -
2014-7-27 2:00:0026.4 23.8 26.5 26.4 - 0 85 84 91 0 0 0 77 0.8 89 1.5 108 3.1 - - 0 0 0 0 0 0 - -
2014-7-27 1:00:0026.4 23.6 26.4 26.3 - 0 84 84 85 1.1 75 2 79 1.3 103 1.5 88 4.1 - - 0 0 0 0 0 0 - -
2014-7-27 00:00:0026.4 23.5 26.5 26.4 - 0 84 82 97 1.6 100 1 96 0.6 82 1.8 94 3.4 - - 0 0 0 0 0 0 - -
2014-7-26 23:00:0026.5 23.3 26.5 26.4 - 0 83 82 94 2.6 87 2.8 79 1.8 91 2.2 97 4.3 - - 0 0 0 0 0 0 - -
2014-7-26 22:00:0026.5 23.1 26.6 26.5 - 0 82 80 97 2.6 62 2.7 76 1.7 82 2.3 52 4.4 - - 0 0 0 0 0 0 - -
2014-7-26 21:00:0026.7 22.9 26.8 26.7 - 0 80 78 83 3.9 83 3.5 99 2 89 3.4 102 6.1 - - 0 0 0 0 0 0 - -
2014-7-26 20:00:0026.8 22.6 27.2 26.8 - 0 78 77 113 3.7 94 3.9 95 2.8 102 3.2 102 6.3 - - 0 0 0 0 0 0 - -
2014-7-26 19:00:0027.2 22.9 27.8 27.1 - 0 77 75 153 2.1 110 3.2 107 3 102 4 97 7 - - 0 0 0 0 0 0 - -
2014-7-26 18:00:0027.8 23 28.7 27.8 - 0 75 73 88 3.5 97 3.6 94 3.4 109 3.8 91 7.2 - - 0 0 0 0 0 0 - -
2014-7-26 17:00:0028.7 24.1 29.2 28.7 - 0.1 76 73 85 2.6 89 3.8 107 3.7 103 3.8 111 7.1 - - 0 0 0 0 0 0 - -
2014-7-26 16:00:0029.2 24.2 31.2 29.2 - 0.3 74 60 105 4.6 102 3.3 108 2.2 68 3.8 111 6.7 - - 0 0 0 0 0 0 - -
2014-7-26 15:00:0031.2 22.7 33.2 31.2 - 0 61 53 66 5.1 68 3.4 72 3.2 73 3.5 85 6.7 - - 0 0 0 0 0 0 - -
2014-7-26 14:00:0033 22.3 33.1 32.6 - 0 53 53 63 4.1 64 2.4 89 2 86 2.7 83 5.2 - - 0 0 0 0 0 0 - -
2014-7-26 13:00:0032.8 22.5 32.9 32.1 - 0 55 54 80 3.7 87 3.5 103 2.1 76 2.8 80 5.5 - - 0 0 0 0 0 0 - -
2014-7-26 12:00:0032.2 22.3 32.2 31.1 - 0 56 56 83 1.7 80 2.8 68 2.2 75 2.3 113 5.1 - - 0 0 0 0 0 0 - -
2014-7-26 11:00:0031.1 21.8 31.2 29.8 - 0 58 57 68 2.4 79 2.6 83 2.2 83 2.3 91 4.7 - - 0 0 0 0 0 0 - -
2014-7-26 10:00:0029.8 23.1 29.9 29.3 - 0 68 67 74 2.6 85 2.2 92 1.2 84 1.3 66 3.6 - - 0 0 0 0 0 0 - -
2014-7-26 9:00:0029.3 23.3 29.3 28.3 - 0 70 70 74 0 0 0 80 0.8 63 1.4 85 3.3 - - 0 0 0 0 0 0 - -
2014-7-26 8:00:0028.5 22.9 28.5 27.9 - 0 72 71 60 2.2 66 1.9 86 1.3 89 1.8 91 3.7 - - 0 0 0 0 0 0 - -
2014-7-26 7:00:0027.9 22.3 27.9 27 - 0 72 70 97 0 0 0 0 0 75 0.5 60 3.3 - - 0 0 0 0 0 0 - -
2014-7-26 6:00:0027 22.8 27 26.7 - 0 78 78 91 0 79 1 0 0 0 0 97 1.7 - - 0 0 0 0 0 0 - -
2014-7-26 5:00:0026.7 22.8 26.9 26.7 - 0 79 78 38 0 0 0 0 0 0 0 97 2.5 - - 0 0 0 0 0 0 - -
2014-7-26 4:00:0026.9 22.7 27.2 26.9 - 0 78 76 60 0 0 0 0 0 81 0.1 85 2.6 - - 0 0 0 0 0 0 - -
2014-7-26 3:00:0027.2 22.8 27.5 27.2 - 0 77 73 57 0 0 0 70 0 70 0 66 2.9 - - 0 0 0 0 0 0 - -
2014-7-26 2:00:0027.3 22.2 27.8 27.3 - 0 74 71 26 0 31 0 5 0 5 0 26 0 - - 0 0 0 0 0 0 - -
2014-7-26 1:00:0027.7 21.9 28 27.7 - 0 71 67 71 0 83 0 78 0 78 0 71 0 - - 0 0 0 0 0 0 - -
2014-7-26 00:00:0027.9 21.3 27.9 27.7 - 0 68 68 119 0 0 0 84 0.8 84 0.8 15 2.2 - - 0 0 0 0 0 0 - -
2014-7-25 23:00:0027.7 21.7 27.9 27.7 - 0 70 69 350 0 0 0 1 0.8 1 0.8 35 1.8 - - 0 0 0 0 0 0 - -
2014-7-25 22:00:0027.8 22.2 28.2 27.8 - 0 71 71 26 0 0 0 353 0.8 351 1.3 18 2.8 - - 0 0 0 0 0 0 - -
2014-7-25 21:00:0028.2 22.7 28.9 28.2 - 0 72 67 347 1.5 347 1.4 356 1.2 11 2.2 355 3.7 - - 0 0 0 0 0 0 - -
2014-7-25 20:00:0029 22.2 30 29 - 0 67 63 324 0 318 1.3 324 1.6 327 2.7 333 6.2 - - 0 0 0 0 0 0 - -
2014-7-25 19:00:0030 22.2 31.6 30 - 0 63 56 353 0 323 1.5 328 1.5 323 2.8 308 4.6 - - 0 0 0 0 0 0 - -
2014-7-25 18:00:0031.7 21.8 32.6 31.7 - 0 56 52 288 3.4 292 2.5 285 2.1 277 3.8 279 6.5 - - 0 0 0 0 0 0 - -
2014-7-25 17:00:0032.6 21.6 32.9 32.5 - 0 52 52 282 4.7 275 3.4 275 3.7 266 4.6 288 8.7 - - 0 0 0 0 0 0 - -
2014-7-25 16:00:0032.9 22.1 32.9 31.4 - 0 53 53 310 2.5 263 4.5 264 3.5 256 5.7 248 9.6 - - 0 0 0 0 0 0 - -
2014-7-25 15:00:0031.6 21.9 32 31.5 - 0 57 56 282 2.5 254 3.8 258 5 256 5.7 263 10.6 - - 0 0 0 0 0 0 - -
2014-7-25 14:00:0031.6 22.3 31.6 30.7 - 0 58 57 251 5.2 260 5.2 262 5 261 6.1 263 11.4 - - 0 0 0 0 0 0 - -
2014-7-25 13:00:0030.6 23.1 30.7 29.4 - 0 64 64 282 6.3 257 4 263 4.3 262 4.9 229 10.4 - - 0 0 0 0 0 0 - -
2014-7-25 12:00:0029.3 23.7 29.3 28 - 0 72 72 226 6.1 258 4.3 256 4.2 250 4.7 257 10 - - 0 0 0 0 0 0 - -
2014-7-25 11:00:0028 23.7 28 27.2 - 0 78 78 293 2.4 242 3.7 239 3.9 226 5.7 254 10.2 - - 0 0 0 0 0 0 - -
2014-7-25 10:00:0027.2 24 27.2 26.4 - 0.3 82 82 263 2.6 231 3.8 227 4 222 6 234 10.3 - - 0 0 0 0 0 0 - -
2014-7-25 9:00:0026.5 24 27.2 26.5 - 1.1 87 81 229 5.9 224 4.9 225 5.3 223 6.6 229 11 - - 0 0 0 0 0 0 - -
2014-7-25 8:00:0027.2 23.6 27.9 27.2 - 0.2 81 75 232 7.9 225 6.5 224 6.3 225 7.2 220 12 - - 0 0 0 0 0 0 - -
2014-7-25 7:00:0027.9 23.1 28.5 27.6 - 0.2 75 71 209 4.7 222 6.5 222 6.5 223 6.6 240 12.4 - - 0 0 0 0 0 0 - -
2014-7-25 6:00:0027.7 23 30.1 27.7 - 0.1 75 62 232 6.7 212 5.5 221 6.4 222 7.3 218 13.6 - - 0 0 0 0 0 0 - -
2014-7-25 5:00:0030.1 22 30.2 30 - 0 62 61 173 5.2 195 4.7 194 6.3 192 6.8 184 11.9 - - 0 0 0 0 0 0 - -
2014-7-25 4:00:0030.1 22.3 30.1 30 - 0 63 63 189 4.3 187 6.3 186 6.4 186 6.8 187 12.4 - - 0 0 0 0 0 0 - -
2014-7-25 3:00:0030 22.5 30.1 30 - 0 64 64 187 7.3 181 5.8 179 6.7 181 8.2 170 12.6 - - 0 0 0 0 0 0 - -
2014-7-25 2:00:0030.1 22.5 30.2 30.1 - 0 64 63 161 7.4 181 6.6 180 7.4 177 7.9 187 14.3 - - 0 0 0 0 0 0 - -
2014-7-25 1:00:0030.2 22.5 30.3 30.1 - 0 64 62 187 6.1 180 5.9 176 6.9 176 7.4 203 12.4 - - 0 0 0 0 0 0 - -
2014-7-25 00:00:0030.2 22.1 30.3 29.9 - 0 62 62 187 8.2 180 6.9 181 6.3 174 7.1 187 12.3 - - 0 0 0 0 0 0 - -
2014-7-24 23:00:0029.9 22.6 29.9 29.7 - 0 65 65 170 6.6 172 6.3 172 6.5 164 8.2 158 13.9 - - 0 0 0 0 0 0 - -
2014-7-24 22:00:0029.7 23 30 29.7 - 0 67 66 173 6.4 164 8 166 7.2 161 8.5 164 12.5 - - 0 0 0 0 0 0 - -
2014-7-24 21:00:0030 22.9 30.2 30 - 0 66 65 173 9.8 165 8.2 161 8.1 158 8.4 128 15.3 - - 0 0 0 0 0 0 - -
2014-7-24 20:00:0030.2 22.8 30.6 30.2 - 0 65 62 158 8.3 163 6.8 162 6.9 157 8.8 156 14.4 - - 0 0 0 0 0 0 - -
2014-7-24 19:00:0030.6 22.5 31.1 30.6 - 0 62 61 164 9.2 160 8.2 157 8.3 158 8.5 144 14.4 - - 0 0 0 0 0 0 - -
2014-7-24 18:00:0031.1 22.9 31.7 31.1 - 0 62 60 156 5.2 163 6.9 159 7.7 157 8.5 139 13 - - 0 0 0 0 0 0 - -
2014-7-24 17:00:0031.7 23.2 32.4 31.7 - 0 61 59 153 10.6 147 7.8 151 7.4 152 8.3 142 12.6 - - 0 0 0 0 0 0 - -
2014-7-24 16:00:0032.2 23.3 33 32.2 - 0 59 57 161 8.1 148 7.6 140 7 147 8.2 144 12.8 - - 0 0 0 0 0 0 - -
2014-7-24 15:00:0032.6 23.2 33.1 32.3 - 0 58 55 150 9 150 6.6 148 7.7 146 8.5 150 13 - - 0 0 0 0 0 0 - -
2014-7-24 14:00:0033 23.1 33.5 33 - 0 56 53 156 7.7 161 6.3 153 7 145 7.3 130 11.7 - - 0 0 0 0 0 0 - -
2014-7-24 13:00:0033.2 22.6 33.9 33.2 - 0 54 53 130 7.8 163 6.7 152 7.1 153 7.4 164 11.2 - - 0 0 0 0 0 0 - -
2014-7-24 12:00:0033.8 23.1 34.1 32.8 - 0 54 53 150 9.3 150 8.8 158 6.9 156 7.9 128 13.7 - - 0 0 0 0 0 0 - -
2014-7-24 11:00:0032.8 23.4 33.5 32.1 - 0 58 55 170 5.6 162 6.1 167 7.1 159 7.7 153 11.6 - - 0 0 0 0 0 0 - -
2014-7-24 10:00:0032.4 24.4 32.4 31.2 - 0 63 63 144 5.9 149 6 151 6.1 142 6.4 167 8.4 - - 0 0 0 0 0 0 - -
2014-7-24 9:00:0031.2 24.3 31.3 30.5 - 0 67 67 147 6.1 146 6.1 137 5.9 146 6 133 9.6 - - 0 0 0 0 0 0 - -
2014-7-24 8:00:0030.5 24.4 30.7 30.1 - 0 70 70 130 4.6 136 4.7 136 5.1 135 5.2 144 7.8 - - 0 0 0 0 0 0 - -
2014-7-24 7:00:0030.1 24.5 30.1 29.3 - 0 72 72 133 4.6 144 4.5 138 4.1 147 5.6 142 8.2 - - 0 0 0 0 0 0 - -
2014-7-24 6:00:0029.3 24.4 29.3 29 - 0 75 75 142 4.1 150 3.8 146 3.8 150 4.5 142 6.8 - - 0 0 0 0 0 0 - -
2014-7-24 5:00:0029.1 24.3 29.3 29.1 - 0 75 75 173 3.5 150 3.3 153 3.9 148 4.6 164 7 - - 0 0 0 0 0 0 - -
2014-7-24 4:00:0029.3 24.5 29.4 29.3 - 0 76 75 164 3.6 158 3.8 155 4 149 4.6 164 8.2 - - 0 0 0 0 0 0 - -
2014-7-24 3:00:0029.4 24.7 29.4 29.3 - 0 76 76 142 4.5 146 4.8 150 4.6 159 4.7 178 7.7 - - 0 0 0 0 0 0 - -
2014-7-24 2:00:0029.3 24.8 29.5 29.3 - 0 77 75 142 3.5 152 3.8 152 4.1 154 4.8 128 7 - - 0 0 0 0 0 0 - -
2014-7-24 1:00:0029.5 24.5 30 29.5 - 0 75 73 153 5.6 155 4.9 154 4.4 158 4.7 173 7.3 - - 0 0 0 0 0 0 - -
2014-7-24 00:00:0029.9 24.8 30 29.9 - 0 74 73 133 4.2 145 4 146 4 143 4.6 128 7.5 - - 0 0 0 0 0 0 - -
2014-7-23 23:00:0030 24.7 30.3 30 - 0 73 71 136 4.7 143 4.2 150 4.2 158 5.7 150 8.2 - - 0 0 0 0 0 0 - -
2014-7-23 21:00:0030.6 24.3 31 30.6 - 0 69 67 144 3.8 146 3.6 152 3.9 148 5.5 153 8.6 - - 0 0 0 0 0 0 - -
2014-7-23 20:00:0031 24.1 31.9 31 - 0 67 62 164 5.5 153 5.4 157 5.5 157 5.5 153 7.9 - - 0 0 0 0 0 0 - -
2014-7-23 19:00:0031.9 23.6 32.9 31.9 - 0 61 58 156 6.1 160 5.3 161 4.5 156 5 173 7.1 - - 0 0 0 0 0 0 - -
2014-7-23 18:00:0032.9 23.5 34.4 32.9 - 0 58 53 184 3.7 181 4.1 174 4.4 154 5.4 167 8.1 - - 0 0 0 0 0 0 - -
2014-7-23 17:00:0034.3 23.6 34.9 34.2 - 0 53 49 150 4.8 149 4.1 146 4.6 152 5.4 142 7.9 - - 0 0 0 0 0 0 - -
2014-7-23 16:00:0034.8 22.6 35.5 34.5 - 0 49 46 192 5.5 177 4.4 174 4.4 159 6.3 139 10.1 - - 0 0 0 0 0 0 - -
2014-7-23 15:00:0034.7 22.1 35.2 34.4 - 0 48 46 173 5.4 182 5.4 173 5.1 169 6.1 175 9.2 - - 0 0 0 0 0 0 - -
2014-7-23 14:00:0034.7 22 35.5 34.6 - 0 48 46 147 5.6 175 4.8 171 5.5 171 5.5 150 9.5 - - 0 0 0 0 0 0 - -
2014-7-23 13:00:0035 22.5 35.8 34.4 - 0 48 45 173 5.8 164 5.5 162 4.8 153 6 156 9 - - 0 0 0 0 0 0 - -
2014-7-23 12:00:0034.6 21.9 34.9 34.1 - 0 48 48 142 4.4 191 3.4 184 4.5 149 5.3 189 8.6 - - 0 0 0 0 0 0 - -
2014-7-23 11:00:0034.3 23 34.4 33.1 - 0 52 50 153 4.9 152 3.9 163 4.2 170 5.5 139 9.7 - - 0 0 0 0 0 0 - -
2014-7-23 10:00:0033.7 23.6 33.9 32.7 - 0 55 54 167 4 183 4.7 176 4.6 169 5.1 147 8.9 - - 0 0 0 0 0 0 - -
2014-7-23 9:00:0032.9 23.6 32.9 31.1 - 0 58 58 164 4 156 4.9 155 4.3 164 5 161 6.9 - - 0 0 0 0 0 0 - -
2014-7-23 8:00:0031.1 24.2 31.2 30 - 0 67 66 184 3.9 167 5 174 4.9 156 5 142 7.4 - - 0 0 0 0 0 0 - -
2014-7-23 7:00:0029.9 24.5 29.9 28.7 - 0 73 72 144 4.4 159 4.5 157 5 157 5 153 7.3 - - 0 0 0 0 0 0 - -
2014-7-23 6:00:0028.6 25 28.6 27.9 - 0 81 80 142 2.6 150 2.5 150 3.1 150 3.2 153 4.8 - - 0 0 0 0 0 0 - -
2014-7-23 5:00:0027.9 24.8 28 27.9 - 0 83 83 150 2.8 150 2.8 146 2.7 156 3.1 164 4.5 - - 0 0 0 0 0 0 - -
2014-7-23 4:00:0027.9 24.8 27.9 27.8 - 0 83 82 161 3.2 158 2.5 155 2.6 157 3.6 156 5.3 - - 0 0 0 0 0 0 - -
2014-7-23 3:00:0027.8 24.5 28 27.8 - 0 82 80 156 3 148 3.2 149 3 149 3 161 4.6 - - 0 0 0 0 0 0 - -
2014-7-23 2:00:0028 24.2 28.2 28 - 0 80 79 153 3.3 152 2.8 155 2.9 158 3.9 173 6.6 - - 0 0 0 0 0 0 - -
2014-7-23 1:00:0028.2 24.1 28.4 28.2 - 0 79 75 175 3.2 159 2.9 158 3.5 160 4.2 173 6.2 - - 0 0 0 0 0 0 - -
2014-7-23 00:00:0028.4 23.6 28.8 28.4 - 0 75 71 156 4.6 161 4 164 3.5 159 4.5 164 7.1 - - 0 0 0 0 0 0 - -
2014-7-22 23:00:0028.8 23 29.1 28.8 - 0 71 69 142 2 142 2.2 152 2.6 164 4.3 175 7.3 - - 0 0 0 0 0 0 - -
2014-7-22 22:00:0029.1 23 29.7 29.1 - 0 70 65 161 2.9 156 3.3 155 3.7 160 4.2 153 6.4 - - 0 0 0 0 0 0 - -
2014-7-22 21:00:0029.7 22.5 30.3 29.7 - 0 65 63 167 4.2 162 3.6 168 3.9 167 5.1 173 8.1 - - 0 0 0 0 0 0 - -
2014-7-22 20:00:0030.3 22.6 31.4 30.3 - 0 63 59 209 3.7 175 4.1 174 4.4 176 5.2 206 7.6 - - 0 0 0 0 0 0 - -
2014-7-22 19:00:0031.5 22.5 33.3 31.5 - 0 59 50 187 4.6 177 4.3 175 4.5 175 5.5 175 9.1 - - 0 0 0 0 0 0 - -
2014-7-22 18:00:0033.3 21.3 35.2 33.3 - 0 49 40 175 2.8 183 5 177 4.3 171 4.9 150 7.3 - - 0 0 0 0 0 0 - -
2014-7-22 17:00:0035.3 19.9 35.9 35.2 - 0 41 38 136 3.8 157 4.3 154 4.5 155 4.7 192 6.7 - - 0 0 0 0 0 0 - -
2014-7-22 16:00:0036 19.3 36.2 35.5 - 0 38 38 173 2.9 176 3.4 187 3.1 160 3.8 158 5.9 - - 0 0 0 0 0 0 - -
2014-7-22 15:00:0036 21.1 36.1 35.4 - 0 42 39 173 3.4 227 1.4 172 2.3 175 3.7 164 5.9 - - 0 0 0 0 0 0 - -
2014-7-22 14:00:0035.4 21.1 35.9 34.9 - 0 43 42 142 5.2 169 3 204 2.9 194 3.6 240 6.1 - - 0 0 0 0 0 0 - -
2014-7-22 13:00:0034.9 21.4 35 34.1 - 0 45 45 195 3.3 203 2.2 212 3 172 4.2 178 7.1 - - 0 0 0 0 0 0 - -
2014-7-22 12:00:0034.1 22.6 34.6 33.7 - 0 51 47 209 3.8 188 3.4 187 4 200 4.2 218 6.5 - - 0 0 0 0 0 0 - -
2014-7-22 11:00:0034 22 34.1 33.1 - 0 50 49 173 3.4 201 3.6 193 4.2 187 4.3 184 6.5 - - 0 0 0 0 0 0 - -
2014-7-22 10:00:0033 23 33 31.5 - 0 56 56 175 2.5 202 2.8 176 4 177 4.1 170 6.5 - - 0 0 0 0 0 0 - -
2014-7-22 9:00:0031.6 23.4 31.7 30.3 - 0 62 62 189 3.8 197 3.2 185 3.7 167 4.2 173 6.8 - - 0 0 0 0 0 0 - -
2014-7-22 8:00:0030.3 24 30.4 28.4 - 0 69 69 164 3.7 170 4.3 169 4.1 166 4.7 164 6.7 - - 0 0 0 0 0 0 - -
2014-7-22 7:00:0028.4 24.3 28.6 27.5 - 0 79 78 144 4.9 168 3.7 162 4.2 163 4.2 142 5.9 - - 0 0 0 0 0 0 - -
2014-7-22 6:00:0027.5 24.4 27.5 27 - 0 84 84 150 0 153 0.9 158 1.9 153 2.5 150 3.2 - - 0 0 0 0 0 0 - -
2014-7-22 5:00:0027.1 24.1 27.2 27.1 - 0 84 83 167 1 158 2 159 2.2 163 2.4 153 3.8 - - 0 0 0 0 0 0 - -
2014-7-22 4:00:0027.2 24 27.4 27.2 - 0 83 82 161 2.2 162 2.4 163 2.4 169 3.2 153 4.9 - - 0 0 0 0 0 0 - -
2014-7-22 3:00:0027.4 24 27.6 27.4 - 0 82 80 175 3.4 165 3.2 165 3.1 167 3.7 170 5.6 - - 0 0 0 0 0 0 - -
2014-7-22 2:00:0027.6 23.8 27.9 27.6 - 0 80 77 142 2.2 161 2.8 165 3 164 4 153 7 - - 0 0 0 0 0 0 - -
2014-7-22 1:00:0027.9 23.4 28.3 27.9 - 0 77 72 173 5.2 170 3.1 167 3.5 158 3.9 173 6.1 - - 0 0 0 0 0 0 - -
2014-7-22 00:00:0028.3 22.7 28.8 28.3 - 0 72 71 144 3.4 160 3.1 158 1.1 157 1.4 150 6.2 - - 0 0 0 0 0 0 - -
2014-7-21 23:00:0028.8 23 29.2 28.8 - 0 71 69 153 3.1 155 2.6 0 0 156 1.3 156 6.4 - - 0 0 0 0 0 0 - -
2014-7-21 22:00:0029.2 23 29.8 29.2 - 0 69 68 173 5 159 3.8 158 1 172 1.8 150 7.1 - - 0 0 0 0 0 0 - -
2014-7-21 21:00:0029.8 23.2 30.5 29.8 - 0 68 66 187 5.2 180 3.2 179 1 159 1.6 158 6.5 - - 0 0 0 0 0 0 - -
2014-7-21 20:00:0030.5 23.4 31.8 30.5 - 0 66 60 187 2 156 3 171 0.4 178 1.5 173 6.5 - - 0 0 0 0 0 0 - -
2014-7-21 19:00:0031.8 23.1 33.6 31.8 - 0 60 51 170 4.7 178 4.4 177 1.3 172 1.7 195 6.7 - - 0 0 0 0 0 0 - -
2014-7-21 18:00:0033.6 22.1 34.9 33.6 - 0 51 46 173 4 179 4 170 1.2 167 1.5 175 6.2 - - 0 0 0 0 0 0 - -
2014-7-21 17:00:0034.8 21.9 35.6 34.8 - 0 47 43 150 4.4 164 3.9 175 1 162 1.3 153 6 - - 0 0 0 0 0 0 - -
2014-7-21 16:00:0035.4 21.2 36.1 35 - 0 44 42 240 2.9 219 3.3 223 0.4 170 1.1 167 6.5 - - 0 0 0 0 0 0 - -
2014-7-21 15:00:0035.7 20.9 36.1 35.5 - 0 42 40 164 3.2 207 2.4 0 0 156 1.6 173 6.6 - - 0 0 0 0 0 0 - -
2014-7-21 14:00:0036.1 20.7 36.3 35.3 - 0 41 39 209 4.5 185 4 177 0.4 203 0.4 153 5.4 - - 0 0 0 0 0 0 - -
2014-7-21 13:00:0035.3 21.1 35.6 34.4 - 0 43 42 189 1.5 192 1.9 0 0 164 0.3 161 5.4 - - 0 0 0 0 0 0 - -
2014-7-21 12:00:0035 20.6 35.2 33.9 - 0 43 43 226 1.7 196 1.8 0 0 0 0 133 5.4 - - 0 0 0 0 0 0 - -
2014-7-21 11:00:0034.1 22.1 34.1 32.5 - 0 50 49 274 2.5 200 2.8 0 0 149 0.3 142 5.6 - - 0 0 0 0 0 0 - -
2014-7-21 10:00:0032.7 24 32.8 31.4 - 0 60 59 158 2.6 181 2.2 0 0 179 0.2 153 4.9 - - 0 0 0 0 0 0 - -
2014-7-21 9:00:0031.4 24.3 31.4 29.8 - 0 66 66 234 2.8 193 2.4 0 0 186 0.6 203 5.3 - - 0 0 0 0 0 0 - -
2014-7-21 8:00:0029.8 24.3 29.8 28.6 - 0 73 72 189 2.6 183 2.5 178 0.1 152 0.7 144 5 - - 0 0 0 0 0 0 - -
2014-7-21 7:00:0028.6 24.5 28.6 27.5 - 0 78 78 164 3.2 152 3.6 156 0.6 161 1 164 5.2 - - 0 0 0 0 0 0 - -
2014-7-21 6:00:0027.5 24.6 27.5 26.9 - 0 84 84 156 0 157 1 152 0.5 144 1.3 144 3.8 - - 0 0 0 0 0 0 - -
2014-7-21 5:00:0026.9 24.3 27.1 26.9 - 0 86 84 147 2.5 151 2.4 154 1.3 155 1.5 158 3.6 - - 0 0 0 0 0 0 - -
2014-7-21 4:00:0027.1 24.2 27.2 27.1 - 0 84 83 173 2.1 159 1 154 1.5 148 2.1 150 3.2 - - 0 0 0 0 0 0 - -
2014-7-21 3:00:0027.2 24.1 27.5 27.2 - 0 83 81 144 2 140 1.8 141 1.8 159 3.1 142 3.9 - - 0 0 0 0 0 0 - -
2014-7-21 2:00:0027.5 23.9 27.7 27.5 - 0 81 79 170 3.5 160 3.3 158 2.9 158 2.9 181 4.4 - - 0 0 0 0 0 0 - -
2014-7-21 1:00:0027.7 23.7 28.1 27.7 - 0 79 76 150 2.3 155 2.7 159 2.8 162 3.1 150 4.5 - - 0 0 0 0 0 0 - -
2014-7-21 00:00:0028.1 23.6 28.7 28.1 - 0 76 74 173 2.5 162 3.1 161 4.9 161 5 161 4.9 - - 0 0 0 0 0 0 - -
2014-7-20 23:00:0028.7 23.7 29.5 28.7 - 0 74 71 164 2.6 160 3 161 4.9 171 5.6 164 5.9 - - 0 0 0 0 0 0 - -
2014-7-20 22:00:0029.6 23.8 30.4 29.6 - 0 71 66 173 2.9 168 2.8 167 4.5 166 5.2 158 5 - - 0 0 0 0 0 0 - -
2014-7-20 21:00:0030.5 23.5 31.5 30.5 - 0 66 64 161 2.6 156 2.8 159 4.8 157 5.6 153 5.6 - - 0 0 0 0 0 0 - -
2014-7-20 20:00:0031.5 23.9 32.6 31.5 - 0 64 57 156 3.5 162 3.7 160 5 160 5 173 5.1 - - 0 0 0 0 0 0 - -
2014-7-20 19:00:0032.6 23 34.2 32.6 - 0 57 49 184 4.4 176 3.6 181 4.9 180 5.5 175 5.9 - - 0 0 0 0 0 0 - -
2014-7-20 18:00:0034.2 22.1 34.6 33.8 - 0 49 48 195 2.3 193 1.9 178 4.5 87 5.2 192 4.7 - - 0 0 0 0 0 0 - -
2014-7-20 17:00:0034.5 24.8 35.3 34.5 - 0 57 52 99 4.1 103 3.4 85 5.2 69 5.8 74 5.8 - - 0 0 0 0 0 0 - -
2014-7-20 16:00:0035.1 24.1 35.6 35 - 0 53 51 60 2.7 63 3.1 74 5.2 93 6 74 6 - - 0 0 0 0 0 0 - -
2014-7-20 15:00:0035.2 24.2 35.5 34.9 - 0 53 53 52 2.8 64 3.6 80 5.4 80 5.9 71 6.1 - - 0 0 0 0 0 0 - -
2014-7-20 14:00:0035.3 24.6 35.6 34.7 - 0 54 54 85 1.4 73 2.6 68 5.1 71 6 83 5.9 - - 0 0 0 0 0 0 - -
2014-7-20 13:00:0035.6 24.5 36.1 35.5 - 0 53 42 1 2.2 3 2.2 8 3.9 269 4.1 128 4.6 - - 0 0 0 0 0 0 - -
2014-7-20 12:00:0035.4 22.5 35.6 34.2 - 0 47 46 254 2.4 218 1.4 237 3.6 233 4.2 226 3.7 - - 0 0 0 0 0 0 - -
2014-7-20 11:00:0034.1 23.3 34.4 33.4 - 0 53 53 263 1.5 233 1.4 153 3.7 128 4.6 263 4.3 - - 0 0 0 0 0 0 - -
2014-7-20 10:00:0033.6 24.2 33.7 32.1 - 0 58 57 144 0 130 1.5 137 3.1 154 3.3 142 4 - - 0 0 0 0 0 0 - -
2014-7-20 9:00:0032.1 24.5 32.1 30.3 - 0 64 64 150 0 0 0 205 2.3 210 3 251 3.5 - - 0 0 0 0 0 0 - -
2014-7-20 8:00:0030.3 24.8 30.3 28.7 - 0 73 73 201 0.8 176 1.9 173 3 167 3.5 170 4.3 - - 0 0 0 0 0 0 - -
2014-7-20 7:00:0028.7 24.8 28.7 27.1 - 0 80 80 150 1.9 167 1.6 173 2.4 156 2.7 150 2.9 - - 0 0 0 0 0 0 - -
2014-7-20 6:00:0027.1 24.7 27.1 26.6 - 0 87 87 181 0 170 0.4 175 1.9 175 1.9 173 3.1 - - 0 0 0 0 0 0 - -
2014-7-20 5:00:0026.6 24.3 26.9 26.6 - 0 87 86 164 0 0 0 167 1.7 129 1.7 173 2 - - 0 0 0 0 0 0 - -
2014-7-20 4:00:0026.8 24.3 27 26.8 - 0 86 85 128 0 0 0 123 1.7 123 1.7 139 2.8 - - 0 0 0 0 0 0 - -
2014-7-20 3:00:0027 24.2 27.2 27 - 0 85 83 153 0 0 0 147 1.7 147 1.7 153 0 - - 0 0 0 0 0 0 - -
2014-7-20 2:00:0027.2 24.1 27.6 27.2 - 0 83 82 150 0 0 0 156 1.7 156 1.7 192 2 - - 0 0 0 0 0 0 - -
2014-7-20 1:00:0027.6 24.2 28.1 27.6 - 0 82 80 142 0 0 0 158 1.7 158 1.7 167 2.7 - - 0 0 0 0 0 0 - -
2014-7-20 00:00:0028.1 24.4 28.6 28.1 - 0 80 78 150 0 163 0.9 164 1.2 155 2.1 153 3.5 - - 0 0 0 0 0 0 - -
2014-7-19 23:00:0028.6 24.3 29 28.6 - 0 78 74 170 2.4 153 2.4 155 2.2 164 2.3 178 4.3 - - 0 0 0 0 0 0 - -
2014-7-19 22:00:0029.1 24 29.7 29.1 - 0 74 71 164 2 170 0.4 159 1.8 148 2.1 158 3.1 - - 0 0 0 0 0 0 - -
2014-7-19 21:00:0029.7 23.8 30.5 29.7 - 0 70 68 133 1.6 133 1.7 143 1.9 167 2.3 153 3.2 - - 0 0 0 0 0 0 - -
2014-7-19 20:00:0030.5 23.8 31.3 30.5 - 0 67 63 156 1.6 163 0.8 182 1.4 171 3.6 184 4.6 - - 0 0 0 0 0 0 - -
2014-7-19 19:00:0031.3 23.5 33 31.3 - 0 63 56 150 2.2 164 2.9 173 3.5 170 4.1 167 5.8 - - 0 0 0 0 0 0 - -
2014-7-19 18:00:0033 23 33.9 33 - 0 56 50 215 2.4 211 3.2 197 2.8 175 3.3 209 4.9 - - 0 0 0 0 0 0 - -
2014-7-19 17:00:0033.9 22.4 34.8 33.9 - 0 51 49 128 2.9 134 2.4 148 2.4 137 2.7 139 3.6 - - 0 0 0 0 0 0 - -
2014-7-19 16:00:0034.8 22.5 35.5 34.6 - 0 49 45 215 0 0 0 184 1.5 214 2.7 212 4.9 - - 0 0 0 0 0 0 - -
2014-7-19 15:00:0035.5 22.5 35.7 33.7 - 0 47 46 254 0.7 235 2.1 221 1.8 167 2.4 173 4.1 - - 0 0 0 0 0 0 - -
2014-7-19 14:00:0033.9 22.8 33.9 33.6 - 0 52 52 187 0 219 1.4 217 1.9 220 2.9 198 4.6 - - 0 0 0 0 0 0 - -
2014-7-19 13:00:0033.6 22.5 33.6 32.6 - 0 52 52 203 2.9 200 2.5 216 2.4 193 2.9 209 4.9 - - 0 0 0 0 0 0 - -
2014-7-19 12:00:0032.7 23.6 32.7 31.8 - 0 59 59 195 2.3 189 3.1 191 2.9 201 3.4 198 5.8 - - 0 0 0 0 0 0 - -
2014-7-19 11:00:0031.9 23.9 32.2 31.4 - 0 63 61 195 4.1 205 3.5 205 3.4 173 3.6 173 6 - - 0 0 0 0 0 0 - -
2014-7-19 10:00:0031.5 23.7 31.5 30 - 0 63 63 181 2.6 177 2.9 181 3 178 3.5 178 5.3 - - 0 0 0 0 0 0 - -
2014-7-19 9:00:0030 24.4 30 28.9 - 0 72 72 173 2.9 184 3.2 183 3.2 160 3.7 164 5.3 - - 0 0 0 0 0 0 - -
2014-7-19 8:00:0028.9 24.5 28.9 28.2 - 0 77 77 195 2.9 189 2.9 178 2.9 165 3.5 173 5.2 - - 0 0 0 0 0 0 - -
2014-7-19 7:00:0028.2 24.5 28.2 27.8 - 0 80 80 218 2.9 181 2.6 178 2.7 173 2.8 173 4.9 - - 0 0 0 0 0 0 - -
2014-7-19 6:00:0027.8 24.5 27.8 27.7 - 0 82 82 164 2.5 158 2 158 2.4 166 2.5 181 4 - - 0 0 0 0 0 0 - -
2014-7-19 5:00:0027.7 24.4 27.9 27.7 - 0 82 81 189 1.8 165 2.1 166 2.2 167 2.6 133 3.8 - - 0 0 0 0 0 0 - -
2014-7-19 4:00:0027.9 24.3 28 27.9 - 0 81 80 181 2.5 164 1.4 166 2.1 158 3 153 4.4 - - 0 0 0 0 0 0 - -
2014-7-19 3:00:0028 24.3 28.1 28 - 0 80 80 164 2.6 165 2.6 167 2.8 168 3.5 173 5.8 - - 0 0 0 0 0 0 - -
2014-7-19 2:00:0028.1 24.3 28.3 28.1 - 0 80 79 170 3.9 175 3.8 174 3.3 168 3.7 153 5.8 - - 0 0 0 0 0 0 - -
2014-7-19 1:00:0028.3 24.4 28.3 28.2 - 0 79 79 150 2 176 3.1 174 3.3 171 3.6 170 6.1 - - 0 0 0 0 0 0 - -
2014-7-19 00:00:0028.2 24.5 28.3 28.2 - 0 81 80 173 3.5 172 3.7 167 2.7 168 3.2 161 6.3 - - 0 0 0 0 0 0 - -
2014-7-18 23:00:0028.3 24.6 28.5 28.3 - 0 80 79 156 2.6 163 3.3 163 2.4 152 3.5 161 6.8 - - 0 0 0 0 0 0 - -
2014-7-18 22:00:0028.5 24.4 28.8 28.5 - 0 78 78 139 3.6 145 4.2 152 3.5 155 3.6 164 6.6 - - 0 0 0 0 0 0 - -
2014-7-18 21:00:0028.8 24.5 29.2 28.8 - 0 78 77 164 4.2 157 3.6 157 3 158 3.1 167 6.1 - - 0 0 0 0 0 0 - -
2014-7-18 20:00:0029.2 24.7 30.1 29.2 - 0 77 72 153 3 166 2.8 164 2.3 168 3.7 164 7 - - 0 0 0 0 0 0 - -
2014-7-18 19:00:0030.1 24.5 31.6 30.1 - 0 72 62 187 6.1 182 4.9 177 3.5 162 3.9 192 6.9 - - 0 0 0 0 0 0 - -
2014-7-18 18:00:0031.6 23.3 32.5 31.6 - 0 61 55 187 5 162 4.9 160 4 156 4.1 158 7 - - 0 0 0 0 0 0 - -
2014-7-18 17:00:0032.5 22.4 33.1 32.5 - 0 55 54 175 3.5 178 3.8 171 3 164 3.6 153 6.7 - - 0 0 0 0 0 0 - -
2014-7-18 16:00:0032.9 23.1 33.1 32.8 - 0 56 51 156 3.3 164 3.1 159 3.1 161 3.2 156 5.4 - - 0 0 0 0 0 0 - -
2014-7-18 15:00:0033 21.3 33.3 33 - 0 50 48 173 3.4 174 2.6 181 1.7 200 2.4 223 4.8 - - 0 0 0 0 0 0 - -
2014-7-18 14:00:0033.2 22.4 33.2 32.6 - 0 53 53 164 3.9 161 2.9 175 2 167 2.7 161 5 - - 0 0 0 0 0 0 - -
2014-7-18 13:00:0032.7 22.8 32.8 32.5 - 0 56 55 181 5 163 3.5 161 2.6 143 2.7 133 5 - - 0 0 0 0 0 0 - -
2014-7-18 12:00:0032.7 22.9 32.7 31.4 - 0 56 56 167 3 169 1.9 171 1.7 190 1.9 195 4.3 - - 0 0 0 0 0 0 - -
2014-7-18 11:00:0031.4 22.8 31.5 31.1 - 0 60 60 175 1.3 191 1.9 204 1.9 193 2.4 161 4.4 - - 0 0 0 0 0 0 - -
2014-7-18 10:00:0031.2 23.7 31.3 29.5 - 0 64 64 184 1.3 196 1.5 181 1.7 183 3.4 167 5.3 - - 0 0 0 0 0 0 - -
2014-7-18 9:00:0029.5 24 29.5 28.7 - 0 72 72 184 2 182 2.8 189 2.5 175 3.3 150 4.7 - - 0 0 0 0 0 0 - -
2014-7-18 8:00:0028.7 24.1 28.7 28.1 - 0 76 76 170 4.3 169 3.2 175 3.2 173 3.6 175 6.3 - - 0 0 0 0 0 0 - -
2014-7-18 7:00:0028.1 24.2 28.1 27.7 - 0 79 79 156 4.9 184 2.5 179 3.1 181 4.6 173 7.6 - - 0 0 0 0 0 0 - -
2014-7-18 6:00:0027.7 24.3 27.7 27.5 - 0 82 82 156 4.6 178 4.2 180 4.3 169 4.5 181 6.8 - - 0 0 0 0 0 0 - -
2014-7-18 5:00:0027.5 24.3 27.7 27.5 - 0 82 81 170 3.8 168 4.1 167 4.3 166 4.3 170 6.8 - - 0 0 0 0 0 0 - -
2014-7-18 4:00:0027.7 24.3 27.7 27.6 - 0 82 82 170 4.2 164 3.7 165 3.6 168 3.8 167 5.8 - - 0 0 0 0 0 0 - -
2014-7-18 3:00:0027.7 24.5 27.8 27.7 - 0 82 82 175 2.3 167 4 166 3.7 166 3.8 164 5.8 - - 0 0 0 0 0 0 - -
2014-7-18 2:00:0027.8 24.5 27.9 27.8 - 0 82 82 158 2.4 155 3.3 158 3.5 159 3.6 150 5.3 - - 0 0 0 0 0 0 - -
2014-7-18 1:00:0027.9 24.6 28.3 27.9 - 0 82 81 161 2.9 163 2.7 161 2.8 154 3.2 150 5.2 - - 0 0 0 0 0 0 - -
2014-7-18 00:00:0028.3 24.7 28.5 28.3 - 0 81 80 170 2.2 169 2.3 173 0.8 161 1.3 178 4.4 - - 0 0 0 0 0 0 - -
2014-7-17 23:00:0028.5 24.7 28.7 28.5 - 0 80 78 153 3.2 170 2.8 161 1.3 146 3.6 142 8.3 - - 0 0 0 0 0 0 - -
2014-7-17 22:00:0028.7 24.6 29.1 28.7 - 0 78 75 150 3.1 164 3.5 157 2 152 2.2 147 6.2 - - 0 0 0 0 0 0 - -
2014-7-17 21:00:0029.1 24.3 29.7 29.1 - 0 75 72 144 4.2 153 3.8 156 1.6 159 2.1 150 6.2 - - 0 0 0 0 0 0 - -
2014-7-17 20:00:0029.7 24.2 30.5 29.7 - 0 72 68 167 4.2 152 3.4 151 1.3 151 1.3 167 4.7 - - 0 0 0 0 0 0 - -
2014-7-17 19:00:0030.5 24.1 31.3 30.5 - 0 68 62 184 1.8 167 3 160 1.3 167 2.1 150 5.3 - - 0 0 0 0 0 0 - -
2014-7-17 18:00:0031.3 23.3 33.1 31.3 - 0 62 52 181 3.4 172 3.9 167 2.2 167 2.2 178 6 - - 0 0 0 0 0 0 - -
2014-7-17 17:00:0033.1 22 34.3 33.1 - 0 52 46 173 2.8 193 2.4 193 0.5 203 1.6 201 5.7 - - 0 0 0 0 0 0 - -
2014-7-17 16:00:0034.3 21.7 34.3 33.1 - 0 48 46 173 3.5 174 3.7 192 0.8 187 1 170 4.7 - - 0 0 0 0 0 0 - -
2014-7-17 15:00:0033.6 21.1 34.3 33.5 - 0 48 45 195 2.6 175 3.1 198 1 197 1.4 187 5.3 - - 0 0 0 0 0 0 - -
2014-7-17 14:00:0033.5 20.8 33.6 33 - 0 48 47 237 4.1 223 2.5 192 1.4 188 1.5 234 5.7 - - 0 0 0 0 0 0 - -
2014-7-17 13:00:0033.2 21.8 33.2 32.2 - 0 51 51 161 2.1 183 3.1 220 0.9 224 1.5 218 6.3 - - 0 0 0 0 0 0 - -
2014-7-17 12:00:0032.4 22.3 32.5 31.4 - 0 55 54 218 3.6 231 3 222 0.7 225 1.6 229 5.6 - - 0 0 0 0 0 0 - -
2014-7-17 11:00:0031.4 22.5 31.6 30.6 - 0 59 57 274 2.8 245 1.8 238 1.1 227 1.7 229 5.8 - - 0 0 0 0 0 0 - -
2014-7-17 10:00:0030.6 22.1 30.6 30.3 - 0 60 60 195 2.3 226 3.1 218 0.7 217 1.8 220 5.4 - - 0 0 0 0 0 0 - -
2014-7-17 9:00:0030.3 22.2 30.3 28.7 - 0 62 62 254 3.4 218 3.2 216 1.7 211 1.7 234 5.9 - - 0 0 0 0 0 0 - -
2014-7-17 8:00:0028.7 22.6 28.7 27.5 - 0 70 70 209 3.9 204 2.8 200 0.9 200 0.9 209 4.7 - - 0 0 0 0 0 0 - -
2014-7-17 7:00:0027.5 22.8 27.5 26.7 - 0 75 75 187 1.8 191 2.2 195 0.6 194 0.9 220 5.1 - - 0 0 0 0 0 0 - -
2014-7-17 6:00:0026.7 23.2 26.7 26.4 - 0 81 81 203 3.4 207 2.5 201 0.4 174 0.9 206 4.3 - - 0 0 0 0 0 0 - -
2014-7-17 5:00:0026.5 23.3 26.7 26.5 - 0 83 82 170 1.4 175 2.3 172 0.6 180 1.9 164 5.5 - - 0 0 0 0 0 0 - -
2014-7-17 4:00:0026.7 23.6 26.8 26.6 - 0 83 83 178 3.6 179 3.8 178 1.8 180 1.8 187 5.4 - - 0 0 0 0 0 0 - -
2014-7-17 3:00:0026.6 24.2 26.8 26.6 - 0 87 86 198 1.1 187 1.7 172 0.5 171 1.5 173 5.6 - - 0 0 0 0 0 0 - -
2014-7-17 2:00:0026.8 24.3 26.8 26.6 - 0 86 85 164 2.9 160 3.5 161 1.3 163 1.3 175 5.7 - - 0 0 0 0 0 0 - -
2014-7-17 1:00:0026.6 23.9 26.6 26.3 - 0 85 82 144 0 142 0 136 0 136 0 144 0 - - 0 0 0 0 0 0 - -
2014-7-17 00:00:0026.4 23 26.4 26.3 - 0 82 81 83 0 0 0 0 0 0 0 83 0 - - 0 0 0 0 0 0 - -
2014-7-16 23:00:0026.4 23 26.5 26.3 - 0 82 81 111 0 0 0 0 0 0 0 111 0 - - 0 0 0 0 0 0 - -
2014-7-16 22:00:0026.5 23 26.5 26.2 - 0 81 78 128 0 0 0 0 0 0 0 128 0 - - 0 0 0 0 0 0 - -
2014-7-16 21:00:0026.3 22.5 26.9 26.3 - 0 79 78 43 0 0 0 0 0 0 0 344 0.4 - - 0 0 0 0 0 0 - -
2014-7-16 20:00:0026.9 22.7 27.5 26.9 - 0 78 74 327 0 0 0 0 0 0 0 327 0 - - 0 0 0 0 0 0 - -
2014-7-16 19:00:0027.6 22.5 28.3 27.6 - 0 74 69 350 0 0 0 0 0 0 0 282 2 - - 0 0 0 0 0 0 - -
2014-7-16 18:00:0028.2 22.2 29.5 28.2 - 0 70 62 232 0 248 0.7 0 0 306 0.9 293 4.1 - - 0 0 0 0 0 0 - -
2014-7-16 17:00:0029.4 21.5 30 29.3 - 0 62 57 254 2.4 241 1.5 229 0.2 207 0.8 240 3.1 - - 0 0 0 0 0 0 - -
2014-7-16 16:00:0030 21.3 30 29.2 - 0.1 59 59 285 1.3 244 0.9 226 0.4 294 0.6 263 4 - - 0 0 0 0 0 0 - -
2014-7-16 15:00:0029.4 22 30.4 29.4 - 0 64 58 293 2.1 308 2.3 297 0.3 283 1.1 274 4.7 - - 0 0 0 0 0 0 - -
2014-7-16 14:00:0030.4 21.1 31.2 30.4 - 0 58 50 282 2.9 284 2.3 285 0.8 254 1.5 254 5.5 - - 0 0 0 0 0 0 - -
2014-7-16 13:00:0031 20.2 31.3 30.8 - 0 53 52 248 2.6 243 2.4 260 1.2 237 1.9 240 6.1 - - 0 0 0 0 0 0 - -
2014-7-16 12:00:0030.8 21.1 30.9 29.7 - 0 56 56 248 2.5 248 2.7 231 1.3 231 1.3 212 5.4 - - 0 0 0 0 0 0 - -
2014-7-16 11:00:0029.7 23.1 29.7 28.3 - 0 68 68 218 3.4 210 2.4 202 0.9 225 1.8 212 5.3 - - 0 0 0 0 0 0 - -
2014-7-16 10:00:0028.3 23.3 28.3 25.6 - 0 74 74 198 5.3 230 3.3 227 1.7 208 1.9 223 5.6 - - 0 0 0 0 0 0 - -
2014-7-16 9:00:0025.5 23.8 25.5 24.8 - 2.2 90 90 147 2 165 1.9 173 0.8 147 1.1 164 4.4 - - 0 0 0 0 0 0 - -
2014-7-16 8:00:0024.9 23.6 25 24.5 - 2.3 93 93 305 0 261 0.3 0 0 0 0 232 1.7 - - 0 0 0 0 0 0 - -
2014-7-16 7:00:0024.5 23.3 24.5 24.3 - 1 93 93 173 0 0 0 0 0 0 0 150 2.9 - - 0 0 0 0 0 0 - -
2014-7-16 6:00:0024.3 23.1 24.3 24.1 - 0.2 93 93 232 0 0 0 0 0 0 0 203 3.2 - - 0 0 0 0 0 0 - -
2014-7-16 5:00:0024.1 22.9 24.1 24.1 - 0.1 93 93 150 0 0 0 0 0 0 0 150 0 - - 0 0 0 0 0 0 - -
2014-7-16 4:00:0024.1 22.9 24.1 23.9 - 0 93 93 125 0 0 0 0 0 0 0 254 2.6 - - 0 0 0 0 0 0 - -
2014-7-16 3:00:0023.9 22.6 23.9 23.8 - 0 93 92 209 0 227 0.8 0 0 0 0 220 2.3 - - 0 0 0 0 0 0 - -
2014-7-16 2:00:0023.8 22.5 23.8 23.7 - 0 92 92 184 0 0 0 0 0 0 0 234 2.5 - - 0 0 0 0 0 0 - -
2014-7-16 1:00:0023.7 22.4 23.8 23.7 - 0 92 92 198 0 0 0 0 0 0 0 215 2.8 - - 0 0 0 0 0 0 - -
2014-7-16 00:00:0023.7 22.3 23.7 23.7 - 0 92 91 164 0 0 0 202 0.9 214 1.1 203 2.3 - - 0 0 0 0 0 0 - -
2014-7-15 23:00:0023.7 22.2 23.7 23.6 - 0 91 91 198 0 0 0 175 1 179 1 189 2.2 - - 0 0 0 0 0 0 - -
2014-7-15 22:00:0023.6 22.1 23.6 23.5 - 0 91 91 187 1.4 182 0.3 179 1 179 1 178 1.6 - - 0 0 0 0 0 0 - -
2014-7-15 21:00:0023.6 22 23.7 23.6 - 0 91 90 150 0 0 0 139 1 139 1 178 1.7 - - 0 0 0 0 0 0 - -
2014-7-15 20:00:0023.7 21.9 23.7 23.7 - 0 90 90 153 0 0 0 152 1 152 1 173 2.6 - - 0 0 0 0 0 0 - -
2014-7-15 19:00:0023.7 21.9 23.8 23.7 - 0 90 89 150 0 172 1.5 170 1 170 1 158 2.9 - - 0 0 0 0 0 0 - -
2014-7-15 18:00:0023.7 22 23.8 23.5 - 0 90 90 212 0 0 0 208 0.8 207 1 237 2.9 - - 0 0 0 0 0 0 - -
2014-7-15 17:00:0023.5 21.9 23.5 23.2 - 0 91 90 218 0 0 0 197 0.7 165 2 158 3.5 - - 0 0 0 0 0 0 - -
2014-7-15 16:00:0023.2 21.6 23.4 23 - 0.2 91 91 181 2.6 165 2.8 166 2 168 2.2 170 4.6 - - 0 0 0 0 0 0 - -
2014-7-15 15:00:0023.1 21.7 23.1 22.8 - 1.7 92 92 153 0 0 0 176 0.8 164 1.2 167 4 - - 0 0 0 0 0 0 - -
2014-7-15 14:00:0022.8 21.5 22.8 22.6 - 1.5 92 92 167 2.5 164 2.3 164 1.1 173 1.6 150 4.3 - - 0 0 0 0 0 0 - -
2014-7-15 13:00:0022.6 21.1 22.7 22.1 - 1.7 92 91 142 0 0 0 142 0.9 100 2 119 3.2 - - 0 0 0 0 0 0 - -
2014-7-15 12:00:0022.1 20.5 22.4 22.1 - 4.9 91 87 108 2 110 2.3 103 1.8 103 3.5 80 4.4 - - 0 0 0 0 0 0 - -
2014-7-15 11:00:0022.4 20.1 22.4 21.9 - 0.3 87 87 99 3.5 109 3.5 102 3.6 102 3.6 85 6.1 - - 0 0 0 0 0 0 - -
2014-7-15 10:00:0022.1 20.8 22.1 21.1 - 4.2 92 92 108 2.9 121 3 127 2.2 127 2.2 128 3.8 - - 0 0 0 0 0 0 - -
2014-7-15 9:00:0021.4 20.3 24.4 21.4 - 12 93 92 54 2 44 2.3 26 1.7 307 3.3 350 6.5 - - 0 0 0 0 0 0 - -
2014-7-15 8:00:0024.4 23.2 24.9 24.4 - 10.8 93 90 336 2.9 306 3.4 314 3.1 314 3.1 310 5.4 - - 0 0 0 0 0 0 - -
2014-7-15 7:00:0024.9 23.2 25.3 24.9 - 6.3 90 87 308 0 0 0 343 1.6 116 2.4 119 4 - - 0 0 0 0 0 0 - -
2014-7-15 6:00:0025.3 22.9 25.3 25.2 - 0 87 86 108 2.4 115 1.1 117 2.4 123 2.7 108 4.5 - - 0 0 0 0 0 0 - -
2014-7-15 5:00:0025.2 22.7 25.2 25.2 - 0 86 85 116 0 0 0 97 1.8 97 1.8 116 0 - - 0 0 0 0 0 0 - -
2014-7-15 4:00:0025.2 22.5 25.3 25.2 - 0 85 84 122 0 0 0 119 1.8 125 1.8 116 2.8 - - 0 0 0 0 0 0 - -
2014-7-15 3:00:0025.2 22.4 25.4 25.2 - 0 84 83 77 0 92 0.3 96 1.8 96 1.8 94 2.6 - - 0 0 0 0 0 0 - -
2014-7-15 2:00:0025.3 22.3 25.5 25.3 - 0 83 81 142 0 0 0 135 1.8 163 1.9 161 3.2 - - 0 0 0 0 0 0 - -
2014-7-15 1:00:0025.5 22 25.7 25.5 - 0 81 77 173 2.6 164 1.8 164 1.6 179 3.4 195 4.3 - - 0 0 0 0 0 0 - -
2014-7-15 00:00:0025.7 21.4 25.8 25.6 - 0 77 77 187 3.5 176 3.4 179 1.7 178 1.7 164 5.7 - - 0 0 0 0 0 0 - -
2014-7-14 23:00:0025.8 21.3 26.2 25.8 - 0 77 72 181 3.6 162 3 166 1.4 167 2 156 5.7 - - 0 0 0 0 0 0 - -
2014-7-14 22:00:0026.2 20.7 26.7 26.2 - 0 72 69 184 2.9 183 3.2 178 1.7 178 2.8 198 6.7 - - 0 0 0 0 0 0 - -
2014-7-14 21:00:0026.7 20.8 27.7 26.7 - 0 70 69 164 5.3 178 4.4 183 2.3 172 2.4 175 6.5 - - 0 0 0 0 0 0 - -
2014-7-14 20:00:0027.7 21.6 28.5 27.7 - 0 69 66 178 4.3 175 3.2 180 1.4 182 1.9 167 5.3 - - 0 0 0 0 0 0 - -
2014-7-14 19:00:0028.5 21.5 29.5 28.5 - 0 66 62 187 2.5 180 2.4 172 1 144 2.3 144 5.1 - - 0 0 0 0 0 0 - -
2014-7-14 18:00:0029.6 21.6 30.7 29.6 - 0 62 52 150 4.4 143 4 156 1.8 156 1.8 147 5 - - 0 0 0 0 0 0 - -
2014-7-14 17:00:0030.7 19.8 30.8 30.3 - 0 52 51 215 1.5 251 1.8 230 0.3 220 1 198 4.1 - - 0 0 0 0 0 0 - -
2014-7-14 16:00:0030.4 20.4 31.3 30.4 - 0 55 50 203 2.3 203 2.1 223 0.7 222 1.2 226 4.8 - - 0 0 0 0 0 0 - -
2014-7-14 15:00:0031.4 19.8 31.9 31.3 - 0 50 47 240 1.3 221 1.9 229 0.3 189 0.4 173 4.1 - - 0 0 0 0 0 0 - -
2014-7-14 14:00:0031.4 19.1 31.4 30.7 - 0 48 48 198 0 0 0 0 0 226 1.4 128 5.2 - - 0 0 0 0 0 0 - -
2014-7-14 13:00:0030.7 19 31.1 30.6 - 0 50 49 209 3.9 169 1.1 211 1 211 1 198 4.3 - - 0 0 0 0 0 0 - -
2014-7-14 12:00:0030.5 20.1 30.8 30 - 0 54 49 240 1.4 192 0.8 0 0 208 0.6 150 5.5 - - 0 0 0 0 0 0 - -
2014-7-14 11:00:0030.1 19.4 30.4 28.8 - 0 53 52 251 1.4 242 2.3 197 0.4 197 0.4 226 3.5 - - 0 0 0 0 0 0 - -
2014-7-14 10:00:0029 20.3 29.3 27.4 - 0 59 57 142 0 188 0.5 0 0 0 0 156 3.1 - - 0 0 0 0 0 0 - -
2014-7-14 9:00:0027.4 20.2 27.4 26.8 - 0 65 65 136 0 101 0.8 0 0 0 0 83 2.4 - - 0 0 0 0 0 0 - -
2014-7-14 8:00:0026.7 21.8 26.7 24.9 - 0 74 74 220 0 194 0.4 0 0 0 0 164 2.1 - - 0 0 0 0 0 0 - -
2014-7-14 7:00:0024.9 22.3 24.9 23.7 - 0 86 86 153 0 0 0 0 0 0 0 164 1.7 - - 0 0 0 0 0 0 - -
2014-7-14 6:00:0023.7 22.2 23.7 23.5 - 0 91 91 153 0 0 0 0 0 0 0 198 2.3 - - 0 0 0 0 0 0 - -
2014-7-14 5:00:0023.5 22 23.5 23.2 - 0 91 90 248 0 0 0 0 0 0 0 248 0 - - 0 0 0 0 0 0 - -
2014-7-14 4:00:0023.5 21.9 23.8 23.5 - 0 90 90 150 0 0 0 0 0 0 0 150 0 - - 0 0 0 0 0 0 - -
2014-7-14 3:00:0023.8 22 23.8 23.7 - 0 90 89 142 0 0 0 0 0 0 0 184 1.9 - - 0 0 0 0 0 0 - -
2014-7-14 2:00:0023.8 21.9 24 23.8 - 0 89 87 189 1.1 183 1.4 0 0 0 0 161 2.2 - - 0 0 0 0 0 0 - -
2014-7-14 1:00:0023.9 21.6 24.1 23.9 - 0 87 85 150 0 148 0 154 0 154 0 150 0 - - 0 0 0 0 0 0 - -
2014-7-14 00:00:0024.1 21.4 24.1 24 - 0 85 85 243 0 0 0 0 0 0 0 198 2.1 - - 0 0 0 0 0 0 - -
2014-7-13 23:00:0024.1 21.5 24.2 24.1 - 0 85 83 248 0 0 0 0 0 220 0.1 206 3.1 - - 0 0 0 0 0 0 - -
2014-7-13 22:00:0024.2 21.2 24.4 24.2 - 0 83 82 232 0 0 0 191 0.2 224 0.8 164 3.9 - - 0 0 0 0 0 0 - -
2014-7-13 21:00:0024.4 21.4 24.7 24.4 - 0 83 83 293 1.4 242 1.5 217 0.9 198 1.6 220 5.5 - - 0 0 0 0 0 0 - -
2014-7-13 20:00:0024.7 22 25.5 24.7 - 0 85 81 265 2.4 255 2.3 249 1 224 1.6 254 5.5 - - 0 0 0 0 0 0 - -
2014-7-13 19:00:0025.5 22 26.2 25.5 - 0 81 74 189 2.3 175 3.2 176 1.3 177 1.6 181 4.1 - - 0 0 0 0 0 0 - -
2014-7-13 18:00:0026.2 21.1 26.4 26.1 - 0 74 72 119 1.8 129 2 137 1.3 135 1.5 150 3.6 - - 0 0 0 0 0 0 - -
2014-7-13 17:00:0026.5 21.1 27 26.5 - 0 72 66 113 1.8 124 2.2 118 0.3 114 0.8 139 2.9 - - 0 0 0 0 0 0 - -
2014-7-13 16:00:0027 20.2 27.2 26.9 - 0 66 64 116 0 0 0 145 0.4 97 0.7 116 3.6 - - 0 0 0 0 0 0 - -
2014-7-13 15:00:0027.2 19.9 27.4 26.6 - 0 64 64 77 1.7 81 1.6 103 0.4 27 1 26 3.7 - - 0 0 0 0 0 0 - -
2014-7-13 14:00:0026.6 20.6 26.6 26 - 0 70 69 63 1.6 41 0.3 0 0 5 0.7 32 4 - - 0 0 0 0 0 0 - -
2014-7-13 13:00:0026 21 26 25.2 - 0 74 71 333 1.1 347 0.9 4 0.9 41 2 7 3.7 - - 0 0 0 0 0 0 - -
2014-7-13 12:00:0025.2 20.8 25.5 24.4 - 0 76 76 43 2 30 1 12 1.1 15 1.5 333 3.7 - - 0 0 0 0 0 0 - -
2014-7-13 11:00:0024.5 22 24.5 23.5 - 0 86 86 322 0 0 0 17 0.9 329 1.3 338 3.1 - - 0 0 0 0 0 0 - -
2014-7-13 10:00:0023.4 21.5 23.6 23.3 - 0 89 89 15 0 0 0 354 1.3 340 1.3 353 3.4 - - 0 0 0 0 0 0 - -
2014-7-13 9:00:0023.5 21.8 23.6 23.2 - 0 90 90 330 1.6 336 1.1 337 0.5 338 1.7 333 4 - - 0 0 0 0 0 0 - -
2014-7-13 8:00:0023.2 21.7 23.2 23 - 0.3 91 91 355 2.5 341 2.1 354 0.6 337 1.4 316 4.1 - - 0 0 0 0 0 0 - -
2014-7-13 7:00:0023.1 21.8 23.1 22.8 - 0.3 92 92 296 0 0 0 328 0.5 310 0.8 322 4 - - 0 0 0 0 0 0 - -
2014-7-13 6:00:0022.9 21.5 23.2 22.8 - 1.1 92 90 296 1.1 298 1.5 0 0 327 0.7 310 4.9 - - 0 0 0 0 0 0 - -
2014-7-13 5:00:0023.2 21.5 24.3 23.2 - 0.7 90 89 330 0 314 1.5 324 0.5 334 2.3 310 8.2 - - 0 0 0 0 0 0 - -
2014-7-13 4:00:0024.3 22.5 25.3 24.3 - 0 90 90 32 1.8 332 2.8 335 2.3 326 3.1 347 8 - - 0 0 0 0 0 0 - -
2014-7-13 3:00:0025.1 23.7 25.1 25 - 0 92 92 336 1.4 276 2 284 0.8 255 1.2 248 4.1 - - 0 0 0 0 0 0 - -
2014-7-13 2:00:0025 23.7 25 24.6 - 0 93 93 254 3.8 247 1 254 1.1 253 1.7 234 4.6 - - 0 0 0 0 0 0 - -
2014-7-13 1:00:0024.6 23.5 24.6 24.4 - 0 93 93 282 1.3 252 1.3 254 0.6 258 1.2 254 4.5 - - 0 0 0 0 0 0 - -
2014-7-13 00:00:0024.4 23.3 24.4 24.2 - 0.1 93 93 274 0 251 1.1 253 0.8 252 1.1 263 3.9 - - 0 0 0 0 0 0 - -
2014-7-12 23:00:0024.2 23.1 24.2 24 - 1.4 94 94 223 0 0 0 220 0.6 197 1 189 4.4 - - 0 0 0 0 0 0 - -
2014-7-12 22:00:0024.2 23.1 24.3 23.9 - 2.5 94 94 164 2.8 185 2.6 177 0.9 129 1.9 170 4.5 - - 0 0 0 0 0 0 - -
2014-7-12 21:00:0024 22.9 24.2 23.8 - 26.5 94 90 122 3.9 137 3 129 1.9 133 3.5 344 7 - - 0 0 0 0 0 0 - -
2014-7-12 20:00:0024.2 22.4 25.3 24.2 - 17.8 90 85 350 0 110 0.7 0 0 97 1.7 102 5.2 - - 0 0 0 0 0 0 - -
2014-7-12 19:00:0025.3 23.3 25.4 24.9 - 0 89 88 71 2.5 88 2.5 86 0.8 70 2.2 66 5.5 - - 0 0 0 0 0 0 - -
2014-7-12 18:00:0024.9 23 25 24.4 - 0.9 89 89 83 3.7 68 3.1 93 1.4 74 2 60 5.3 - - 0 0 0 0 0 0 - -
2014-7-12 17:00:0024.5 22.5 26.3 24.5 - 11.2 89 80 77 3.3 106 3.3 110 1.4 95 2.3 119 6.1 - - 0 0 0 0 0 0 - -
2014-7-12 16:00:0026.2 22.5 27.2 25.9 - 0.3 80 68 85 2.3 82 2.6 85 1.7 72 4.2 54 9 - - 0 0 0 0 0 0 - -
2014-7-12 15:00:0027.3 21.3 29.4 27.3 - 0 70 64 54 4.1 57 5.5 54 4.1 50 4.9 60 9 - - 0 0 0 0 0 0 - -
2014-7-12 14:00:0029.4 22 34.9 29.4 - 0 64 50 43 5.5 48 5.5 50 4.9 49 5 26 10.1 - - 0 0 0 0 0 0 - -
2014-7-12 13:00:0034.8 23.6 35 34.3 - 0 52 50 313 2.8 269 2.2 0 0 280 1.1 285 5.6 - - 0 0 0 0 0 0 - -
2014-7-12 12:00:0034.5 23.6 34.6 34.1 - 0 53 49 316 2 326 2.6 315 0.5 290 1 263 4.9 - - 0 0 0 0 0 0 - -
2014-7-12 11:00:0034.1 22.9 34.1 32.9 - 0 52 50 282 1.4 271 2 278 0.8 280 1 274 4.5 - - 0 0 0 0 0 0 - -
2014-7-12 10:00:0032.9 23.7 32.9 31.9 - 0 58 58 246 3.1 276 1.7 271 0.6 269 0.7 279 4.6 - - 0 0 0 0 0 0 - -
2014-7-12 9:00:0031.8 25.3 31.8 30.4 - 0 68 68 338 2.5 315 1.1 0 0 0 0 319 3.8 - - 0 0 0 0 0 0 - -
2014-7-12 8:00:0030.5 25.2 30.5 28.4 - 0 73 73 319 0 0 0 0 0 0 0 319 0 - - 0 0 0 0 0 0 - -
2014-7-12 7:00:0028.4 25.4 28.4 27.7 - 0 84 84 296 0 0 0 0 0 0 0 260 2.3 - - 0 0 0 0 0 0 - -
2014-7-12 6:00:0027.7 25.8 27.7 27.5 - 0 89 88 260 0 0 0 0 0 0 0 260 0 - - 0 0 0 0 0 0 - -
2014-7-12 5:00:0027.6 25.3 27.7 27.5 - 0 88 86 18 0 0 0 0 0 0 0 18 0 - - 0 0 0 0 0 0 - -
2014-7-12 4:00:0027.7 25.1 27.9 27.7 - 0 86 85 198 0 0 0 0 0 0 0 240 1.6 - - 0 0 0 0 0 0 - -
2014-7-12 3:00:0027.7 25 27.8 27.7 - 0 85 84 243 0 0 0 0 0 0 0 246 1.3 - - 0 0 0 0 0 0 - -
2014-7-12 2:00:0027.8 24.9 27.9 27.7 - 0 84 82 229 0 0 0 0 0 0 0 212 1.9 - - 0 0 0 0 0 0 - -
2014-7-12 1:00:0027.9 24.6 28 27.7 - 0 82 81 243 1.4 227 0.8 0 0 214 0.2 232 3.8 - - 0 0 0 0 0 0 - -
2014-7-12 00:00:0027.7 24.3 27.7 27.4 - 0 81 81 173 0 0 0 0 0 0 0 150 2.5 - - 0 0 0 0 0 0 - -
2014-7-11 23:00:0027.4 23.9 27.4 27.3 - 0 81 81 156 0 0 0 0 0 0 0 153 2.6 - - 0 0 0 0 0 0 - -
2014-7-11 22:00:0027.3 23.8 28 27.2 - 0.1 81 74 113 0 0 0 0 0 0 0 130 2.9 - - 0 0 0 0 0 0 - -
2014-7-11 21:00:0028 22.9 30.3 28 - 0 74 67 248 2 229 1.6 0 0 215 2 223 9.3 - - 0 0 0 0 0 0 - -
2014-7-11 20:00:0030.4 24.7 31 30.4 - 0 72 70 150 2.4 148 2.2 0 0 0 0 175 4.6 - - 0 0 0 0 0 0 - -
2014-7-11 19:00:0031 25.1 31.6 31 - 0 71 68 147 1.6 139 2.2 0 0 0 0 119 3.4 - - 0 0 0 0 0 0 - -
2014-7-11 18:00:0031.6 25.1 31.7 31.5 - 0 68 68 128 2 117 2 0 0 0 0 128 4.2 - - 0 0 0 0 0 0 - -
2014-7-11 17:00:0031.6 25 31.6 31 - 0 68 68 99 1.6 115 1.4 0 0 91 0.1 113 4.6 - - 0 0 0 0 0 0 - -
2014-7-11 16:00:0031 24.8 31 30.6 - 0 70 70 119 3.2 92 3.1 0 0 125 1.2 83 5.3 - - 0 0 0 0 0 0 - -
2014-7-11 15:00:0030.6 25.1 31.3 30.6 - 0 72 68 116 2.7 124 3.1 126 1.4 125 1.7 119 8.2 - - 0 0 0 0 0 0 - -
2014-7-11 14:00:0030.5 25.3 30.5 28.9 - 0 74 73 83 3.2 108 3.6 0 0 98 0.7 130 5.7 - - 0 0 0 0 0 0 - -
2014-7-11 13:00:0028.8 25.9 28.8 26.8 - 3.3 84 84 99 4.1 91 3 82 0.6 79 0.8 91 6.3 - - 0 0 0 0 0 0 - -
2014-7-11 12:00:0027.3 25 32.3 27.3 - 2.6 87 60 268 1.2 263 1.6 0 0 358 2.5 330 11.1 - - 0 0 0 0 0 0 - -
2014-7-11 11:00:0032.3 23.9 32.6 31.8 - 0 61 57 355 0 347 1.2 0 0 311 0.3 336 3.2 - - 0 0 0 0 0 0 - -
2014-7-11 10:00:0032.6 23.2 33 32.4 - 0 58 55 313 2 322 1.8 311 0.3 294 0.5 285 3.7 - - 0 0 0 0 0 0 - -
2014-7-11 9:00:0032.4 23.3 32.5 29.9 - 0 59 58 299 1.3 288 1.5 0 0 0 0 263 3.1 - - 0 0 0 0 0 0 - -
2014-7-11 8:00:0029.8 24.5 29.8 28.4 - 0 73 73 198 0 0 0 0 0 221 0.1 218 2.7 - - 0 0 0 0 0 0 - -
2014-7-11 7:00:0028.4 24.4 28.4 27.5 - 0 79 79 175 0 0 0 0 0 0 0 173 2.2 - - 0 0 0 0 0 0 - -
2014-7-11 6:00:0027.5 24.2 27.5 27.1 - 0 82 82 175 0 0 0 0 0 0 0 175 0 - - 0 0 0 0 0 0 - -
2014-7-11 5:00:0027.2 23.9 27.3 27.1 - 0 82 82 161 0 0 0 0 0 0 0 161 0 - - 0 0 0 0 0 0 - -
2014-7-11 4:00:0027.3 23.9 27.7 27.3 - 0 82 79 173 0 0 0 0 0 0 0 173 0 - - 0 0 0 0 0 0 - -
2014-7-11 3:00:0027.8 23.8 28 27.8 - 0 79 78 150 0 0 0 0 0 0 0 150 0 - - 0 0 0 0 0 0 - -
2014-7-11 2:00:0028 23.8 28.4 28 - 0 78 75 142 0 0 0 0 0 166 0.4 164 3 - - 0 0 0 0 0 0 - -
2014-7-11 1:00:0028.4 23.6 28.4 28.2 - 0 76 75 173 1.4 0 0 0 0 164 0.3 173 2.8 - - 0 0 0 0 0 0 - -
2014-7-11 00:00:0028.4 24.6 28.6 28.4 - 0 79 78 119 0 0 0 0 0 0 0 119 0 - - 0 0 0 0 0 0 - -
2014-7-10 23:00:0028.6 24.6 29 28.6 - 0 79 77 187 0 0 0 0 0 0 0 187 0 - - 0 0 0 0 0 0 - -
2014-7-10 22:00:0029 24.6 29.6 29 - 0 77 73 97 0 0 0 0 0 93 0.2 128 2.6 - - 0 0 0 0 0 0 - -
2014-7-10 21:00:0029.6 24.1 30.3 29.6 - 0 72 67 119 1.3 111 1.3 0 0 69 1.1 80 3.4 - - 0 0 0 0 0 0 - -
2014-7-10 20:00:0030.3 23.5 30.7 30.3 - 0 67 63 88 2 65 2.5 65 0.7 117 1 66 3.1 - - 0 0 0 0 0 0 - -
2014-7-10 19:00:0030.7 23 32.5 30.7 - 0 63 54 97 1.3 116 1.9 115 1 119 2.1 85 5.4 - - 0 0 0 0 0 0 - -
2014-7-10 18:00:0032.4 22.1 33.6 32.4 - 0 55 49 130 1.5 101 1.8 92 0.8 82 1.4 88 4.3 - - 0 0 0 0 0 0 - -
2014-7-10 17:00:0033.6 21.8 34.3 33.4 - 0 50 44 23 1.6 26 1.9 0 0 36 1.4 322 4.7 - - 0 0 0 0 0 0 - -
2014-7-10 16:00:0034.2 20.2 34.8 34.2 - 0 44 40 29 2 25 2.5 3 1 345 1.7 330 5.3 - - 0 0 0 0 0 0 - -
2014-7-10 15:00:0034.3 20.8 35.3 34.3 - 0 45 40 293 3.4 305 2.5 302 0.6 326 1.4 344 5.2 - - 0 0 0 0 0 0 - -
2014-7-10 14:00:0034.6 20.5 34.6 33.5 - 0 44 43 288 2.4 306 2.9 303 1.1 329 1.3 336 5.8 - - 0 0 0 0 0 0 - -
2014-7-10 13:00:0033.4 22.8 33.6 32.7 - 0 54 51 308 1.5 294 2.2 293 1 325 1.6 330 4.8 - - 0 0 0 0 0 0 - -
2014-7-10 12:00:0033.1 22.1 33.1 32.6 - 0 53 50 313 1.9 285 2.1 306 1.1 307 1.2 324 4.4 - - 0 0 0 0 0 0 - -
2014-7-10 11:00:0032.8 21.7 32.8 31.1 - 0 52 52 299 0 0 0 0 0 305 0.3 293 4.7 - - 0 0 0 0 0 0 - -
2014-7-10 10:00:0031.1 22.5 31.2 29.8 - 0 60 60 344 0 329 0.6 0 0 304 0.2 7 3.7 - - 0 0 0 0 0 0 - -
2014-7-10 9:00:0030.1 24 30.1 29.2 - 0 70 70 316 2 291 1.7 0 0 286 0.3 347 3.9 - - 0 0 0 0 0 0 - -
2014-7-10 8:00:0029 23.9 29 27.4 - 0 74 74 296 1.7 272 1.5 0 0 0 0 308 3.1 - - 0 0 0 0 0 0 - -
2014-7-10 7:00:0027.4 24.6 27.4 26 - 0 85 84 341 1 316 0.3 319 0 319 0 7 2.6 - - 0 0 0 0 0 0 - -
2014-7-10 6:00:0025.9 24.2 25.9 25.5 - 0 90 90 344 0 352 0 10 0 10 0 344 0 - - 0 0 0 0 0 0 - -
2014-7-10 5:00:0025.6 23.8 25.8 25.5 - 0 90 89 288 0 287 0 262 0 262 0 288 0 - - 0 0 0 0 0 0 - -
2014-7-10 4:00:0025.8 23.8 26 25.8 - 0 89 87 9 0 9 0 238 0 238 0 9 0 - - 0 0 0 0 0 0 - -
2014-7-10 3:00:0026 23.7 26.1 25.9 - 0 87 83 330 0 333 0 321 0 321 0 330 0 - - 0 0 0 0 0 0 - -
2014-7-10 2:00:0025.9 22.8 26.3 25.9 - 0 83 81 40 0 45 0 292 0 292 0 40 0 - - 0 0 0 0 0 0 - -
2014-7-10 1:00:0026.3 22.7 26.5 26.2 - 0 81 79 232 0 234 0 198 0 198 0 232 0 - - 0 0 0 0 0 0 - -
2014-7-10 00:00:0026.5 22.6 27 26.5 - 0 79 76 285 0 0 0 267 1.3 267 1.3 285 0 - - 0 0 0 0 0 0 - -
2014-7-9 23:00:0027 22.8 27.6 27 - 0 78 78 80 0 0 0 93 1.3 93 1.3 88 1.7 - - 0 0 0 0 0 0 - -
2014-7-9 22:00:0027.6 23.9 28 27.6 - 0 80 77 355 0 0 0 321 1.3 7 1.9 353 3.5 - - 0 0 0 0 0 0 - -
2014-7-9 21:00:0028 23.7 28.8 28 - 0 77 72 4 1.6 12 1.7 6 1.9 344 2.6 333 5.4 - - 0 0 0 0 0 0 - -
2014-7-9 20:00:0028.8 23.2 29.6 28.8 - 0 71 62 355 2 347 2.8 344 2.4 9 2.7 344 4.9 - - 0 0 0 0 0 0 - -
2014-7-9 19:00:0029.5 21.4 30.3 29.5 - 0 62 59 1 2 360 2.7 355 2.1 25 3.2 29 5.9 - - 0 0 0 0 0 0 - -
2014-7-9 18:00:0030.3 21.7 30.7 30.1 - 0 60 58 333 2 18 3.3 23 3 17 3.6 1 5.9 - - 0 0 0 0 0 0 - -
2014-7-9 17:00:0030.1 21.4 30.6 30.1 - 0 60 56 18 3.5 18 2.9 14 3.2 17 4.5 9 8.4 - - 0 0 0 0 0 0 - -
2014-7-9 16:00:0030.6 21.1 31.3 30.4 - 0 57 56 52 4.9 25 3.5 13 3.7 2 5.6 347 8.8 - - 0 0 0 0 0 0 - -
2014-7-9 15:00:0030.8 21.2 30.8 30 - 0 57 57 353 6.3 355 6.1 349 4.9 6 5 344 9 - - 0 0 0 0 0 0 - -
2014-7-9 14:00:0030 21.6 31 29.8 - 0 61 57 60 5.5 23 5 25 4.6 19 5.4 9 8.9 - - 0 0 0 0 0 0 - -
2014-7-9 13:00:0030.1 21.3 30.3 29.6 - 0 59 59 15 3.5 6 4.7 22 4.8 11 5.4 12 10.1 - - 0 0 0 0 0 0 - -
2014-7-9 12:00:0030.3 21.9 30.5 29.6 - 0 61 59 38 7.9 33 4.9 24 4.9 22 6 26 10.7 - - 0 0 0 0 0 0 - -
2014-7-9 11:00:0029.9 21.8 30.2 29.4 - 0 62 60 49 3.2 13 5.7 13 5.1 36 5.5 15 11.5 - - 0 0 0 0 0 0 - -
2014-7-9 10:00:0029.3 21.8 29.3 28.8 - 0 64 63 38 3.2 25 5.1 25 5.4 22 5.6 38 10.1 - - 0 0 0 0 0 0 - -
2014-7-9 9:00:0028.7 22.4 28.7 27.1 - 0 69 69 308 5.5 12 3.4 11 3.7 6 4.9 12 8.8 - - 0 0 0 0 0 0 - -
2014-7-9 8:00:0027.1 22.4 27.1 25.5 - 0 75 75 7 5.5 15 5.2 5 4.1 18 4.3 7 8.9 - - 0 0 0 0 0 0 - -
2014-7-9 7:00:0025.5 22.5 25.5 25 - 0 84 83 52 2.8 12 2.8 5 3.6 1 4.2 358 8.8 - - 0 0 0 0 0 0 - -
2014-7-9 6:00:0025 22.7 25 24.8 - 0 87 87 344 3.8 347 4.3 349 3.9 349 3.9 353 7.7 - - 0 0 0 0 0 0 - -
2014-7-9 5:00:0024.9 22.6 24.9 24.6 - 0 87 87 12 4.4 0 3.6 10 3.4 26 3.8 15 7.1 - - 0 0 0 0 0 0 - -
2014-7-9 4:00:0024.6 22.7 24.6 24.5 - 0 89 89 15 0.6 4 3 8 3.7 20 4.2 18 7.7 - - 0 0 0 0 0 0 - -
2014-7-9 3:00:0024.5 22.9 24.5 24.3 - 0 90 90 353 3.4 27 3.8 19 4.2 20 4.2 355 8.2 - - 0 0 0 0 0 0 - -
2014-7-9 2:00:0024.2 22.8 24.2 23.8 - 0 92 91 23 2.9 36 3.8 32 3.4 35 4.5 49 7.7 - - 0 0 0 0 0 0 - -
2014-7-9 1:00:0023.8 22.3 23.9 23.5 - 0 91 91 52 2.9 37 2.8 34 3.3 31 4 29 6.7 - - 0 0 0 0 0 0 - -
2014-7-9 00:00:0023.5 22 23.9 23.5 - 0 91 88 21 4.3 26 3.9 30 4.2 29 4.2 46 8 - - 0 0 0 0 0 0 - -
2014-7-8 23:00:0023.9 21.9 24.1 23.9 - 0 88 87 15 5.5 23 4.6 34 3.5 43 4.8 49 8.9 - - 0 0 0 0 0 0 - -
2014-7-8 22:00:0024.1 21.8 24.6 24.1 - 0 87 85 38 3.3 40 4 38 3.7 45 5.4 29 9.1 - - 0 0 0 0 0 0 - -
2014-7-8 21:00:0024.6 22 25.5 24.6 - 0 85 83 77 6.8 58 5.8 52 4.8 52 4.8 40 9.2 - - 0 0 0 0 0 0 - -
2014-7-8 20:00:0025.5 22.7 27.4 25.5 - 0 84 76 74 3.1 55 4.3 58 4.6 62 4.9 57 7.4 - - 0 0 0 0 0 0 - -
2014-7-8 19:00:0027.4 22.6 28.6 27.4 - 0 75 67 99 4.4 80 4 85 4.2 70 4.3 111 7.4 - - 0 0 0 0 0 0 - -
2014-7-8 18:00:0028.6 21.9 29.2 28.6 - 0 67 63 71 2 76 2.8 90 3.3 69 3.9 97 5.5 - - 0 0 0 0 0 0 - -
2014-7-8 17:00:0029.2 21.3 29.9 29 - 0 63 58 46 3.3 59 3.4 65 3.7 67 3.8 60 5.8 - - 0 0 0 0 0 0 - -
2014-7-8 16:00:0029.9 20.8 30.6 29.2 - 0 58 56 63 3 31 3.2 56 3.1 96 4.1 60 6.1 - - 0 0 0 0 0 0 - -
2014-7-8 15:00:0030.3 20.9 30.6 29.9 - 0 57 53 119 3.8 111 4.5 88 3.8 112 5 83 7.9 - - 0 0 0 0 0 0 - -
2014-7-8 14:00:0030.1 19.6 30.3 29 - 0 53 52 113 3.1 128 3.6 124 4.3 75 4.4 116 7.4 - - 0 0 0 0 0 0 - -
2014-7-8 13:00:0029.1 20.3 29.2 28 - 0 59 58 54 3.5 78 4.5 78 4.4 92 4.5 74 7.9 - - 0 0 0 0 0 0 - -
2014-7-8 12:00:0027.9 20.4 27.9 27.1 - 0 64 61 99 3.7 101 3.6 71 3.6 72 4.7 66 7.6 - - 0 0 0 0 0 0 - -
2014-7-8 11:00:0027.1 20.2 27.4 26.4 - 0 66 64 74 4 59 5 59 4.3 74 4.5 80 7.4 - - 0 0 0 0 0 0 - -
2014-7-8 10:00:0026.8 20.3 27.6 26.7 - 0 68 65 74 4.8 72 5.1 71 4.3 56 4.4 66 6.9 - - 0 0 0 0 0 0 - -
2014-7-8 9:00:0027.3 20.6 27.6 26.1 - 0 67 66 60 2.6 75 2.7 72 3.6 73 3.8 91 5.8 - - 0 0 0 0 0 0 - -
2014-7-8 8:00:0026 20.9 26 25.1 - 0 73 72 119 2.3 93 2.4 92 3.1 82 3.2 85 4.7 - - 0 0 0 0 0 0 - -
2014-7-8 7:00:0025.1 20.7 25.1 23.7 - 0 76 76 136 0 110 1.8 93 2.1 89 2.2 94 3.7 - - 0 0 0 0 0 0 - -
2014-7-8 6:00:0023.7 20.6 23.7 23 - 0 82 82 74 0 0 0 29 1.9 29 1.9 74 0 - - 0 0 0 0 0 0 - -
2014-7-8 5:00:0023 20.8 23.1 22.9 - 0 87 86 111 0 0 0 121 1.9 121 1.9 116 3.1 - - 0 0 0 0 0 0 - -
2014-7-8 4:00:0023.1 20.6 23.6 23.1 - 0 86 82 85 0 0 0 88 1.9 88 1.9 85 0 - - 0 0 0 0 0 0 - -
2014-7-8 3:00:0023.6 20.4 24 23.6 - 0 82 81 71 0 0 0 42 1.9 119 2.1 130 2.7 - - 0 0 0 0 0 0 - -
2014-7-8 2:00:0024 20.4 24 23.9 - 0 81 80 97 0 0 0 109 2.1 126 2.3 130 3.2 - - 0 0 0 0 0 0 - -
2014-7-8 1:00:0023.9 20.5 23.9 23.5 - 0 81 81 105 1.1 138 1.7 124 2.2 101 2.4 102 3.8 - - 0 0 0 0 0 0 - -
2014-7-8 00:00:0023.5 20.3 23.8 23.5 - 0 82 80 99 1.7 120 2.3 0 0 118 0.8 128 4.3 - - 0 0 0 0 0 0 - -
2014-7-7 23:00:0023.8 20.2 24.4 23.8 - 0 80 76 133 3.3 121 2.6 117 0.7 119 1.4 119 5.8 - - 0 0 0 0 0 0 - -
2014-7-7 22:00:0024.4 19.8 25.1 24.4 - 0 75 72 80 3.2 69 2.6 75 0.5 104 1.8 113 6.1 - - 0 0 0 0 0 0 - -
2014-7-7 21:00:0025.1 20.5 25.9 25.1 - 0 75 73 108 3.9 118 3.5 112 0.9 123 1.4 128 6.4 - - 0 0 0 0 0 0 - -
2014-7-7 20:00:0026 20.9 26.9 26 - 0 74 71 85 3.4 94 3.3 106 0.9 121 1.8 133 5.8 - - 0 0 0 0 0 0 - -
2014-7-7 19:00:0026.9 21.1 27.9 26.9 - 0 71 63 125 4 121 3.3 122 1.1 123 1.1 125 5 - - 0 0 0 0 0 0 - -
2014-7-7 18:00:0027.9 20.3 28.5 27.9 - 0 63 59 83 2.8 84 2.3 85 0.2 64 0.6 77 4.6 - - 0 0 0 0 0 0 - -
2014-7-7 17:00:0028.5 19.7 28.8 28.2 - 0 59 57 40 2.8 52 2.1 48 0.1 11 0.3 7 4.6 - - 0 0 0 0 0 0 - -
2014-7-7 16:00:0028.7 19.6 29.6 28.4 - 0 58 55 88 2.4 70 1.8 0 0 79 0.8 52 4.9 - - 0 0 0 0 0 0 - -
2014-7-7 15:00:0029.6 19.6 29.8 29.2 - 0 55 54 71 3.2 80 2.9 81 0.8 81 1.2 26 6.8 - - 0 0 0 0 0 0 - -
2014-7-7 14:00:0029.6 19.7 29.9 28.9 - 0 55 54 9 0 356 1.2 0 0 357 0.2 353 4.7 - - 0 0 0 0 0 0 - -
2014-7-7 13:00:0028.8 19.7 29.5 28.1 - 0 58 54 347 2.8 345 0.5 0 0 330 0.6 299 4.9 - - 0 0 0 0 0 0 - -
2014-7-7 12:00:0028.2 18.8 28.5 27.2 - 0 57 56 209 0 212 1.1 0 0 0 0 4 4.1 - - 0 0 0 0 0 0 - -
2014-7-7 11:00:0027.4 18.5 27.6 26.3 - 0 58 58 99 2.7 82 1.9 0 0 0 0 38 5 - - 0 0 0 0 0 0 - -
2014-7-7 10:00:0026.5 18.8 26.6 25.9 - 0 63 62 288 2.6 350 1.9 0 0 0 0 18 3.6 - - 0 0 0 0 0 0 - -
2014-7-7 9:00:0026.4 19.4 26.4 24.6 - 0 66 65 29 3.4 45 2.8 0 0 0 0 49 3.7 - - 0 0 0 0 0 0 - -
2014-7-7 8:00:0024.6 20.6 24.6 23.5 - 0 79 78 319 0 1 1.4 0 0 0 0 52 3.5 - - 0 0 0 0 0 0 - -
2014-7-7 7:00:0023.5 20.3 23.5 22.9 - 0 82 82 68 0 0 0 0 0 0 0 358 2.9 - - 0 0 0 0 0 0 - -
2014-7-7 6:00:0022.9 21.1 22.9 22 - 0 90 90 310 0 0 0 0 0 0 0 310 0 - - 0 0 0 0 0 0 - -
2014-7-7 5:00:0022 20.3 22 21.8 - 0 90 88 257 0 0 0 0 0 0 0 257 0 - - 0 0 0 0 0 0 - -
2014-7-7 4:00:0021.9 19.9 22.5 21.8 - 0 88 86 119 0 0 0 0 0 0 0 119 0 - - 0 0 0 0 0 0 - -
2014-7-7 3:00:0022.5 20.1 22.6 22.5 - 0 86 86 4 0 0 0 0 0 0 0 353 2.9 - - 0 0 0 0 0 0 - -
2014-7-7 2:00:0022.6 20.3 22.9 22.6 - 0 87 86 353 0 0 0 0 0 0 0 353 2.3 - - 0 0 0 0 0 0 - -
2014-7-7 1:00:0022.9 20.4 23.4 22.9 - 0 86 84 29 0 345 0 348 0 348 0 29 0 - - 0 0 0 0 0 0 - -
2014-7-7 00:00:0023.4 20.6 23.9 23.4 - 0 84 82 271 0 0 0 0 0 0 0 271 0 - - 0 0 0 0 0 0 - -
2014-7-6 23:00:0023.9 20.6 24.3 23.9 - 0 82 78 313 0 0 0 0 0 0 0 313 0 - - 0 0 0 0 0 0 - -
2014-7-6 22:00:0024.3 20.2 24.8 24.3 - 0 78 76 291 0 0 0 0 0 0 0 291 0 - - 0 0 0 0 0 0 - -
2014-7-6 21:00:0024.8 20.2 25.2 24.7 - 0 76 73 274 0 0 0 0 0 0 0 274 0 - - 0 0 0 0 0 0 - -
2014-7-6 20:00:0025.2 20.1 26.1 25.2 - 0 73 70 308 0 0 0 0 0 0 0 316 2.1 - - 0 0 0 0 0 0 - -
2014-7-6 19:00:0026.1 20.2 26.9 26.1 - 0 70 64 293 0 0 0 0 0 320 0.9 277 4 - - 0 0 0 0 0 0 - -
2014-7-6 18:00:0027 19.7 27.6 27 - 0 64 61 322 3.1 325 3 321 0.9 327 1.5 308 6.3 - - 0 0 0 0 0 0 - -
2014-7-6 17:00:0027.4 19.5 27.6 27.3 - 0 62 61 327 4.5 333 2.9 327 1.2 327 1.3 319 5.9 - - 0 0 0 0 0 0 - -
2014-7-6 16:00:0027.3 19.4 27.4 26.8 - 0 62 61 319 2.3 321 2.1 315 0.6 311 1.7 310 6.2 - - 0 0 0 0 0 0 - -
2014-7-6 15:00:0026.9 19.1 26.9 26.3 - 0 62 62 302 2.5 307 2.8 305 0.8 311 1.9 277 6.1 - - 0 0 0 0 0 0 - -
2014-7-6 14:00:0026.5 19.3 27.1 26.5 - 0 64 62 291 4.2 309 3.3 315 1.6 310 2.6 299 7.4 - - 0 0 0 0 0 0 - -
2014-7-6 13:00:0026.6 19.4 27.2 25.9 - 0 65 61 333 3.7 331 3.8 322 1.8 305 2.8 327 8.8 - - 0 0 0 0 0 0 - -
2014-7-6 12:00:0026 19.3 26.6 25.6 - 0 66 63 308 5.3 305 3.9 312 1.9 291 2.7 299 8.6 - - 0 0 0 0 0 0 - -
2014-7-6 11:00:0025.6 18.9 25.9 24.5 - 0 66 66 274 2.9 301 3.3 301 2.4 300 2.6 322 9.1 - - 0 0 0 0 0 0 - -
2014-7-6 10:00:0024.5 19.2 24.6 23.6 - 0 72 72 322 6.2 312 4.8 313 2.1 311 2.7 319 10 - - 0 0 0 0 0 0 - -
2014-7-6 9:00:0023.7 19.5 23.7 23.1 - 0 77 77 274 2.6 323 2.7 315 1.7 312 2 322 8 - - 0 0 0 0 0 0 - -
2014-7-6 8:00:0023.4 20.3 23.4 22.3 - 0 82 82 344 2.8 309 3.2 308 1.1 308 1.1 293 5.6 - - 0 0 0 0 0 0 - -
2014-7-6 7:00:0022.3 20.9 22.4 22 - 0.1 92 92 279 1.7 279 2 0 0 0 0 271 3.8 - - 0 0 0 0 0 0 - -
2014-7-6 6:00:0022 20.6 22.3 22 - 3.3 92 92 229 0 0 0 0 0 0 0 313 4.1 - - 0 0 0 0 0 0 - -
2014-7-6 5:00:0022.3 21 22.8 22.2 - 3 92 92 248 0 0 0 0 0 0 0 263 4 - - 0 0 0 0 0 0 - -
2014-7-6 4:00:0022.8 21.4 23 22.8 - 0 92 91 333 1.4 304 0.2 0 0 0 0 296 2.6 - - 0 0 0 0 0 0 - -
2014-7-6 3:00:0022.9 21.4 24.1 22.9 - 4.7 91 83 285 0 0 0 0 0 0 0 248 4.8 - - 0 0 0 0 0 0 - -
2014-7-6 2:00:0024 21.1 24.4 24 - 0 84 83 319 1.5 299 1.7 0 0 0 0 282 4.9 - - 0 0 0 0 0 0 - -
2014-7-6 1:00:0024.4 21.4 25 24.4 - 0 83 83 296 0.5 0 0 0 0 318 1.3 322 4.5 - - 0 0 0 0 0 0 - -
2014-7-6 00:00:0025 22.2 25.3 25 - 0 84 83 319 2.3 315 2.1 321 1.5 314 1.7 299 3.9 - - 0 0 0 0 0 0 - -
2014-7-5 23:00:0025.3 22.3 25.9 25.3 - 0 83 83 305 0 0 0 299 1.3 300 2.3 285 3.8 - - 0 0 0 0 0 0 - -
2014-7-5 22:00:0025.9 23.1 26.2 25.9 - 0 84 84 285 1.7 290 0.5 296 2 296 2 293 3.1 - - 0 0 0 0 0 0 - -
2014-7-5 21:00:0026.2 23.3 27 26.2 - 0 84 84 277 0 0 0 298 2 249 2.1 322 3.5 - - 0 0 0 0 0 0 - -
2014-7-5 20:00:0027 24.7 27.7 27 - 0 87 83 293 0 0 0 269 1.8 310 1.9 319 2.9 - - 0 0 0 0 0 0 - -
2014-7-5 19:00:0027.7 24.6 27.7 27.6 - 0 83 82 195 0 0 0 223 1.7 239 2.2 254 4.1 - - 0 0 0 0 0 0 - -
2014-7-5 18:00:0027.6 24.4 27.8 27.6 - 0 83 82 232 2.1 219 1.7 231 1.8 179 3.9 170 6.4 - - 0 0 0 0 0 0 - -
2014-7-5 17:00:0027.8 24.5 28.1 27.8 - 0 82 79 170 4.2 167 3.9 173 3.7 174 3.7 195 6.2 - - 0 0 0 0 0 0 - -
2014-7-5 16:00:0028.1 24.1 28.1 27.9 - 0 79 78 144 2.5 176 2.3 162 2.2 167 3 158 4.4 - - 0 0 0 0 0 0 - -
2014-7-5 15:00:0027.9 24 28.3 27.9 - 0 79 77 184 1.9 169 2.1 171 3 175 4.2 164 6.8 - - 0 0 0 0 0 0 - -
2014-7-5 14:00:0028.2 23.7 28.5 28.2 - 0 77 75 153 3 174 3.5 179 4.2 168 5.1 192 7.6 - - 0 0 0 0 0 0 - -
2014-7-5 13:00:0028.2 23.7 28.2 27.7 - 0 77 77 170 4.1 168 5.3 162 5 162 5 173 8.3 - - 0 0 0 0 0 0 - -
2014-7-5 12:00:0027.6 23.5 28.1 27.6 - 0 78 76 181 4.4 166 4.3 169 4.5 154 5.8 153 9.1 - - 0 0 0 0 0 0 - -
2014-7-5 11:00:0028 23.5 28 25.9 - 0 76 76 144 3.7 168 4.4 158 4.6 157 4.8 167 7.5 - - 0 0 0 0 0 0 - -
2014-7-5 10:00:0025.9 23 25.9 25.3 - 0 84 84 161 2.9 161 3.3 157 3.7 151 4.2 153 6.2 - - 0 0 0 0 0 0 - -
2014-7-5 9:00:0025.3 22.5 25.3 24.8 - 0 85 84 133 5.7 139 3.9 145 4 152 4.9 144 7.5 - - 0 0 0 0 0 0 - -
2014-7-5 8:00:0024.8 21.9 24.8 24.1 - 0 84 83 142 6.2 149 5 149 4.6 144 4.7 142 7.8 - - 0 0 0 0 0 0 - -
2014-7-5 7:00:0024.1 21.2 24.1 23.7 - 0 83 81 150 4.8 141 4.9 144 4.9 142 5.2 142 8 - - 0 0 0 0 0 0 - -
2014-7-5 6:00:0023.7 20.3 23.8 23.6 - 0 81 78 144 4.6 146 4 148 3.7 149 4.4 142 7.3 - - 0 0 0 0 0 0 - -
2014-7-5 5:00:0023.6 19.5 23.6 23.4 - 0 78 76 125 4.3 147 4.3 134 4.1 132 4.6 133 8.5 - - 0 0 0 0 0 0 - -
2014-7-5 4:00:0023.4 18.9 23.4 23.1 - 0 76 76 133 3.6 130 3.7 128 3.2 132 4.4 133 6.6 - - 0 0 0 0 0 0 - -
2014-7-5 3:00:0023.1 19.1 23.1 23 - 0 78 78 119 3.1 119 3 121 2.7 130 3.3 113 5.1 - - 0 0 0 0 0 0 - -
2014-7-5 2:00:0023 19.1 23 23 - 0 78 78 142 3.7 138 3.2 137 2.9 141 3.3 133 5.6 - - 0 0 0 0 0 0 - -
2014-7-5 1:00:0023 19 23.2 23 - 0 78 72 139 3.8 142 3.3 146 3.3 148 4.6 136 6.9 - - 0 0 0 0 0 0 - -
2014-7-5 00:00:0023.2 17.7 23.2 22.7 - 0 71 71 147 2.3 152 2.9 148 1.8 146 2.2 144 7.8 - - 0 0 0 0 0 0 - -
2014-7-4 23:00:0022.7 17.6 22.7 22.5 - 0 73 73 142 3.7 140 4.6 136 1.6 136 1.6 130 6.5 - - 0 0 0 0 0 0 - -
2014-7-4 22:00:0022.5 17.8 22.7 22.3 - 0.1 75 70 130 2.6 122 2.6 122 0.6 133 3.6 142 7.9 - - 0 0 0 0 0 0 - -
2014-7-4 21:00:0022.6 17.6 22.8 22.5 - 0 73 73 153 5.6 128 5.5 131 3.3 129 3.6 133 9.5 - - 0 0 0 0 0 0 - -
2014-7-4 20:00:0022.7 20.4 23.3 22.6 - 0.2 87 84 119 4.7 128 3.6 124 1.4 135 4.4 130 9.3 - - 0 0 0 0 0 0 - -
2014-7-4 19:00:0023.3 20.8 23.9 23.3 - 0.1 86 82 122 5.3 122 4.1 126 1.9 131 2.8 133 7.7 - - 0 0 0 0 0 0 - -
2014-7-4 18:00:0023.9 20.8 24 23.8 - 0 83 83 144 3.8 136 5.1 134 2.3 127 3.2 125 8.1 - - 0 0 0 0 0 0 - -
2014-7-4 17:00:0024 21.5 24.5 24 - 0.1 86 80 133 4.4 128 4.3 127 2 110 2.5 111 6.9 - - 0 0 0 0 0 0 - -
2014-7-4 16:00:0024.5 20.9 26.5 24.5 - 0.5 80 69 88 5.3 93 4.8 97 2.1 97 2.1 105 6.4 - - 0 0 0 0 0 0 - -
2014-7-4 15:00:0026.5 20.2 26.9 26.4 - 0 68 65 133 2.5 124 2.7 126 0.9 103 1.9 74 5.1 - - 0 0 0 0 0 0 - -
2014-7-4 14:00:0026.9 19.8 27.2 26.9 - 0 65 65 85 2.6 102 3.3 105 1.8 122 2 144 6.3 - - 0 0 0 0 0 0 - -
2014-7-4 13:00:0027 20.2 27 26.5 - 0 66 66 116 3.5 107 3.2 109 1.3 109 1.3 105 5.5 - - 0 0 0 0 0 0 - -
2014-7-4 12:00:0026.5 20.8 26.7 26.5 - 0 71 69 122 2.8 92 2.6 102 0.5 132 1.3 130 4.7 - - 0 0 0 0 0 0 - -
2014-7-4 11:00:0026.7 20.5 26.7 26.1 - 0 69 68 133 4 130 3.6 129 1.2 119 1.3 128 4.9 - - 0 0 0 0 0 0 - -
2014-7-4 10:00:0026.1 20.2 26.3 25.7 - 0 70 69 128 3.9 122 3.1 122 0.8 117 1.3 102 4.7 - - 0 0 0 0 0 0 - -
2014-7-4 9:00:0025.7 20 25.7 25.3 - 0 71 71 133 2.1 105 2.8 109 0.7 118 1 119 4.6 - - 0 0 0 0 0 0 - -
2014-7-4 8:00:0025.4 19.8 25.4 24.5 - 0 71 71 142 3.3 130 3.2 123 0.8 123 0.8 128 4.1 - - 0 0 0 0 0 0 - -
2014-7-4 7:00:0024.5 19.7 24.5 23.6 - 0 74 74 133 1.9 123 2 0 0 125 0.5 136 4.3 - - 0 0 0 0 0 0 - -
2014-7-4 6:00:0023.6 19.3 23.6 23 - 0 77 77 136 1.8 145 2.1 0 0 0 0 133 3.9 - - 0 0 0 0 0 0 - -
2014-7-4 5:00:0023.1 20.3 23.3 23.1 - 0 84 82 128 0 0 0 0 0 127 0.1 139 2.9 - - 0 0 0 0 0 0 - -
2014-7-4 4:00:0023.3 20.1 23.5 23.2 - 0 82 80 113 0 0 0 0 0 123 1.1 119 3.4 - - 0 0 0 0 0 0 - -
2014-7-4 3:00:0023.5 19.8 23.7 23.5 - 0 80 80 116 0 0 0 104 0.8 118 1.3 113 3.1 - - 0 0 0 0 0 0 - -
2014-7-4 2:00:0023.7 20.1 23.8 23.6 - 0 80 79 116 1.9 130 0.4 132 0.9 132 0.9 128 2.5 - - 0 0 0 0 0 0 - -
2014-7-4 1:00:0023.8 20 23.9 23.8 - 0 80 79 119 0 0 0 123 0.9 135 1.3 130 3.5 - - 0 0 0 0 0 0 - -
2014-7-4 00:00:0023.9 20.1 23.9 23.9 - 0 79 79 119 0 101 0.6 110 0.5 125 1.3 108 2.9 - - 0 0 0 0 0 0 - -
2014-7-3 23:00:0024 20.3 24.4 24 - 0 80 78 142 1.2 126 1.8 119 1.1 120 2.1 119 4.6 - - 0 0 0 0 0 0 - -
2014-7-3 22:00:0024.4 20.4 25.2 24.4 - 0 78 77 77 3.1 99 2.9 97 1.8 121 2.2 133 4.8 - - 0 0 0 0 0 0 - -
2014-7-3 21:00:0025.2 20.9 26.1 25.2 - 0 77 75 102 2.6 117 2.3 113 1.5 150 1.7 125 3.8 - - 0 0 0 0 0 0 - -
2014-7-3 20:00:0026.1 21.2 27.8 26.1 - 0 75 59 150 2.5 167 2.7 166 1.6 168 2 161 4.3 - - 0 0 0 0 0 0 - -
2014-7-3 19:00:0027.8 19 28.7 27.8 - 0 59 53 68 0 0 0 81 1.4 81 1.4 105 2.3 - - 0 0 0 0 0 0 - -
2014-7-3 18:00:0028.7 18.1 29.6 28.7 - 0 53 49 52 0 0 0 85 1.3 96 1.4 88 2.6 - - 0 0 0 0 0 0 - -
2014-7-3 17:00:0029.2 17.7 29.7 29.1 - 0 50 49 353 0 334 0.2 334 1.2 8 1.4 4 3.6 - - 0 0 0 0 0 0 - -
2014-7-3 16:00:0029.4 17.7 29.7 29.2 - 0 49 49 99 0 0 0 64 1.4 72 1.8 344 5.2 - - 0 0 0 0 0 0 - -
2014-7-3 15:00:0029.2 18.6 29.6 28.7 - 0 53 51 15 2.5 355 2.2 4 1.3 52 1.9 52 5.2 - - 0 0 0 0 0 0 - -
2014-7-3 14:00:0028.6 19 29.3 28.2 - 0 56 54 355 0 47 1 0 0 15 1.2 35 4.9 - - 0 0 0 0 0 0 - -
2014-7-3 13:00:0028.3 19.1 28.4 27.4 - 0 58 58 319 2.9 342 1.9 7 0.5 351 1.3 353 5.2 - - 0 0 0 0 0 0 - -
2014-7-3 12:00:0027.6 19.7 27.7 26.8 - 0.1 62 61 308 2.2 312 2.1 338 0.3 353 1.6 29 4.3 - - 0 0 0 0 0 0 - -
2014-7-3 11:00:0027 19.7 27 26.4 - 0 64 64 15 2 11 2.4 359 1.4 8 2.5 29 5.6 - - 0 0 0 0 0 0 - -
2014-7-3 10:00:0027 19.7 27.1 25.6 - 0 64 63 350 3.4 9 3.2 2 2.2 2 2.2 15 6.3 - - 0 0 0 0 0 0 - -
2014-7-3 9:00:0025.7 20.3 26 24.7 - 0.1 72 71 350 2.3 326 2.9 321 1.4 336 2 338 4.9 - - 0 0 0 0 0 0 - -
2014-7-3 8:00:0024.7 20.8 24.7 23.4 - 0 79 79 353 3.1 351 3 345 1.3 345 1.3 1 4.7 - - 0 0 0 0 0 0 - -
2014-7-3 7:00:0023.4 21.7 23.4 22.6 - 0 91 91 277 1.3 327 0.4 322 0.3 322 0.5 296 4 - - 0 0 0 0 0 0 - -
2014-7-3 6:00:0022.6 21.3 22.6 22.4 - 0 93 92 305 0 0 0 0 0 0 0 305 0 - - 0 0 0 0 0 0 - -
2014-7-3 5:00:0022.5 21.2 22.7 22.5 - 0 92 92 299 0 0 0 0 0 0 0 285 2.2 - - 0 0 0 0 0 0 - -
2014-7-3 4:00:0022.7 21.3 22.9 22.6 - 0 92 92 299 1.9 300 0.2 0 0 0 0 305 2.3 - - 0 0 0 0 0 0 - -
2014-7-3 3:00:0022.9 21.5 23.3 22.9 - 0 92 90 285 0 0 0 0 0 0 0 305 2.7 - - 0 0 0 0 0 0 - -
2014-7-3 2:00:0023.3 21.6 23.6 23.3 - 0 90 89 322 0 0 0 0 0 253 0.2 263 2.6 - - 0 0 0 0 0 0 - -
2014-7-3 1:00:0023.6 21.7 23.6 23.5 - 0 89 89 254 0 257 0.8 254 0.2 253 0.4 232 2.5 - - 0 0 0 0 0 0 - -
2014-7-3 00:00:0023.6 21.8 23.6 23.5 - 0 90 89 248 0 0 0 274 1 274 1 274 1.7 - - 0 0 0 0 0 0 - -
2014-7-2 23:00:0023.6 21.7 24.1 23.6 - 0 89 87 305 0 0 0 312 1 312 1 302 1.3 - - 0 0 0 0 0 0 - -
2014-7-2 22:00:0024.1 21.7 24.2 24 - 0 87 86 291 0 0 0 280 1 280 1 265 1.7 - - 0 0 0 0 0 0 - -
2014-7-2 21:00:0024.2 21.7 24.4 24.2 - 0 86 85 218 0 0 0 270 1 273 1.1 274 2.5 - - 0 0 0 0 0 0 - -
2014-7-2 20:00:0024.4 21.8 24.9 24.4 - 0 85 83 263 0 271 0.8 259 1 276 2 268 3.9 - - 0 0 0 0 0 0 - -
2014-7-2 19:00:0024.9 21.8 25.2 24.8 - 0 83 80 232 0 262 1.4 268 1.7 298 3 285 5.6 - - 0 0 0 0 0 0 - -
2014-7-2 18:00:0025.2 21.5 25.4 25.1 - 0 80 80 310 2 292 1.9 299 3.1 300 3.5 288 5.9 - - 0 0 0 0 0 0 - -
2014-7-2 17:00:0025.5 22.9 25.7 25.5 - 0 86 83 299 0 275 0.8 286 1.8 295 2.8 305 4.1 - - 0 0 0 0 0 0 - -
2014-7-2 16:00:0025.7 22.7 26.2 25.7 - 0 84 83 358 2.2 281 0.9 295 2.1 282 3.1 279 5.3 - - 0 0 0 0 0 0 - -
2014-7-2 15:00:0026.1 23.5 26.2 25.6 - 0 85 85 285 2 290 1.9 292 2.7 291 3.5 274 5.9 - - 0 0 0 0 0 0 - -
2014-7-2 14:00:0025.7 23.9 25.7 25.1 - 0 90 90 271 0 253 1.6 258 1.7 268 3.3 243 5.3 - - 0 0 0 0 0 0 - -
2014-7-2 13:00:0025.1 23.8 25.1 24.7 - 0 93 93 254 3.2 254 2.1 255 2.9 259 3.4 237 6.1 - - 0 0 0 0 0 0 - -
2014-7-2 12:00:0024.9 23.8 24.9 24.4 - 1.2 94 94 263 2.6 268 1.9 255 2.3 226 2.6 209 5.3 - - 0 0 0 0 0 0 - -
2014-7-2 11:00:0024.4 23.4 24.4 24.3 - 5.1 94 94 279 0.7 242 1.5 244 1.3 235 1.4 271 3.4 - - 0 0 0 0 0 0 - -
2014-7-2 10:00:0024.3 23.2 24.4 24.2 - 2.9 94 94 229 0 222 1.1 208 1.1 174 2.2 181 4.1 - - 0 0 0 0 0 0 - -
2014-7-2 9:00:0024.2 23.1 24.2 23.9 - 0.7 94 94 153 2.3 173 2.3 178 1.9 188 2.7 178 4.4 - - 0 0 0 0 0 0 - -
2014-7-2 8:00:0023.9 22.9 24 23.7 - 0 94 94 181 3.1 177 3.2 177 2.7 187 2.8 170 4.6 - - 0 0 0 0 0 0 - -
2014-7-2 7:00:0023.7 22.7 23.7 23.3 - 0 94 94 144 1.8 180 2.1 187 2.9 181 3.2 215 4.6 - - 0 0 0 0 0 0 - -
2014-7-2 6:00:0023.3 22.3 23.3 23.1 - 0.2 94 94 173 3.4 172 2.6 177 3.2 176 3.5 164 4.7 - - 0 0 0 0 0 0 - -
2014-7-2 5:00:0023.1 22.1 23.1 23 - 0.3 94 94 203 0 0 0 197 2.2 178 2.5 173 4 - - 0 0 0 0 0 0 - -
2014-7-2 4:00:0023 21.9 23 22.9 - 0.1 94 93 181 1 185 2.1 181 1.7 170 2.6 173 4.4 - - 0 0 0 0 0 0 - -
2014-7-2 3:00:0022.9 21.7 22.9 22.8 - 0 93 93 153 1.8 180 2.1 168 2.3 158 2.9 173 4.1 - - 0 0 0 0 0 0 - -
2014-7-2 2:00:0022.8 21.5 22.8 22.6 - 0 93 93 156 2.5 155 2.3 151 2.5 152 2.8 173 3.7 - - 0 0 0 0 0 0 - -
2014-7-2 1:00:0022.6 21.4 22.6 22.6 - 0 93 93 144 2.6 155 2.6 151 2.8 154 3.2 153 4.7 - - 0 0 0 0 0 0 - -
2014-7-2 00:00:0022.6 21.3 22.6 22.4 - 0 93 93 153 2.3 154 2.7 158 0.4 159 0.7 173 4.1 - - 0 0 0 0 0 0 - -
2014-7-1 23:00:0022.4 21.2 22.4 22 - 0 93 93 167 2.3 162 2.3 157 0.4 157 0.6 161 4 - - 0 0 0 0 0 0 - -
2014-7-1 22:00:0022 20.8 22 21.6 - 0.1 93 93 105 0 0 0 126 0.1 126 0.1 105 0 - - 0 0 0 0 0 0 - -
2014-7-1 21:00:0021.6 20.3 21.6 21.2 - 0.3 93 93 128 0 0 0 114 0.1 135 2 133 3.5 - - 0 0 0 0 0 0 - -
2014-7-1 20:00:0021.2 20 21.7 21.2 - 1 93 93 133 2.6 129 2.5 136 2 134 2.8 153 5.9 - - 0 0 0 0 0 0 - -
2014-7-1 19:00:0021.7 20.5 22.4 21.7 - 5.5 93 92 113 2.5 97 2.2 109 1.4 119 2.5 130 6.5 - - 0 0 0 0 0 0 - -
2014-7-1 18:00:0022.4 21.1 22.6 22.4 - 1.8 93 92 139 2.9 127 3.2 138 2.4 121 2.8 122 6.7 - - 0 0 0 0 0 0 - -
2014-7-1 17:00:0022.6 21.3 23 22.6 - 6.1 92 91 119 2.2 121 2.7 112 1.7 116 2.4 128 7 - - 0 0 0 0 0 0 - -
2014-7-1 16:00:0022.9 21.4 23.3 22.9 - 0.6 91 89 88 3.2 91 2.5 66 0.5 97 1.1 111 3.8 - - 0 0 0 0 0 0 - -
2014-7-1 15:00:0023.2 21.3 23.4 23.2 - 0.4 89 88 113 0 100 1.5 96 0.3 116 0.7 130 4.4 - - 0 0 0 0 0 0 - -
2014-7-1 14:00:0023.4 21.3 23.7 23.4 - 0.2 88 85 105 2.7 114 1.9 113 0.2 115 0.4 119 3.2 - - 0 0 0 0 0 0 - -
2014-7-1 13:00:0023.7 20.9 23.8 23.7 - 0 84 83 113 2.3 120 2.1 117 0.3 148 0.5 125 3.5 - - 0 0 0 0 0 0 - -
2014-7-1 12:00:0023.8 20.9 23.9 23.2 - 0 83 83 122 1.9 126 2 116 0.2 116 0.2 108 2.9 - - 0 0 0 0 0 0 - -
2014-7-1 11:00:0023.2 20.7 23.3 22.9 - 0 86 86 91 0 0 0 0 0 0 0 91 2.3 - - 0 0 0 0 0 0 - -
2014-7-1 10:00:0022.9 20.6 23 22.7 - 0 87 87 113 0 0 0 0 0 0 0 113 0 - - 0 0 0 0 0 0 - -
2014-7-1 9:00:0022.7 20.5 22.8 22.6 - 0.6 87 84 99 0 0 0 0 0 125 0.4 125 2.5 - - 0 0 0 0 0 0 - -
2014-7-1 8:00:0022.8 19.9 23 22.8 - 0.3 84 80 128 1.3 125 1.7 127 0.4 157 0.8 158 2.6 - - 0 0 0 0 0 0 - -
2014-7-1 7:00:0022.8 19.1 22.8 22.6 - 0 80 79 164 1.6 179 1.5 0 0 158 0.2 187 2.6 - - 0 0 0 0 0 0 - -
2014-7-1 6:00:0022.6 18.8 22.6 22.4 - 0 79 79 153 1.6 154 1.8 155 0.3 145 0.6 153 2.9 - - 0 0 0 0 0 0 - -
2014-7-1 5:00:0022.4 18.8 22.4 22.2 - 0 80 80 150 0 0 0 151 0.4 145 0.7 153 2.1 - - 0 0 0 0 0 0 - -
2014-7-1 4:00:0022.2 18.8 22.2 22.1 - 0 81 81 139 0 0 0 130 0.7 151 0.9 164 2.6 - - 0 0 0 0 0 0 - -
2014-7-1 3:00:0022.1 18.9 22.2 22.1 - 0 82 82 122 1.4 145 1.6 153 1 157 1.2 150 3.2 - - 0 0 0 0 0 0 - -
2014-7-1 2:00:0022.2 18.9 22.4 22.2 - 0 82 80 170 2.3 158 2.2 163 0.9 167 1 156 3.7 - - 0 0 0 0 0 0 - -
2014-7-1 1:00:0022.2 18.7 22.3 22.2 - 0 80 80 192 0 197 1.3 0 0 162 0.1 178 3.2 - - 0 0 0 0 0 0 - -
