2014-8-1 1:00:0026 25 26 25.9 992.7 0 94 93 51 9.4 56 4.9 58 5.4 57 5.7 57 11.5 21157 21511 26.2 26.4 26.1 - - - - -
2014-8-1 00:00:0025.9 25 26.2 25.9 993.8 0 95 92 54 8.5 58 5.2 53 5 57 5.6 45 11.7 19672 19436 26.4 26.5 26.3 - - - - -
2014-7-31 23:00:0026.1 24.7 26.2 26 994.6 0 92 90 45 6.3 49 3.6 53 4.1 58 4.8 45 9.2 26035 25161 26.4 26.4 26.1 - - - - -
2014-7-31 22:00:0026.2 24.8 26.9 26 994.9 0.3 92 91 62 9.3 60 5 59 4.8 56 6.3 62 11.9 26078 29227 26.3 27.9 26.3 - - - - -
2014-7-31 21:00:0026.9 25.3 26.9 26.5 995 0 91 89 52 10.1 52 5.5 47 6.1 47 6.1 46 11.8 21722 23556 27.8 27.8 27.5 - - - - -
2014-7-31 20:00:0026.5 24.5 27.2 26.5 994.9 0 89 85 62 7.1 60 4.6 56 4.5 54 7.9 61 16.9 29616 31277 27.5 28.5 27.5 - - - - -
2014-7-31 19:00:0027.2 25.2 27.6 27.2 994.6 0 89 85 53 11.3 42 6.7 46 6.4 50 6.4 49 13.3 27023 28025 28.5 29.3 28.5 - - - - -
2014-7-31 18:00:0027.6 24.8 27.8 27.4 994.7 0 85 84 44 11.7 45 4.8 53 5.5 57 5.8 60 11.9 27573 32497 29.3 31.5 29.3 - - - - -
2014-7-31 17:00:0027.5 25.5 27.7 27.3 994.9 0 89 86 41 9.1 49 4.5 51 4.9 46 5.2 42 10.6 22451 26637 31.5 32.6 31.5 - - - - -
2014-7-31 16:00:0027.3 25.1 28.4 27.3 995.6 0 88 82 51 7.8 48 4.5 50 4.5 51 5.1 60 9.3 35000 33700 32.2 36.3 32.2 - - - - -
2014-7-31 15:00:0028.4 25 28.7 28.3 996 0 82 81 62 5.8 51 3.9 56 4.3 63 5.1 56 10.5 31416 31871 36.4 37.7 36.4 - - - - -
2014-7-31 14:00:0028.6 25 28.9 28.3 996.1 0 81 81 51 8.4 57 4.9 64 5.2 37 6 64 10.2 31302 32334 37.4 38.9 35.3 - - - - -
2014-7-31 13:00:0028.8 26.4 29.3 28.8 996.9 0 87 84 31 7.9 39 5 41 4.8 50 5.2 49 10.9 22902 23494 38 40.3 38 - - - - -
2014-7-31 12:00:0029.2 26.4 29.5 29.2 997.6 0 85 83 51 8.5 54 4.9 57 4.6 53 4.7 44 10.7 23146 27353 40.2 40.5 38.7 - - - - -
2014-7-31 11:00:0029.3 26.3 29.4 29.1 997.7 0 84 83 58 7.4 50 4.5 53 4 63 4.8 70 10.5 29059 27533 39.3 39.3 37 - - - - -
2014-7-31 10:00:0029.1 26.3 29.1 28.6 997.7 0 85 85 62 6.7 58 4.4 60 4 66 4.2 60 9.5 23815 26947 37 37 33.5 - - - - -
2014-7-31 9:00:0028.6 26.8 28.6 28.1 997.7 0 90 90 64 5.6 65 3.2 65 4.2 64 4.7 56 10.2 20723 19610 33.5 33.5 31.3 - - - - -
2014-7-31 8:00:0028.2 26.8 28.2 27.6 997.7 0 92 91 79 6.1 60 2.8 55 3.7 59 4 44 8.5 17582 19194 31.4 31.4 29.3 - - - - -
2014-7-31 7:00:0027.7 26.5 27.7 26.9 998.2 0 93 93 59 4.9 50 3.1 60 3 66 3.7 61 7.2 19118 19157 29.3 29.3 27.5 - - - - -
2014-7-31 6:00:0026.9 26.2 26.9 26.5 998.4 0 96 96 53 5.5 61 3.7 67 3.8 74 4.6 98 8.1 17931 18897 27.5 27.5 27.2 - - - - -
2014-7-31 5:00:0026.6 26.3 26.9 26.6 998.4 0 98 97 70 7.4 70 3.6 68 3.1 82 4.4 70 7.4 18406 16573 27.3 27.4 27.3 - - - - -
2014-7-31 4:00:0026.8 26.3 26.8 26.7 998.6 0 97 97 86 7 81 4.2 84 3.5 74 4.2 89 8.3 16386 16478 27.5 27.6 27.4 - - - - -
2014-7-31 3:00:0026.6 26.3 27.1 26.6 998.3 0 98 96 78 6.3 73 3.3 64 3.2 74 4.6 71 8.1 11497 9467 27.6 27.8 27.6 - - - - -
2014-7-31 2:00:0027.1 26.6 27.1 26.8 998.6 0 97 97 76 7.2 69 4 71 4.3 74 4.4 71 7.6 16204 16708 27.9 28 27.8 - - - - -
2014-7-31 1:00:0026.9 26.6 27.2 26.9 998.8 0 98 97 60 3.3 62 2.7 57 2.8 53 3.4 54 6.4 7759 7028 28 28.3 28 - - - - -
2014-7-31 00:00:0027.2 26.7 27.5 27.2 999.4 0 97 96 55 4.7 55 2.8 52 3.3 52 3.4 51 7.3 5822 8349 28.2 28.7 28.2 - - - - -
2014-7-30 23:00:0027.5 26.8 27.6 27.5 999.7 0 96 96 43 4.2 51 2.3 55 2.1 72 2.4 68 5.2 9841 9939 28.7 28.9 28.7 - - - - -
2014-7-30 22:00:0027.6 26.9 27.7 27.6 999.8 0 96 95 58 3 76 2.3 72 2.5 65 2.5 69 4.9 11533 11529 28.9 29.2 28.9 - - - - -
2014-7-30 21:00:0027.7 26.8 27.7 27.5 999.8 0 95 95 77 2.8 73 2.2 81 1.6 106 3.3 114 5.6 11257 11083 29.2 29.3 29.1 - - - - -
2014-7-30 20:00:0027.4 26.5 27.4 27.4 999.4 0 95 95 104 3.5 98 2.9 105 3.5 106 4.8 109 8.2 10646 10297 29.1 29.5 29.1 - - - - -
2014-7-30 19:00:0027.4 26.5 27.9 27.4 998.9 0 95 92 100 5.4 105 3.8 107 4.7 111 6.5 108 9.5 8384 8230 29.5 30.8 29.5 - - - - -
2014-7-30 18:00:0027.9 26.5 28.5 27.9 998.5 0 92 89 108 7.5 109 6.4 110 6.8 111 7.1 111 10.2 9827 9311 30.8 32.7 30.8 - - - - -
2014-7-30 17:00:0028.6 26.6 29.3 28.6 998.8 0 89 87 98 9.1 104 6.4 111 5 113 5.5 97 10.3 8313 8516 32.9 34.5 32.9 - - - - -
2014-7-30 16:00:0029.2 26.8 29.7 29.1 999.4 0 87 85 111 4.4 115 3.6 113 4.6 111 5.9 106 10.7 8852 9250 34.6 37.5 34.6 - - - - -
2014-7-30 15:00:0029.4 26.6 29.7 29.3 999.9 0 85 84 113 5.7 113 4.3 113 4.3 110 7.2 107 10.5 9488 11850 37.5 39 37.5 - - - - -
2014-7-30 14:00:0029.6 26.6 30.4 29.6 1,000.3 0 84 81 121 7 127 5.7 115 5.6 109 5.6 109 9.6 14351 16626 39 39.9 37.7 - - - - -
2014-7-30 13:00:0029.9 26.5 30.7 29.8 1,000.9 0 82 76 119 6.9 114 4.1 109 4.3 112 5.7 108 9.3 15999 20511 37.5 40.3 37.3 - - - - -
2014-7-30 12:00:0030.1 25.8 30.9 30.1 1001 0 78 74 108 7.4 112 5.2 114 4.6 115 5.5 114 9.1 28431 21194 39.9 40 37.3 - - - - -
2014-7-30 11:00:0030.7 26 30.9 30.1 1,001.6 0 76 69 115 4.5 119 4.1 138 4.7 132 6 155 9.1 20490 28276 38.6 39 37 - - - - -
2014-7-30 10:00:0030.1 25.8 30.2 29.3 1,001.7 0 78 77 151 7.4 133 4.6 130 4.6 111 5.9 112 8.5 35000 27553 36.9 37 33.5 - - - - -
2014-7-30 9:00:0029.5 25.9 29.7 28.5 1,001.8 0 81 80 107 7.9 112 6 124 5.1 153 5.5 117 8.1 35000 29666 34.4 34.7 30.5 - - - - -
2014-7-30 8:00:0028.6 26.2 28.7 27.8 1,001.5 0 87 86 157 5.7 154 5.5 148 5.5 147 6.1 154 8.7 33100 28912 30.6 30.7 28.4 - - - - -
2014-7-30 7:00:0027.8 26.2 27.8 27 1,001.1 0 91 91 136 4.8 123 4.6 132 5 134 5.5 123 8.1 32482 26695 28.5 28.5 27.3 - - - - -
2014-7-30 6:00:0026.9 25.9 26.9 26.7 1,000.7 0 94 94 130 6.4 141 5.5 133 5.5 136 5.9 133 9 26695 29940 27.2 27.2 26.9 - - - - -
2014-7-30 5:00:0026.8 25.8 26.9 26.7 1,000.7 0 94 91 133 6.6 137 5.5 128 5.6 129 6.8 141 9.3 33409 35000 26.9 27 26.9 - - - - -
2014-7-30 4:00:0026.9 25.3 27 26.7 1,000.4 0 91 90 129 8.5 125 6.8 131 6.5 138 7.8 146 10.2 34189 35000 26.9 27 26.9 - - - - -
2014-7-30 3:00:0026.8 25 27.1 26.8 1,000.5 0 90 90 149 5.4 149 4.3 139 4.9 135 5.9 118 8.6 35000 35000 27 27.1 27 - - - - -
2014-7-30 2:00:0027.1 25.3 27.1 27 1,000.8 0 90 89 149 5.6 148 4.6 149 5.8 154 7.1 146 9.9 35000 35000 27.1 27.3 27.1 - - - - -
2014-7-30 1:00:0027.1 25.3 27.4 27.1 1,000.9 0 90 89 154 7.7 156 6.1 146 6.3 154 7.4 157 10 35000 35000 27.3 27.5 27.3 - - - - -
2014-7-30 00:00:0027.4 25.6 27.5 27.4 1,001.4 0 90 90 152 8.7 154 7.4 152 7.3 132 7.7 150 10.9 30158 35000 27.5 27.7 27.5 - - - - -
2014-7-29 23:00:0027.4 25.8 27.5 27.4 1,001.2 0 91 91 131 8.2 136 6.6 144 5.8 143 7 149 9.8 35000 34444 27.6 27.8 27.6 - - - - -
2014-7-29 22:00:0027.6 26 27.8 27.6 1,001.2 0 91 88 134 8.4 140 6.8 145 7.1 142 7.9 136 11.5 33316 30566 27.8 27.9 27.8 - - - - -
2014-7-29 21:00:0027.8 25.6 28 27.8 1001 0 88 86 128 11.2 141 8.7 137 7.6 138 7.8 152 12.1 26665 26828 27.9 28.1 27.9 - - - - -
2014-7-29 20:00:0028 25.4 28.2 28 1,000.6 0 86 83 120 10.3 128 8.4 141 7.5 133 9.1 160 13.6 30561 29702 28.1 28.4 28.1 - - - - -
2014-7-29 19:00:0028.2 25 28.8 28.2 999.9 0 83 80 143 11.9 128 8.8 132 9.1 137 9.4 144 12.8 35000 33974 28.4 29.3 28.4 - - - - -
2014-7-29 18:00:0028.8 25 29.5 28.8 999.3 0 80 73 135 11.1 138 7.7 138 7.5 135 9.1 136 12.6 28134 35000 29.3 30.4 29.3 - - - - -
2014-7-29 17:00:0029.6 24.5 29.7 29.5 999.2 0 74 72 150 10.4 137 7.9 132 8.5 153 10 154 13.1 35000 35000 30.4 31.7 30.4 - - - - -
2014-7-29 16:00:0029.6 24.5 30.2 29.5 999.4 0 74 69 156 12.1 155 10 153 9.7 153 9.7 161 13.7 35000 35000 31.7 34.1 31.7 - - - - -
2014-7-29 15:00:0029.9 23.4 30.8 29.9 999.7 0 68 68 155 12.1 157 10.8 154 9.4 154 9.4 154 13.2 35000 35000 34.1 36.1 34.1 - - - - -
2014-7-29 14:00:0030.4 24.8 30.5 30 999.9 0 72 71 144 9.1 146 7.4 152 8 156 9.2 154 12.4 35000 35000 36.1 37 36 - - - - -
2014-7-29 13:00:0029.9 25.2 30.7 29.7 1,000.3 0 76 73 157 10.8 155 8.8 155 8.9 155 8.9 155 12.2 35000 35000 36.3 37.4 36 - - - - -
2014-7-29 12:00:0030.2 25.5 30.3 29.3 1,000.8 0 76 74 155 9.8 157 7.4 155 7.2 156 7.7 157 10.1 35000 35000 36.2 36.2 34.1 - - - - -
2014-7-29 11:00:0029.4 24.7 29.7 28.9 1,001.2 0 76 76 166 8.3 159 7.4 152 6.3 152 6.3 151 8.4 35000 35000 35.1 35.3 33.2 - - - - -
2014-7-29 10:00:0029 25.2 29.4 28.6 1,001.7 0 80 76 157 7 156 5.7 156 5.9 156 6 158 8.1 28488 35000 33.3 34.8 32.6 - - - - -
2014-7-29 9:00:0029.2 25.4 29.2 27.9 1,001.7 0 80 80 140 6.3 147 4.2 145 4.7 156 5.3 157 7.1 33378 35000 32.9 32.9 29.4 - - - - -
2014-7-29 8:00:0028 24.8 28.5 28 1,001.6 0 83 79 155 5 155 4.1 154 4.6 156 5.1 148 6.6 35000 35000 29.7 30.1 28.6 - - - - -
2014-7-29 7:00:0028.2 24.8 28.2 26.9 1,001.4 0 82 81 153 5.9 154 4 157 3.9 155 4.5 160 6 35000 35000 28.6 28.6 26.9 - - - - -
2014-7-29 6:00:0026.9 24.6 26.9 26.5 1,000.9 0 87 86 156 5.3 156 4 156 3.9 157 4.2 157 5.9 34414 35000 26.9 26.9 26.7 - - - - -
2014-7-29 5:00:0026.7 24.7 26.7 26.6 1,000.3 0 89 88 156 4.1 154 4 155 4.3 157 4.5 158 6.1 33122 35000 26.8 26.9 26.7 - - - - -
2014-7-29 4:00:0026.7 24.5 26.7 26.4 1,000.4 0 88 88 156 4.2 160 3.8 158 4.3 157 5 157 6.2 35000 35000 26.9 26.9 26.8 - - - - -
2014-7-29 3:00:0026.5 24.5 26.5 26.4 1000 0 89 87 156 5.3 157 4.5 157 4.7 155 5.1 154 7 35000 35000 26.9 26.9 26.8 - - - - -
2014-7-29 2:00:0026.5 24.2 26.5 26.4 999.7 0 87 86 158 5.5 157 4.6 156 4.7 156 5.4 154 6.4 35000 35000 26.9 27 26.8 - - - - -
2014-7-29 1:00:0026.4 24.3 26.5 26.3 999.5 0 88 88 154 6.5 156 5.4 156 5.3 156 5.3 155 6.9 35000 35000 27 27.3 27 - - - - -
2014-7-29 00:00:0026.4 24.3 26.9 26.4 999.5 0 88 86 138 4.5 137 3.8 144 3.7 156 3.8 149 5.3 32978 34341 27.3 27.6 27.3 - - - - -
2014-7-28 23:00:0026.9 24.4 26.9 26.8 999.9 0 86 86 156 4 157 3.6 156 3.8 155 4 166 5.2 29446 23273 27.6 28.1 27.6 - - - - -
2014-7-28 22:00:0026.8 25.4 27.3 26.8 1,000.4 0 92 91 146 2.7 130 2 123 2 158 3.5 155 4.6 11956 11866 28.1 28.4 28.1 - - - - -
2014-7-28 21:00:0027.3 25.7 27.5 27.3 1,000.7 0 91 88 176 3.3 174 2.6 161 2.5 157 2.9 154 3.8 12385 12231 28.4 28.6 28.4 - - - - -
2014-7-28 20:00:0027.4 25.4 27.7 27.4 999.8 0 89 84 122 3 147 2.7 145 2.7 155 3.9 155 4.9 15016 16568 28.6 29.1 28.6 - - - - -
2014-7-28 19:00:0027.7 24.7 28.9 27.7 999.3 0 84 70 168 4 161 3.6 158 3.5 159 4.5 158 6 19136 19387 29.1 30.7 29.1 - - - - -
2014-7-28 18:00:0028.9 23.6 29.8 28.9 998.6 0 73 64 158 4.1 157 3.3 161 3 157 3.3 156 4.2 22486 24268 30.7 32.2 30.7 - - - - -
2014-7-28 17:00:0029.7 24.3 29.7 28.7 998.5 0 73 66 357 1.3 347 1.1 231 1 187 3.3 196 5 18539 25613 32.3 32.9 32.2 - - - - -
2014-7-28 16:00:0029.2 24.3 30 29.1 999.6 0 75 73 185 3.5 184 2.7 190 2.7 191 2.8 160 3.9 15947 17718 33 36 33 - - - - -
2014-7-28 15:00:0029.7 25 29.8 28.5 999.7 0 76 74 206 2.9 226 1.9 229 2.1 13 2.2 316 4.4 18483 18632 35.8 35.9 33 - - - - -
2014-7-28 14:00:0028.7 25.1 28.9 28.1 1,000.1 0 81 80 12 2.3 17 2.2 15 2.2 17 2.2 18 3.3 17450 16406 34.2 34.6 32.6 - - - - -
2014-7-28 13:00:0028.6 25.4 28.7 27.3 1,000.7 0 83 82 25 2.4 21 1.4 18 1.7 11 2 26 3.7 9675 10030 33.7 34.8 30.1 - - - - -
2014-7-28 12:00:0027.4 25 27.7 27.4 1,001.1 0 87 85 6 1.9 17 1.5 12 1.8 13 2 14 3 7875 7816 30.1 31 30.1 - - - - -
2014-7-28 11:00:0027.6 24.8 28.1 27.6 1,001.6 0 85 83 2 1.7 6 1.4 20 1.6 10 2.2 15 3.7 7298 7216 31.1 32.4 31.1 - - - - -
2014-7-28 10:00:0028.1 25.1 28.1 26.6 1,001.9 0 84 83 20 3 24 1.8 19 2 20 2.1 18 3.1 7225 7219 32.4 32.4 28.5 - - - - -
2014-7-28 9:00:0026.7 24.7 26.7 26 1002 0 89 89 5 2 7 1.4 9 1 15 1.8 357 2.7 6826 7481 29 29 27.3 - - - - -
2014-7-28 8:00:0026 25 26.3 26 1,001.9 0 94 92 13 2.1 13 1.6 14 1.8 14 2 324 2.9 6625 6419 27.3 27.8 27.3 - - - - -
2014-7-28 7:00:0026.1 24.7 26.1 25.6 1,001.6 0 92 91 246 1.9 245 1.7 249 1.9 248 2.6 251 3.1 12776 17301 27.3 27.3 26.7 - - - - -
2014-7-28 6:00:0025.6 24.2 25.6 25.2 1,001.1 0 92 92 201 1.8 207 1.5 218 1.5 247 2.1 260 3 18968 19209 26.7 26.7 26.5 - - - - -
2014-7-28 5:00:0025.2 24.2 25.2 25 1001 0 94 93 251 2.5 250 1.8 247 2.2 250 2.8 247 3.4 20435 19578 26.5 26.5 26.4 - - - - -
2014-7-28 4:00:0025.1 23.9 25.1 24.9 1,000.7 0 93 92 244 3 246 2.4 240 2.4 203 4.2 202 5.4 9570 9856 26.4 26.4 26.1 - - - - -
2014-7-28 3:00:0024.9 23.7 24.9 24.5 1,000.7 0 93 93 202 4.4 204 3.7 198 3.9 202 4.6 201 6.3 16604 15837 26.2 26.2 26.1 - - - - -
2014-7-28 2:00:0024.5 23.5 24.5 24.3 1,000.6 0 94 93 202 4.5 202 3.6 201 4.2 183 5.8 191 8 14026 15108 26.2 26.3 26.2 - - - - -
2014-7-28 1:00:0024.4 23.4 24.5 24.4 1,000.8 0 94 93 169 7.3 170 5.6 182 5.7 185 6.1 185 8.5 29647 30665 26.3 26.4 26.2 - - - - -
2014-7-28 00:00:0024.3 23.3 24.3 24 1,001.3 0 94 94 182 6.2 181 4.9 191 4.4 179 5.3 180 7.6 28500 30021 26.4 26.7 26.3 - - - - -
2014-7-27 23:00:0024.1 23.4 24.1 23.6 1,001.8 0.4 96 96 185 5.9 172 5.2 176 4.7 175 4.7 172 6.3 26338 24934 26.7 26.7 26.3 - - - - -
2014-7-27 22:00:0023.6 23.1 23.6 23.3 1,001.7 1 97 96 332 1.3 335 1 304 0.4 320 3.5 331 4.6 13688 16729 26.3 26.3 25.6 - - - - -
2014-7-27 21:00:0023.3 22.8 23.3 22.5 1,003.1 2.1 97 96 293 2.7 291 2.1 289 2.5 338 5.2 343 6.4 13381 14342 25.8 25.8 25 - - - - -
2014-7-27 20:00:0022.5 22.2 28.3 22 1,003.7 25.8 98 78 279 3.9 280 3.4 278 3.5 260 20.9 249 33.1 15229 10512 25 30.1 24.5 - - - - -
2014-7-27 19:00:0028 25.2 28 27.7 1,001.9 0 85 85 107 4 116 3.1 123 2.7 106 4 108 5.8 30636 27708 30.1 30.5 30.1 - - - - -
2014-7-27 18:00:0027.7 25.1 27.9 27.6 1,000.5 0 86 83 104 5.1 106 4.4 108 3.8 108 4.6 108 7.1 25763 28245 30.6 32.3 30.6 - - - - -
2014-7-27 17:00:0027.9 24.9 29.7 27.8 1,000.9 0 84 77 103 3 104 2.2 104 2.5 110 6 109 8.1 28520 27973 32.3 36.9 32.3 - - - - -
2014-7-27 16:00:0029.4 25.2 30.4 29.4 1,000.5 0 78 75 - 0 - 0 - 0 - 0 - 0 23739 22716 37 40.1 37 - - - - -
2014-7-27 15:00:0030.3 25.4 31.1 30.3 1001 0 75 72 - 0 - 0 - 0 - 0 - 0 22859 22443 40 42.1 40 - - - - -
2014-7-27 14:00:0031 26 31 29.2 1,001.7 0 75 75 - 0 - 0 - 0 - 0 - 0 19035 18752 41.8 42 36.6 - - - - -
2014-7-27 13:00:0030.3 26.2 31.1 29.8 1,002.7 0 79 75 - 0 - 0 - 0 - 0 - 0 13559 14563 42.5 48.4 40.1 - - - - -
2014-7-27 12:00:0030.8 26.5 30.9 30 1,003.4 0 78 76 - 0 - 0 - 0 - 0 - 0 16130 15119 48.2 48.2 45.8 - - - - -
2014-7-27 11:00:0030.2 26.1 30.2 28.9 1,003.8 0 79 79 - 0 - 0 - 0 - 0 - 0 14938 14359 45.8 45.8 41.9 - - - - -
2014-7-27 10:00:0029.5 25.5 29.7 28.6 1,004.4 0 79 79 - 0 - 0 - 0 253 2.3 247 3.5 16105 19188 42.1 42.1 36.2 - - - - -
2014-7-27 9:00:0028.7 25.7 29.1 28.1 1,004.5 0 84 80 - 0 - 0 225 0.7 177 2.8 180 4 21525 22410 36.1 36.1 31.9 - - - - -
2014-7-27 8:00:0028 25.6 28 26.9 1,004.5 0 87 87 186 3.3 191 1.9 213 2.3 204 2.8 200 3.8 26512 28962 31.8 31.8 28.2 - - - - -
2014-7-27 7:00:0026.9 25.7 26.9 26.6 1,004.4 0 93 92 188 1.7 191 1.5 190 1.5 200 2 182 3 18908 19409 28.1 28.1 27.5 - - - - -
2014-7-27 6:00:0026.6 25.6 26.6 26.3 1,004.1 0 94 94 202 2.5 199 2.2 200 2 201 2.5 201 3.4 14975 11912 27.5 27.5 27.1 - - - - -
2014-7-27 5:00:0026.3 25.6 26.3 26.2 1,003.6 0 96 95 169 2.4 162 2.1 164 2 177 2.3 201 3.6 6940 6749 27.1 27.3 27.1 - - - - -
2014-7-27 4:00:0026.2 25.3 26.3 26.2 1,003.7 0 95 94 204 2.5 203 1.8 202 2.1 160 3 161 4.1 5141 5323 27.2 27.5 27.2 - - - - -
2014-7-27 3:00:0026.3 25.3 26.3 26.2 1,003.5 0 94 94 159 3.7 163 2.8 174 2.7 198 3.2 162 4.2 6719 6903 27.5 27.7 27.4 - - - - -
2014-7-27 2:00:0026.3 25.8 26.5 26.3 1,003.8 0 97 97 192 3.4 193 2.6 197 2.9 199 3 199 4 5165 5209 27.7 27.8 27.7 - - - - -
2014-7-27 1:00:0026.5 26 26.8 26.5 1,004.1 0 97 93 201 3.5 197 2.8 193 2.8 176 3.4 159 4.9 7467 7230 27.8 27.8 27.7 - - - - -
2014-7-27 00:00:0026.8 25.6 27 26.8 1,004.3 0 93 93 164 2.8 170 2.6 160 2.7 164 3.7 166 4.6 16728 16357 27.8 27.9 27.7 - - - - -
2014-7-26 23:00:0026.9 25.7 27.1 26.9 1,004.5 0 93 92 154 3 155 2.3 153 2.2 156 3.2 156 4.1 22682 22106 27.7 28 27.7 - - - - -
2014-7-26 22:00:0027.1 25.9 27.1 26.8 1,004.5 0 93 93 128 2.5 128 2.2 132 2.6 110 3.2 99 4.1 25648 24364 28 28 27.8 - - - - -
2014-7-26 21:00:0026.7 25.8 26.9 26.7 1,004.5 0 95 94 61 2.4 61 1.5 60 2 45 3.1 43 5.5 20697 23483 27.9 28.2 27.8 - - - - -
2014-7-26 20:00:0026.9 26.2 26.9 26.8 1004 0 96 96 47 4.3 51 2.6 47 2.7 48 3.6 43 6 12387 12415 28.2 28.4 28.2 - - - - -
2014-7-26 19:00:0026.9 26.4 27 26.8 1,003.3 0 97 96 48 4.6 47 3.3 49 3.5 41 4.2 33 7.3 6757 7476 28.3 28.7 28.3 - - - - -
2014-7-26 18:00:0026.9 26.4 27.5 26.9 1,003.1 0 97 94 62 5.1 63 3.1 57 2.7 29 3.5 24 6.4 6230 5806 28.7 30.7 28.6 - - - - -
2014-7-26 17:00:0027.5 26.4 28.7 27.5 1,003.6 0 94 84 66 3.9 53 2.5 57 2.5 40 3.5 32 7.2 6947 7842 30.7 32.9 30.7 - - - - -
2014-7-26 16:00:0028.8 26 30.1 28.8 1,003.3 0 85 83 39 4.8 54 2.3 52 2 54 2.1 39 4.8 27326 24458 32.9 37.9 32.9 - - - - -
2014-7-26 15:00:0030.1 26.9 31.2 30.1 1,003.4 0 83 78 - 0 - 0 - 0 - 0 - 0 17413 19122 38.1 43 38.1 - - - - -
2014-7-26 14:00:0031.2 26.9 31.5 30.8 1,003.7 0 78 75 - 0 - 0 - 0 - 0 - 0 17382 21412 43.1 44.2 42.9 - - - - -
2014-7-26 13:00:0031.3 26.3 31.6 30.3 1,004.2 0 75 74 - 0 - 0 - 0 - 0 - 0 19209 22435 44.3 44.4 41.9 - - - - -
2014-7-26 12:00:0030.3 26.2 30.3 29.6 1,004.4 0 79 79 - 0 - 0 - 0 19 2.5 30 3.3 25824 21136 41.9 41.9 37.6 - - - - -
2014-7-26 11:00:0029.8 26.4 29.9 29.3 1,004.6 0 82 81 13 3.5 15 2.6 17 2.5 305 2.5 5 3.8 20904 18337 39.1 39.1 34.8 - - - - -
2014-7-26 10:00:0029.6 26.2 30.7 29.2 1,004.6 0 82 76 313 3.2 302 2.6 305 2.2 330 2.2 313 3.2 15913 19454 34.8 38.5 34.6 - - - - -
2014-7-26 9:00:0029.5 26.3 29.5 28.4 1,004.3 0 83 83 - 0 - 0 114 0.8 110 3.3 111 4.4 18761 19747 36.7 36.7 32.4 - - - - -
2014-7-26 8:00:0028.4 26.2 28.4 27.2 1,003.9 0 88 88 102 2.2 107 2.1 106 1.8 110 2.9 112 4 17665 15269 32.3 32.3 29.3 - - - - -
2014-7-26 7:00:0027.2 26.1 27.2 26.5 1,003.7 0 94 92 111 3.1 111 2.8 111 3 111 3.3 107 4.3 12238 12586 29.2 29.2 27.1 - - - - -
2014-7-26 6:00:0026.5 26 26.5 26.3 1,003.2 0 97 97 111 2.3 110 2 118 1.6 110 1.8 102 2.8 11895 9999 27.1 27.1 26.5 - - - - -
2014-7-26 5:00:0026.5 26.2 26.6 26.5 1,002.7 0 98 96 88 0.7 71 0.5 96 1.7 65 2.1 64 2.9 3950 3915 26.5 26.5 26.4 - - - - -
2014-7-26 4:00:0026.6 25.9 27.1 26.6 1,002.2 0 96 94 70 2.6 66 2.1 65 2.1 67 2.1 67 2.8 7545 7841 26.4 26.6 26.4 - - - - -
2014-7-26 3:00:0027.1 26 27.3 27 1,001.9 0 94 93 174 1.3 175 1.3 165 1.4 190 2.2 154 2 12201 11692 26.6 26.9 26.6 - - - - -
2014-7-26 2:00:0027.2 26 27.4 27.2 1002 0 93 92 202 2.6 203 2.2 189 2.2 161 3.4 173 3.8 11849 13305 26.9 27.2 26.8 - - - - -
2014-7-26 1:00:0027.3 25.9 27.3 27.1 1,002.2 0 92 92 168 3.6 162 3 160 3.4 157 4.9 163 5.6 14920 14420 27.1 27.1 27.1 - - - - -
2014-7-26 00:00:0027.1 25.9 27.3 27 1,002.1 0 93 92 160 5.7 158 4.9 156 4.9 156 5.1 157 6.7 14108 12977 27.1 27.1 27 - - - - -
2014-7-25 23:00:0027 25.8 27.4 27 1002 0 93 91 156 6.3 156 5 156 5 156 5 143 6.6 12996 13466 27.1 27.2 27.1 - - - - -
2014-7-25 22:00:0027.4 25.8 28.2 27.4 1002 0 91 89 146 4.9 151 4 145 3.9 134 4.4 151 6.1 14848 14994 27.2 27.5 27.2 - - - - -
2014-7-25 21:00:0028.2 26.2 29.1 28.2 1,001.5 0 89 77 134 3.5 136 3.4 137 3.5 141 3.5 113 5.3 15067 15754 27.5 27.6 27.4 - - - - -
2014-7-25 20:00:0029 24.6 29.1 28.8 1,000.6 0 77 75 167 3.3 162 2.7 157 2.5 160 3.8 161 4.8 25403 24418 27.6 28.4 27.6 - - - - -
2014-7-25 19:00:0029 24.6 29.3 29 999.7 0 77 74 190 4.3 195 3.1 182 3.2 195 4.1 190 5.7 25904 26859 28.4 29.4 28.4 - - - - -
2014-7-25 18:00:0029.2 25 29.3 29 999 0 78 77 213 4.6 224 3.4 212 3.4 222 5.5 230 7.1 31318 31915 29.4 30 29.4 - - - - -
2014-7-25 17:00:0029.1 24.9 29.3 29.1 998.5 0 78 77 217 7 221 5.3 220 5.3 209 6 205 7.7 35000 35000 30 30.7 30 - - - - -
2014-7-25 16:00:0029 24.8 29.1 28.7 998.5 0 78 78 215 5.6 211 4.6 232 5.1 213 7.5 211 9.9 35000 35000 30.7 30.8 30.1 - - - - -
2014-7-25 15:00:0028.8 25.2 29.5 28.7 998.3 0 81 77 216 6.9 212 5.7 229 5.3 244 7.2 241 9.5 29685 35000 30.4 31.8 30.4 - - - - -
2014-7-25 14:00:0029.5 25 29.6 29.1 997.8 0 77 76 243 6.4 245 5.6 240 5.7 222 6.8 212 9.6 35000 35000 31.7 31.8 31.4 - - - - -
2014-7-25 13:00:0029.2 25 29.2 28.6 997.4 0 78 78 199 7.2 204 5.8 211 6 202 6.5 211 9 35000 30892 31.8 31.8 30.1 - - - - -
2014-7-25 12:00:0028.6 25.2 29.2 28.6 997.2 0 82 77 202 6.8 203 5.3 203 5.5 223 6.2 225 9.1 26651 24096 30.1 31 30 - - - - -
2014-7-25 11:00:0029.1 25.1 29.4 29 996.8 0 79 75 227 7.4 224 5.2 207 6 201 9 198 11.5 24199 21171 30.9 31.2 30.8 - - - - -
2014-7-25 10:00:0029.4 24.7 29.4 29.1 996.1 0 76 75 202 10.2 202 7.4 201 7.5 189 9.8 192 14.4 24118 23027 30.7 31.1 29.9 - - - - -
2014-7-25 9:00:0029.3 25.3 29.6 28.8 995 0 79 78 186 12.2 190 9.8 188 9.1 167 9.3 166 12.7 20434 21025 31.1 31.8 29.9 - - - - -
2014-7-25 8:00:0028.8 25.2 29.2 28.8 994.1 0 81 79 171 9.9 172 9 173 8.9 172 11.4 176 15.7 23069 23420 29.9 30.4 29.8 - - - - -
2014-7-25 7:00:0029.1 25.3 29.1 28.6 993.3 0 80 78 171 14.2 175 10.4 168 10.9 168 14 165 19.4 27089 24003 30.1 30.1 28.3 - - - - -
2014-7-25 6:00:0028.7 24.7 28.7 28.5 992.2 0 79 79 161 17.7 160 14.4 164 13.1 161 13.7 159 20.6 31659 26123 28.3 28.3 28.2 - - - - -
2014-7-25 5:00:0028.7 24.9 28.8 28.6 991.3 0 80 80 159 16.5 159 12.9 162 13.7 162 15.5 176 21.2 25341 24765 28.2 28.3 28.2 - - - - -
2014-7-25 4:00:0028.8 25 28.8 28.7 991.3 0 80 79 169 19 162 16.6 161 15.5 159 16.1 153 22.7 23492 24839 28.3 28.3 28.2 - - - - -
2014-7-25 3:00:0028.7 24.7 28.8 28.7 991.1 0 79 79 163 17.5 162 15.9 162 15.1 159 16.7 156 24.7 26876 26220 28.3 28.4 28.3 - - - - -
2014-7-25 2:00:0028.7 24.7 28.8 28.6 991.3 0 79 78 156 20.6 156 16.7 157 16.3 157 16.6 155 24.9 25469 25795 28.4 28.5 28.4 - - - - -
2014-7-25 1:00:0028.8 24.6 28.9 28.8 991.3 0 78 77 154 22.7 156 15.6 156 15.4 157 17.4 157 24.5 28666 27294 28.4 28.6 28.4 - - - - -
2014-7-25 00:00:0028.8 24.6 29.1 28.8 991.8 0 78 76 155 18.5 157 16.1 157 16.1 157 17.2 160 25.3 27831 26088 28.6 28.8 28.6 - - - - -
2014-7-24 23:00:0029 24.6 29.1 28.9 992 0 77 75 157 22.3 158 16.7 158 16.6 156 17.7 157 24.8 31694 27277 28.7 28.9 28.7 - - - - -
2014-7-24 22:00:0029 24.3 29.2 28.8 992.4 0 76 75 158 23.8 157 17.6 157 17 156 17.1 152 23.9 30554 29226 28.8 28.9 28.8 - - - - -
2014-7-24 21:00:0028.8 24.6 29.1 28.6 992.1 0 78 75 158 22.8 157 16.1 155 13.7 156 15.2 157 23.2 34803 28199 28.8 29 28.8 - - - - -
2014-7-24 20:00:0028.6 24.8 29.3 28.5 992.3 0 80 74 156 19.3 156 14.1 154 12.2 152 13.6 156 19.3 27668 26181 28.8 29.2 28.8 - - - - -
2014-7-24 19:00:0029.2 24.3 29.3 28.9 992.3 0 75 74 157 16.9 156 12.6 156 13.8 156 14.1 159 20.8 25915 28813 29.2 30 29.2 - - - - -
2014-7-24 18:00:0028.9 25.1 30.2 28.8 992.5 0 80 69 152 15.3 154 11.1 152 11.1 157 14.6 157 21.5 24244 24499 30.1 31.7 30.1 - - - - -
2014-7-24 17:00:0030.1 24.5 30.1 29.1 992.2 0 72 70 158 13.9 155 10.9 155 12.7 155 12.8 155 20.1 31374 30574 31.6 32.6 31.4 - - - - -
2014-7-24 16:00:0029.3 25.9 29.8 29.3 992.6 0 82 79 138 13.7 147 12.3 150 11.6 149 12.5 135 17.6 16484 20569 32.6 35 32.6 - - - - -
2014-7-24 15:00:0029.7 25.9 29.7 28.8 992.9 0 80 80 133 16.3 133 12.4 139 11.1 151 11.7 155 16.9 19762 21176 34.7 34.7 32.5 - - - - -
2014-7-24 14:00:0029.3 25.9 29.8 29 993.6 0 82 80 155 12.4 150 9.6 142 10.5 132 11.1 132 17.4 21475 22964 34 36 33.3 - - - - -
2014-7-24 13:00:0029.8 25.8 30.7 29.6 994.3 0 79 76 129 13.4 135 10.2 135 9.1 153 10 154 14.1 21572 23110 36.2 39.5 35.3 - - - - -
2014-7-24 12:00:0030.3 25.8 30.5 29.5 995.1 0 77 77 134 12.8 142 9.5 144 8.7 140 9.8 150 14.1 22233 22768 38.9 39.1 34.6 - - - - -
2014-7-24 11:00:0029.5 26.1 30.2 29.2 995.4 0 82 78 129 9.7 134 7.8 147 8.2 139 10.2 128 15.8 26026 22557 34.8 37.7 33.5 - - - - -
2014-7-24 10:00:0029.2 25.4 29.9 29.1 995.6 0 80 72 153 9 153 6.9 154 8 155 8.5 136 12.5 27709 24832 33.6 35.4 33.5 - - - - -
2014-7-24 9:00:0029.6 24.7 29.7 28.2 995.5 0 75 75 158 8.5 156 7.2 154 7 134 8.7 124 13.4 28160 25632 33.8 33.8 29.5 - - - - -
2014-7-24 8:00:0028.4 26 28.4 28.3 995.1 0 87 87 147 12.2 142 9.2 134 8.3 134 9.7 133 13.4 19315 19034 29.6 29.6 29.1 - - - - -
2014-7-24 7:00:0028.4 26 28.4 28.1 995.4 0 87 87 126 11.9 133 9.2 136 8.8 140 9.1 141 13.6 20948 20455 29.3 29.3 28.3 - - - - -
2014-7-24 6:00:0028.1 26.1 28.1 27.9 995.4 0 89 89 131 8 127 7 137 7.4 132 7.8 148 12 22241 21622 28.3 28.3 28 - - - - -
2014-7-24 5:00:0027.9 26.1 28 27.8 995.3 0 90 90 135 7.2 128 6 132 7.5 136 9.2 148 14.4 21885 19861 28 28 28 - - - - -
2014-7-24 4:00:0028 26.2 28 27.8 994.6 0 90 89 137 11.2 130 7.3 135 7.2 142 8.9 127 13.9 19540 20515 28.1 28.1 28.1 - - - - -
2014-7-24 3:00:0027.9 26.1 27.9 27.8 995.3 0 90 89 125 10.7 134 8.6 142 8.8 146 8.9 153 12.6 24242 24445 28.1 28.2 28 - - - - -
2014-7-24 2:00:0027.9 25.9 28.3 27.9 995.7 0 89 88 129 9.9 144 7.7 141 8 130 9.7 134 14.3 25580 24817 28.2 28.2 28.2 - - - - -
2014-7-24 1:00:0028.1 26.3 28.2 28 995.8 0 90 90 127 9.2 131 7.6 118 8.1 114 8.3 110 12 22784 22498 28.2 28.5 28.2 - - - - -
2014-7-24 00:00:0028.2 26.2 28.3 28.1 996.5 0 89 89 108 9.6 108 7.3 113 5.7 112 8 112 11.6 21836 22091 28.5 28.5 28.4 - - - - -
2014-7-23 23:00:0028.1 26.5 28.3 28.1 996.8 0 91 89 112 8.6 116 6.6 111 6 139 7 130 11.3 19286 19144 28.5 28.7 28.5 - - - - -
2014-7-23 22:00:0028.3 26.3 28.8 28.2 997.5 0 89 86 122 7.6 122 6.2 117 6.7 110 7.8 124 10.9 19924 20510 28.7 29.1 28.7 - - - - -
2014-7-23 21:00:0028.8 26.2 28.8 28.5 997.5 0 86 86 109 9.8 109 7.3 111 7.7 112 7.8 109 10.9 21685 22115 29.1 29.3 29.1 - - - - -
2014-7-23 20:00:0028.9 26.1 29 28.9 997 0 85 85 115 8.6 117 7.2 116 7 110 7.8 116 11.2 22892 22289 29.3 29.9 29.3 - - - - -
2014-7-23 19:00:0029 26.2 29.7 29 996.9 0 85 82 111 8.2 126 7.3 130 7.3 145 9.1 144 14.6 23000 22994 29.9 31.1 29.9 - - - - -
2014-7-23 18:00:0029.6 26.2 30.4 29.6 996.4 0 82 79 153 9.9 150 8.7 143 9.3 133 9.4 158 13.6 24595 23561 31.2 33.1 31.2 - - - - -
2014-7-23 17:00:0030.3 26.2 30.6 30.2 995.9 0 79 77 137 10.7 124 7.6 137 8.3 145 10.2 156 13.8 21871 26572 33.1 34.4 33 - - - - -
2014-7-23 16:00:0030.4 26.1 31.1 30.2 996.3 0 78 76 144 11.8 142 8.5 139 8.3 151 10.1 142 14.7 27422 26915 34.5 37.4 34.5 - - - - -
2014-7-23 15:00:0031 26.3 31.5 30.7 996.8 0 76 75 153 11.6 154 9.9 142 5.9 153 10.8 151 14.5 17357 23101 37.4 38.8 37 - - - - -
2014-7-23 14:00:0031.1 26.1 31.5 30.7 997.2 0 75 75 158 13.8 156 11.4 151 9.8 150 10.4 155 14.4 35000 27274 38.9 40.5 38.9 - - - - -
2014-7-23 13:00:0031 26.5 31.3 30.7 997.6 0 77 75 153 9.8 149 7.5 149 8.9 146 10.5 152 15.3 26593 31768 40.5 41.7 40.5 - - - - -
2014-7-23 12:00:0031.2 26.5 31.4 30.7 997.8 0 76 74 154 9.7 148 8.5 138 8.4 150 9.2 157 13.5 28656 25996 41.7 41.7 39.9 - - - - -
2014-7-23 11:00:0031 26.3 31 30.3 998.3 0 76 75 129 9.8 125 7.9 142 9 152 9.7 148 13.2 35000 33388 39.8 39.8 37.5 - - - - -
2014-7-23 10:00:0030.4 25.7 30.5 29.8 998.2 0 76 76 144 12.2 149 10 147 8.7 153 9.4 154 12.6 35000 27625 37.5 37.5 35.1 - - - - -
2014-7-23 9:00:0030.1 26.3 30.2 29.4 998.7 0 80 79 147 9 150 8.1 152 8.3 152 8.3 155 11.1 20686 28114 35.1 35.1 32.5 - - - - -
2014-7-23 8:00:0029.4 26.4 29.6 28.5 998.5 0 84 82 148 6.6 150 5.9 141 5.8 138 5.8 134 9.2 27507 29485 32.5 32.5 29.8 - - - - -
2014-7-23 7:00:0028.5 26.1 28.5 27.6 998.9 0 87 86 145 7 146 5.1 150 5.7 156 6.3 155 8.9 35000 33551 29.8 29.8 27.7 - - - - -
2014-7-23 6:00:0027.6 26 27.6 27.2 998.9 0 91 91 149 4.5 135 3.5 134 3.8 118 4.5 140 6.6 35000 35000 27.7 27.7 27.3 - - - - -
2014-7-23 5:00:0027.3 26.1 27.3 27 998.4 0 93 93 145 5.4 146 4.2 135 4.2 135 4.2 137 6.3 35000 34299 27.3 27.5 27.3 - - - - -
2014-7-23 4:00:0027 26.1 27.4 27 998.3 0 95 95 117 4.5 113 3.7 112 3.3 115 3.5 113 5.6 32632 31988 27.5 27.7 27.5 - - - - -
2014-7-23 3:00:0027.4 26.3 27.4 27.3 998.4 0 94 94 135 3.6 137 2.2 137 2.2 130 4.8 128 7 33446 34100 27.7 27.8 27.6 - - - - -
2014-7-23 2:00:0027.3 26.2 27.4 27 998.5 0 94 94 124 4 141 4.4 145 4.5 146 4.5 151 7.2 34743 35000 27.8 27.9 27.8 - - - - -
2014-7-23 1:00:0027.2 26.1 27.2 26.6 998.8 0 94 93 126 4.3 125 3 123 3.2 111 3.5 149 5.1 35000 35000 27.9 27.9 27.5 - - - - -
2014-7-23 00:00:0026.7 26 27.3 26.7 999.1 0 96 93 111 3.9 110 3.4 110 3.3 110 6.1 119 8 30886 35000 27.5 27.8 27.5 - - - - -
2014-7-22 23:00:0027.3 26.1 27.4 27.3 999.4 0 93 92 110 8.2 109 6 111 5.9 111 5.9 107 8.7 35000 35000 27.8 28 27.8 - - - - -
2014-7-22 22:00:0027.3 25.9 27.4 27.3 999.9 0 92 91 109 6.5 114 4.6 111 4.4 111 6.1 113 8.3 35000 35000 28 28.2 28 - - - - -
2014-7-22 21:00:0027.3 25.9 27.6 27.3 999.8 0 92 89 110 7.2 112 5.8 111 6 112 6.2 109 9 35000 35000 28.2 28.5 28.2 - - - - -
2014-7-22 20:00:0027.7 25.7 28 27.7 999.8 0 89 86 110 7.7 110 6 110 5.8 111 6.4 108 8.9 35000 35000 28.5 29.1 28.5 - - - - -
2014-7-22 19:00:0028 25.4 28.6 28 999.5 0 86 83 111 7.2 111 5.7 118 6 116 6.6 112 9.2 35000 35000 29.1 30.5 29.1 - - - - -
2014-7-22 18:00:0028.6 25.4 29.1 28.6 998.9 0 83 80 138 7.8 133 6.3 124 6.4 113 7.8 116 11.1 35000 35000 30.5 32.2 30.5 - - - - -
2014-7-22 17:00:0029.1 25.3 30 29.1 998.3 0 80 72 125 9.5 117 7.7 116 7.8 116 7.8 109 11.2 35000 35000 32.3 34.3 32.3 - - - - -
2014-7-22 16:00:0029.9 25.2 30.4 29.7 998.5 0 76 73 142 7.1 142 6.3 133 6.7 151 9 162 12.3 35000 35000 34.4 37.1 34.4 - - - - -
2014-7-22 15:00:0030.4 25.2 30.7 30.3 999.1 0 74 71 115 9.9 124 7.7 139 7.5 153 9.3 153 12.6 35000 35000 37.1 38.8 37.1 - - - - -
2014-7-22 14:00:0030.5 24.6 30.9 30.3 998.9 0 71 70 156 10.8 155 9.1 154 8.3 154 8.8 156 11.9 35000 35000 38.9 40.6 38.9 - - - - -
2014-7-22 13:00:0030.3 25.4 30.5 30 999.5 0 75 74 155 9.2 155 7.7 154 8.3 153 8.5 154 11.4 35000 35000 40.4 41.6 40.4 - - - - -
2014-7-22 12:00:0030.3 25.6 30.3 29.7 999.8 0 76 76 146 8.3 152 7.5 151 6.7 155 8.7 153 11.4 35000 35000 41.3 41.4 39.6 - - - - -
2014-7-22 11:00:0029.7 25.4 30.2 29.6 1,000.7 0 78 76 157 9.6 153 8.1 152 8.3 152 8.3 151 10.7 35000 35000 39.6 39.6 37.8 - - - - -
2014-7-22 10:00:0029.7 25.2 29.7 28.9 1001 0 77 77 155 6.2 155 5.4 149 5.8 156 6.2 157 8.5 34324 35000 37.8 37.8 34.4 - - - - -
2014-7-22 9:00:0029 25.4 29.2 28.3 1,000.8 0 81 79 156 7.7 157 5.3 156 6 155 6.9 159 9.2 35000 35000 34.4 34.5 31.9 - - - - -
2014-7-22 8:00:0028.3 25.3 28.4 27.8 1,000.9 0 84 82 157 6.5 156 5.9 154 6.9 151 6.9 138 9.9 35000 35000 31.8 31.8 29.3 - - - - -
2014-7-22 7:00:0027.9 24.9 27.9 26.8 1,000.8 0 84 84 151 6.7 153 5.7 155 5.8 156 5.8 156 7.9 30690 35000 29.3 29.3 27.1 - - - - -
2014-7-22 6:00:0026.9 24.9 26.9 26.8 1,000.1 0 89 88 148 4.4 148 4 148 4.4 155 5.4 153 8.8 35000 35000 27 27 26.6 - - - - -
2014-7-22 5:00:0026.8 24.8 27 26.7 1,000.1 0 89 87 147 6.4 145 4.7 154 5.2 156 6 155 8 35000 35000 26.6 26.8 26.6 - - - - -
2014-7-22 4:00:0027 24.6 27.1 27 999.8 0 87 87 153 6.3 154 5.4 156 5.5 158 6.2 155 8.9 35000 35000 26.8 27 26.8 - - - - -
2014-7-22 3:00:0027 24.8 27.1 27 999.7 0 88 87 156 6.1 157 4.9 157 5.7 154 7.5 154 9.9 35000 35000 26.9 27 26.9 - - - - -
2014-7-22 2:00:0027 24.8 27.1 27 999.6 0 88 87 154 7.2 156 6.7 154 6.8 155 8 156 10.1 35000 35000 27 27.2 27 - - - - -
2014-7-22 1:00:0027 25 27 27 1,000.1 0 89 89 151 9.2 152 7.9 155 7.7 155 7.9 152 11.2 35000 35000 27.1 27.3 27.1 - - - - -
2014-7-22 00:00:0027 25.2 27.1 27 1,000.7 0 90 90 156 9.1 153 7.2 155 8 153 8.5 157 11.8 35000 35000 27.3 27.6 27.3 - - - - -
2014-7-21 23:00:0027.1 25.3 27.1 27 1,000.8 0 90 90 155 9.7 155 7.5 156 7.8 156 7.9 154 10.9 35000 35000 27.5 27.8 27.5 - - - - -
2014-7-21 22:00:0027.1 25.5 27.3 27.1 1,000.8 0 91 90 156 8.7 153 7.2 153 6.9 150 8.7 153 13.2 35000 35000 27.8 28 27.8 - - - - -
2014-7-21 21:00:0027.3 25.5 27.6 27.2 1,000.6 0 90 87 136 10.4 147 8.7 150 8.1 149 8.2 155 13.3 35000 35000 28 28.3 28 - - - - -
2014-7-21 20:00:0027.6 25.2 28.1 27.6 1,000.4 0 87 79 135 9.1 141 6.6 144 7.1 131 9 118 13.1 35000 35000 28.3 28.7 28.3 - - - - -
2014-7-21 19:00:0028.1 24.1 28.8 28.1 999.8 0 79 72 151 10.8 154 8.2 138 7.4 136 7.6 151 10.8 35000 35000 28.7 30 28.7 - - - - -
2014-7-21 18:00:0028.9 23.3 29.3 28.9 999.7 0 72 72 122 8.8 118 7.2 121 6.9 128 8.2 139 12.5 35000 35000 30 31.6 30 - - - - -
2014-7-21 17:00:0029.3 24.6 30.3 29.2 999.5 0 76 72 123 9.4 120 7.8 124 7.6 115 8.6 111 12.1 35000 35000 31.6 33.8 31.6 - - - - -
2014-7-21 16:00:0030.2 24.8 30.6 30.1 999.7 0 73 71 130 8.2 134 7 148 7.4 153 8 157 12.1 35000 35000 33.9 36.5 33.9 - - - - -
2014-7-21 15:00:0030.5 24.9 30.6 30 999.8 0 72 72 146 10 140 7.5 151 8 150 8.7 155 12.6 35000 35000 36.5 38.1 36.4 - - - - -
2014-7-21 14:00:0030.3 24.9 30.7 29.9 1,000.3 0 73 71 155 9.6 156 8.7 151 7.7 156 8.4 154 11.4 35000 35000 38.2 39.7 38.2 - - - - -
2014-7-21 13:00:0030 25.3 30.3 29.8 1,000.9 0 76 75 155 10.3 157 8.8 151 8.1 156 8.3 147 11.4 35000 35000 39.7 40.6 39.7 - - - - -
2014-7-21 12:00:0030.1 25.4 30.5 29.7 1,001.2 0 76 74 153 10 152 7.7 155 7.1 154 7.6 155 11 35000 35000 40.6 40.9 39.3 - - - - -
2014-7-21 11:00:0030.1 25.2 30.2 29.4 1,001.7 0 75 75 157 8.1 156 6.7 146 6.3 152 7.8 158 10.5 35000 35000 39.3 39.3 36.6 - - - - -
2014-7-21 10:00:0029.2 25 29.4 28.5 1002 0 78 77 157 6.5 157 6 154 6.6 156 7.6 154 10.5 35000 35000 36.5 36.5 33.8 - - - - -
2014-7-21 9:00:0028.6 25.2 28.8 28.2 1002 0 82 80 160 10 159 8 156 7.5 156 7.5 160 10 35000 35000 33.8 33.9 31.2 - - - - -
2014-7-21 8:00:0028.1 25.3 28.5 27.3 1002 0 85 83 149 8 152 6.3 150 6 150 6 158 9.1 35000 35000 31.2 31.5 28.5 - - - - -
2014-7-21 7:00:0027.3 25.5 27.3 26.4 1,001.7 0 90 90 140 5.8 147 4.6 133 4.6 112 4.6 113 6.9 35000 35000 28.5 28.6 27 - - - - -
2014-7-21 6:00:0026.3 25.3 26.3 26.1 1,001.6 0 94 94 134 5.1 140 4.5 126 4.3 111 4.9 110 6.9 35000 35000 27 27 26.6 - - - - -
2014-7-21 5:00:0026.1 25.2 26.2 26.1 1,001.4 0 95 93 112 5.8 109 4.7 110 4.8 113 4.8 112 6.4 35000 35000 26.6 26.7 26.6 - - - - -
2014-7-21 4:00:0026.2 25 26.3 26.2 1,001.3 0 93 92 120 5.2 111 4.6 111 4.3 109 4.5 110 6.5 35000 35000 26.7 26.8 26.6 - - - - -
2014-7-21 3:00:0026.3 25.1 26.4 26.3 1,000.8 0 93 92 109 4.8 111 4.1 116 3.8 124 4.5 140 6.6 35000 35000 26.8 27 26.8 - - - - -
2014-7-21 2:00:0026.4 25 26.7 26.4 1,000.9 0 92 91 125 6.1 127 4.8 121 4.3 154 6.2 162 7.7 35000 35000 26.9 27 26.9 - - - - -
2014-7-21 1:00:0026.7 25.1 26.8 26.6 1,001.2 0 91 91 157 7.2 150 5.9 152 6.1 152 6.1 121 8.2 35000 35000 27 27.3 27 - - - - -
2014-7-21 00:00:0026.7 25.1 27 26.7 1,002.1 0 91 90 138 5.7 129 5 128 5.4 132 6.6 147 9.3 35000 35000 27.3 27.4 27.3 - - - - -
2014-7-20 23:00:0026.9 25.1 27 26.9 1,002.5 0 90 90 124 10 137 6.7 136 6 124 6.2 124 10 35000 35000 27.4 27.7 27.4 - - - - -
2014-7-20 22:00:0027 25.2 27.1 27 1,002.7 0 90 90 109 7.3 129 6.2 131 6.1 141 7.1 135 10.3 35000 35000 27.7 28 27.7 - - - - -
2014-7-20 21:00:0027 25.4 27.2 27 1,002.9 0 91 90 123 6.4 125 5.1 124 5.6 138 6.5 126 9.4 35000 35000 28 28.3 28 - - - - -
2014-7-20 20:00:0027.2 25.4 27.7 27.2 1,002.5 0 90 86 148 8.1 140 6.7 133 6.1 111 7.7 111 10.4 35000 35000 28.3 28.9 28.3 - - - - -
2014-7-20 19:00:0027.7 24.9 28.5 27.7 1,002.1 0 85 81 107 9.7 109 8 110 7.6 111 7.6 109 10.5 35000 35000 28.9 30.4 28.9 - - - - -
2014-7-20 18:00:0028.5 25.1 29.4 28.5 1,001.9 0 82 77 113 7.7 113 5.9 113 6.3 111 6.8 112 9.3 35000 35000 30.4 32.1 30.4 - - - - -
2014-7-20 17:00:0029.4 24.7 29.9 29.3 1,001.7 0 76 75 107 6.7 109 5.4 110 5.9 111 6.8 110 9.5 35000 35000 32.2 34.5 32.2 - - - - -
2014-7-20 16:00:0029.8 25.5 30.7 29.8 1002 0 78 74 114 8.7 113 6.6 111 6.4 111 6.4 112 8.9 35000 35000 34.6 37.8 34.6 - - - - -
2014-7-20 15:00:0030.4 26.1 31.1 30.3 1,002.4 0 78 73 109 8.3 111 5.6 114 5.5 114 6 112 8.7 35000 35000 37.9 39.6 37.9 - - - - -
2014-7-20 14:00:0031 25.8 31 29.8 1,002.8 0 74 74 161 4.9 154 4 146 3.8 119 4 108 6.9 35000 35000 39.7 41.1 38.9 - - - - -
2014-7-20 13:00:0030.5 26.9 30.8 30.1 1,003.2 0 81 77 87 3.3 95 1.7 117 2.8 118 3.5 142 5.9 34279 35000 41.1 42.1 40.5 - - - - -
2014-7-20 12:00:0030.5 26.2 31.2 30.2 1,003.7 0 78 72 137 4.1 141 3.4 122 3.7 157 4.2 149 6.3 35000 35000 42 42.1 39.7 - - - - -
2014-7-20 11:00:0030.2 25.3 30.5 29.6 1,004.1 0 75 73 - 0 - 0 148 1.3 128 4.7 107 7.4 35000 35000 39.7 39.7 37.1 - - - - -
2014-7-20 10:00:0029.8 25.3 29.8 29 1,004.5 0 77 77 153 6 155 5 150 4.3 124 5.1 118 7.3 35000 35000 37.1 37.1 34.2 - - - - -
2014-7-20 9:00:0029 25.4 29 28 1,004.4 0 81 81 157 4.5 155 4.4 150 4.7 156 5.9 158 8.2 35000 35000 34.2 34.2 31.2 - - - - -
2014-7-20 8:00:0028.1 25.5 28.1 27.4 1,004.5 0 86 85 152 6.9 151 5.1 148 5.1 154 6.7 155 9.1 35000 35000 31.2 31.2 28.5 - - - - -
2014-7-20 7:00:0027.4 25.4 27.4 26.5 1,004.5 0 89 89 153 6.7 139 5.6 133 5.3 156 5.7 122 8 33818 35000 28.4 28.4 26.7 - - - - -
2014-7-20 6:00:0026.5 25.1 26.5 26.1 1004 0 92 92 159 5.7 158 4.7 157 4.7 156 5.3 155 7 35000 35000 26.6 26.6 26.3 - - - - -
2014-7-20 5:00:0026.2 25.2 26.2 26.1 1,003.9 0 94 94 157 5.1 155 4.3 150 4.3 120 5.4 120 7.1 29712 33548 26.3 26.4 26.3 - - - - -
2014-7-20 4:00:0026.1 25.2 26.3 26.1 1004 0 95 95 147 7.2 135 5.6 115 5.3 111 5.5 110 8.5 34046 29992 26.4 26.5 26.4 - - - - -
2014-7-20 3:00:0026.3 25.3 26.4 26.3 1004 0 94 94 149 5 148 3.9 150 4.2 155 5.3 159 6.6 25591 28579 26.4 26.6 26.4 - - - - -
2014-7-20 2:00:0026.4 25.4 26.5 26.3 1,004.2 0 94 93 154 4.5 152 3.8 152 3.9 154 5 155 6.7 25524 27913 26.5 26.6 26.5 - - - - -
2014-7-20 1:00:0026.4 25.4 26.7 26.4 1,004.5 0 94 91 156 7.3 154 5.5 152 4.9 153 6.1 156 7.3 28012 29474 26.6 26.7 26.6 - - - - -
2014-7-20 00:00:0026.7 25.1 26.8 26.7 1,004.7 0 91 91 154 7.1 155 6.2 154 5.7 155 6.4 156 8.6 31245 31389 26.7 26.9 26.7 - - - - -
2014-7-19 23:00:0026.8 25.2 27 26.8 1,005.1 0 91 90 157 7 157 6.2 153 5.4 155 6 152 8.5 34173 29232 26.9 27 26.9 - - - - -
2014-7-19 22:00:0027 25.2 27.2 27 1,005.2 0 90 87 148 7 153 5.9 152 5.6 154 6.9 157 9.5 28682 28846 27 27.2 27 - - - - -
2014-7-19 21:00:0027.2 25 27.2 27.1 1,005.1 0 88 87 152 8 146 5.6 152 5.5 155 6.9 156 9.6 31495 35000 27.2 27.4 27.2 - - - - -
2014-7-19 20:00:0027.1 25.1 27.3 27.1 1,004.2 0 89 89 158 9.4 155 6.9 154 6.4 152 7.2 155 9.6 32745 31497 27.5 28 27.5 - - - - -
2014-7-19 19:00:0027.4 25.2 28.2 27.4 1,003.7 0 88 83 145 8.2 150 6.9 153 6.4 153 7.1 157 9.9 29953 29943 28 28.9 28 - - - - -
2014-7-19 18:00:0028.2 25 28.8 28.2 1,003.6 0 83 80 142 9.1 134 6.1 135 5.9 110 7.1 111 10.3 35000 35000 28.9 30.4 28.9 - - - - -
2014-7-19 17:00:0028.8 25 29.3 28.8 1,003.9 0 80 79 111 7.3 110 6 112 6.4 111 6.8 109 9.4 35000 35000 30.4 31.1 30.4 - - - - -
2014-7-19 16:00:0029.2 25.4 29.7 29.2 1,004.1 0 80 76 117 6.1 114 4.7 131 5.4 155 6.4 156 8.3 35000 35000 31.1 31.9 31 - - - - -
2014-7-19 15:00:0029.6 24.9 30 29.6 1,004.2 0 76 76 164 6.5 161 6 155 5.6 155 6 156 8.2 35000 35000 31.9 33.6 31.9 - - - - -
2014-7-19 14:00:0029.7 25.7 30.3 29.6 1,004.4 0 79 77 154 6.8 154 5.8 154 5.8 156 5.9 142 7.5 33078 34793 33.6 35.8 33.6 - - - - -
2014-7-19 13:00:0029.7 25.9 31.1 29.6 1,004.6 0 80 74 157 6.6 157 5.7 155 6 156 6.1 156 7.6 29729 27035 35.5 39.7 35.5 - - - - -
2014-7-19 12:00:0030.6 26.3 30.6 29.5 1,005.1 0 78 76 147 5.1 152 3.9 157 4.3 163 5.1 161 7.1 30968 29420 39.2 39.2 34.6 - - - - -
2014-7-19 11:00:0029.6 25.6 29.8 28.7 1,005.8 0 79 79 154 6.2 156 4.4 161 4.5 156 5.5 159 7.5 30322 26829 35.2 36.1 32.6 - - - - -
2014-7-19 10:00:0028.8 25.8 28.9 27.8 1,005.7 0 84 84 155 6.5 154 5 155 4.8 156 6.3 157 7.7 31366 22472 32.6 32.6 30.1 - - - - -
2014-7-19 9:00:0027.8 25.4 27.9 27.1 1,005.7 0 87 87 157 7.1 156 5.7 156 5.6 157 5.9 156 8.3 17365 23834 30.2 30.2 28.3 - - - - -
2014-7-19 8:00:0027.1 25.5 27.1 26.9 1,005.5 0 91 90 155 6.2 156 5.1 154 5.3 155 6.4 159 8.7 23097 22206 28.3 28.3 27.6 - - - - -
2014-7-19 7:00:0026.9 25.3 27 26.7 1005 0 91 90 151 7 152 5.3 149 5.4 156 6.5 156 8.6 24614 25642 27.6 27.6 26.9 - - - - -
2014-7-19 6:00:0026.7 25.1 26.7 26.6 1,004.6 0 91 91 155 8.3 155 7.1 156 6.5 155 7.1 156 8.9 28550 28659 26.9 26.9 26.5 - - - - -
2014-7-19 5:00:0026.7 25.1 26.8 26.7 1,004.2 0 91 90 154 8.9 155 7.4 153 6.8 153 6.8 150 9 31170 30924 26.5 26.6 26.5 - - - - -
2014-7-19 4:00:0026.7 24.9 26.9 26.7 1,003.6 0 90 89 160 7.3 156 6.3 154 6.1 155 6.6 158 9.1 35000 35000 26.5 26.7 26.5 - - - - -
2014-7-19 3:00:0026.9 24.9 27.2 26.9 1,003.7 0 89 86 156 7.4 151 6.6 154 6.8 154 7.2 155 9.5 35000 35000 26.6 26.8 26.6 - - - - -
2014-7-19 2:00:0027.3 24.8 27.3 27.2 1,004.1 0 86 85 159 8 157 7 160 6.6 161 7.8 157 10.7 35000 35000 26.8 26.9 26.8 - - - - -
2014-7-19 1:00:0027.2 24.8 27.3 27.2 1,004.3 0 87 85 158 8.4 158 7.5 159 7.8 158 8.1 165 11.6 35000 35000 26.9 27 26.9 - - - - -
2014-7-19 00:00:0027.3 24.8 27.4 27.3 1,004.6 0 86 85 172 9.4 168 7.5 161 7.3 159 8.3 165 11.6 35000 35000 27 27 27 - - - - -
2014-7-18 23:00:0027.3 24.9 27.3 27.2 1,004.7 0 87 87 153 9.8 155 7.9 155 7.3 155 7.5 157 11.2 35000 35000 27 27.2 27 - - - - -
2014-7-18 22:00:0027.2 25.4 27.2 27 1005 0 90 90 156 8.3 154 6.9 157 6.8 153 8.2 157 11.1 35000 35000 27.2 27.3 27.2 - - - - -
2014-7-18 21:00:0027 25.6 27 26.9 1,004.9 0 92 92 152 7.3 153 7.1 153 7.3 152 8.9 155 12.4 33408 35000 27.3 27.5 27.3 - - - - -
2014-7-18 20:00:0026.9 25.5 27.1 26.9 1,004.2 0 92 91 157 9.4 156 8.3 152 8.2 135 9.8 155 14 35000 35000 27.5 27.9 27.5 - - - - -
2014-7-18 19:00:0027.1 25.5 27.6 27.1 1,003.3 0 91 89 137 12.1 135 9 134 9.9 135 10.3 141 13.8 35000 35000 27.9 28.9 27.9 - - - - -
2014-7-18 18:00:0027.6 25.6 28.2 27.6 1,003.2 0 89 86 131 9.6 131 8.2 129 7.9 139 9.2 135 13.2 35000 35000 28.9 29.9 28.9 - - - - -
2014-7-18 17:00:0028.1 25.7 28.6 28.1 1,003.5 0 87 85 147 11.3 139 9.1 135 8.7 136 9.2 134 13.3 35000 35000 29.9 30.8 29.9 - - - - -
2014-7-18 16:00:0028.6 25.8 29.8 28.6 1,003.4 0 85 80 152 10.9 146 8.6 145 8.9 140 9.3 156 13.3 35000 35000 30.8 33.6 30.8 - - - - -
2014-7-18 15:00:0029.9 25.9 30.5 29.8 1,003.8 0 79 77 140 9 129 7.6 144 7.7 144 7.7 155 11 35000 35000 33.6 35.2 33.6 - - - - -
2014-7-18 14:00:0029.9 26.1 30.2 29.5 1004 0 80 77 144 8.5 131 5.8 126 5.4 156 7.3 156 9.6 35000 35000 34 38.1 32.9 - - - - -
2014-7-18 13:00:0030 26 30.3 29.9 1,004.4 0 79 76 159 8.4 159 7.1 155 6.8 155 7.1 147 9.2 35000 35000 38.1 38.9 36.7 - - - - -
2014-7-18 12:00:0029.9 25.6 30 29.6 1,004.5 0 78 76 147 7 149 5.7 155 6.2 154 6.2 156 8.1 35000 35000 36.5 36.5 33.3 - - - - -
2014-7-18 11:00:0029.7 25.2 30.3 29.5 1,004.5 0 77 75 163 7.3 160 5.8 158 5.6 157 5.9 157 8.3 27777 35000 33.1 34.9 32.9 - - - - -
2014-7-18 10:00:0029.7 25.7 29.8 28.6 1,004.5 0 79 77 173 7 169 5 164 5.7 158 6 158 8.3 35000 35000 33.1 33.1 30.4 - - - - -
2014-7-18 9:00:0028.6 25.4 28.6 28.1 1,004.4 0 83 83 157 6.4 156 5.7 161 6 157 6.5 171 9.1 35000 35000 30.3 30.3 29.1 - - - - -
2014-7-18 8:00:0028.2 25.4 28.3 27.4 1,004.3 0 85 84 157 7.9 157 5.8 158 6.3 159 6.3 156 9.1 35000 35000 29.2 29.3 27.7 - - - - -
2014-7-18 7:00:0027.4 25.2 27.4 26.9 1,004.3 0 88 88 158 5.6 154 4.3 156 3.8 156 5.3 161 7.3 35000 35000 27.7 27.7 26.6 - - - - -
2014-7-18 6:00:0026.9 24.9 27 26.7 1,003.9 0 89 88 158 5.5 157 5.1 145 4.7 156 5 154 6.6 35000 35000 26.6 26.6 26.4 - - - - -
2014-7-18 5:00:0026.9 24.7 27.1 26.9 1,003.5 0 88 87 144 4.6 143 3.6 142 3.8 159 6.5 156 9.7 35000 35000 26.4 26.5 26.4 - - - - -
2014-7-18 4:00:0027.1 24.9 27.1 27.1 1,003.4 0 88 87 156 7.8 156 6 158 6.4 161 7.5 159 10.2 35000 35000 26.4 26.5 26.4 - - - - -
2014-7-18 3:00:0027.1 24.9 27.2 27.1 1003 0 88 87 157 11.1 162 7.4 158 7.4 158 8.4 157 11.3 35000 35000 26.5 26.6 26.5 - - - - -
2014-7-18 2:00:0027.1 24.9 27.2 26.9 1,003.2 0 88 88 163 8.5 163 7.2 162 7.1 157 7.8 161 12.1 35000 35000 26.6 26.7 26.6 - - - - -
2014-7-18 1:00:0026.9 25.3 26.9 26.7 1,003.2 0 91 91 156 8.7 156 7.3 156 7 154 7.8 156 11.3 35000 35000 26.7 26.8 26.7 - - - - -
2014-7-18 00:00:0026.8 25.6 26.8 26.7 1,003.5 0 93 93 153 7.7 146 6.9 151 7 149 7.9 153 11.8 33150 33668 26.9 26.9 26.8 - - - - -
2014-7-17 23:00:0026.8 25.8 26.9 26.7 1004 0 94 93 138 8.3 147 7.5 148 7.9 153 8.9 152 13.4 28183 31348 26.9 27.1 26.9 - - - - -
2014-7-17 22:00:0026.8 25.8 26.9 26.6 1,004.3 0 94 94 152 10.7 154 8.3 155 8 155 8 155 11.2 27496 27917 27.1 27.2 27.1 - - - - -
2014-7-17 21:00:0026.6 25.7 26.7 26.6 1,004.1 0 95 95 155 9.1 151 7 153 6.9 150 7.8 157 12 27188 26341 27.2 27.4 27.2 - - - - -
2014-7-17 20:00:0026.7 25.8 27 26.7 1,003.5 0 95 93 135 8.3 145 7.1 148 7.7 131 8.4 128 12.6 27310 28214 27.3 27.7 27.3 - - - - -
2014-7-17 19:00:0027 25.8 27.8 27 1,003.4 0 93 89 140 10.8 134 6.9 141 7.5 145 8 138 12.1 30062 31906 27.7 28.9 27.7 - - - - -
2014-7-17 18:00:0027.9 25.9 28 27.5 1,002.8 0 89 87 142 9.5 145 7.6 138 7.2 154 8.8 153 11.7 35000 35000 28.9 29.5 28.7 - - - - -
2014-7-17 17:00:0028 25.6 28.5 27.7 1,002.4 0 87 85 129 8.9 144 8.1 154 9 154 9.1 156 12.5 35000 35000 29.5 30.1 29.4 - - - - -
2014-7-17 16:00:0028.2 25.6 28.9 28.2 1,002.5 0 86 83 152 11.4 152 8.4 153 9 151 9.2 157 13.6 35000 35000 30.1 31.9 30.1 - - - - -
2014-7-17 15:00:0028.9 25.7 29.5 28.8 1,002.5 0 83 78 129 10.5 142 9.2 149 9.1 153 9.5 154 13.4 35000 35000 31.8 33.2 31.8 - - - - -
2014-7-17 14:00:0028.9 25.1 29.5 28.7 1,002.7 0 80 78 144 11.7 149 8.9 152 9.2 156 10 153 13.7 35000 35000 31.9 34.3 31.8 - - - - -
2014-7-17 13:00:0029.4 25.4 29.7 29 1,002.9 0 79 77 153 7.9 155 7.2 155 7.7 151 8.4 155 11.2 35000 35000 34.4 34.7 34 - - - - -
2014-7-17 12:00:0028.9 25.3 30.1 28.4 1,003.4 0 81 72 141 8.8 151 7.4 154 7.4 156 7.6 156 10.4 35000 35000 33.8 35.3 32.6 - - - - -
2014-7-17 11:00:0030.1 24.7 30.1 29.1 1,003.3 0 73 72 159 8.4 166 7 169 6.6 166 7.3 161 10.1 35000 35000 35.3 35.5 32.7 - - - - -
2014-7-17 10:00:0029.3 24.4 29.4 28.2 1,003.5 0 75 74 162 6.9 162 5.1 165 6.3 165 7.6 170 10.6 33009 35000 32.7 32.7 30.5 - - - - -
2014-7-17 9:00:0028.2 24.4 28.6 27.7 1,003.5 0 80 79 158 8.1 158 6.8 160 7.3 160 7.3 158 10.4 35000 35000 30.6 31.3 28.4 - - - - -
2014-7-17 8:00:0027.7 24.5 27.7 27.1 1,003.7 0 83 82 158 5.7 157 4.8 164 4.7 160 6.1 159 8.3 30904 35000 28.3 28.3 26.8 - - - - -
2014-7-17 7:00:0027.3 24.6 27.3 26.1 1,003.4 0 85 85 170 5.2 164 4.9 157 5 155 5.8 156 7.9 35000 35000 27.6 27.6 25.9 - - - - -
2014-7-17 6:00:0026.2 24.2 26.4 26.1 1,002.7 0 89 85 127 5.8 127 5.1 132 4.8 156 6.6 155 8.7 35000 35000 25.9 25.9 25.5 - - - - -
2014-7-17 5:00:0026.1 23.8 26.4 26.1 1,002.4 0 87 85 154 5.5 156 4.7 159 5.5 161 6.6 168 8.6 35000 35000 25.5 25.7 25.5 - - - - -
2014-7-17 4:00:0026.1 24 26.5 25.9 1,002.6 0 88 86 160 7.5 160 6.4 159 6 168 7.4 170 9.6 35000 35000 25.7 25.8 25.7 - - - - -
2014-7-17 3:00:0026.5 24 26.6 26.4 1,002.6 0 86 86 178 8.3 171 7.7 169 7.1 161 7.4 164 10.4 35000 35000 25.8 25.9 25.8 - - - - -
2014-7-17 2:00:0026.4 24.3 26.6 26.3 1,002.5 0 88 87 166 8.2 161 6.8 157 6.3 156 7.8 155 11 35000 35000 25.9 26 25.9 - - - - -
2014-7-17 1:00:0026.7 24.4 26.9 26.7 1,003.1 0 87 86 153 8.7 153 7 155 7.6 160 8.5 162 12.2 35000 35000 26 26.3 26 - - - - -
2014-7-17 00:00:0026.9 24.4 26.9 26.8 1,003.7 0 86 86 172 8.7 167 8.2 164 8.3 162 8.8 158 12.2 35000 35000 26.2 26.4 26.2 - - - - -
2014-7-16 23:00:0026.8 24.5 26.9 26.4 1,004.1 0 87 87 161 7.7 161 6.2 158 7.3 156 7.7 158 10.5 35000 35000 26.4 26.6 26.4 - - - - -
2014-7-16 22:00:0026.5 24.9 26.6 26.4 1004 0 91 85 154 6 156 5.1 144 4.7 156 5.5 153 8 31969 35000 26.6 26.6 26.4 - - - - -
2014-7-16 21:00:0026.4 23.5 26.8 26.3 1,003.6 0 84 79 155 4.6 155 4.1 156 4.9 155 6.3 148 8.3 35000 34696 26.5 27 26.4 - - - - -
2014-7-16 20:00:0026.4 23.1 26.4 25.9 1,002.8 0 82 82 148 4.2 150 3.5 143 3.9 142 3.9 140 5.4 35000 35000 27 27.7 27 - - - - -
2014-7-16 19:00:0026.3 23.4 27.1 25.9 1,002.9 0 84 82 197 2.2 198 1.7 200 2.3 112 5.5 102 7.4 28761 29857 27.7 28.6 27.7 - - - - -
2014-7-16 18:00:0027.1 26 27.1 26.8 1,002.3 0 94 94 125 6.2 115 4.9 111 5.2 112 5.4 108 6.9 18419 15846 28.6 28.9 28.6 - - - - -
2014-7-16 17:00:0027.1 26.2 28 27 1,001.8 1.3 95 87 58 3 58 2 56 1.8 112 3.1 113 3.9 7465 7633 28.6 30.5 28.6 - - - - -
2014-7-16 16:00:0027.9 25.7 28.8 27.9 1,002.7 0 88 85 70 1.9 75 1 54 1.4 31 2.3 30 3.5 22982 21460 30.5 32.8 30.5 - - - - -
2014-7-16 15:00:0028.7 25.9 31.1 28.7 1,002.8 0 85 74 39 3 40 2.3 24 2.2 9 2.6 305 5.4 17003 20078 32.7 35 32.7 - - - - -
2014-7-16 14:00:0030.6 26.1 30.6 29.7 1,002.7 0 77 75 245 1.4 251 0.8 288 1.1 153 2 185 3.7 17655 20067 34.6 35.2 34 - - - - -
2014-7-16 13:00:0029.9 26.5 30.1 29.6 1,002.5 0 82 77 154 1.8 138 1.2 117 1.7 156 3.6 156 5.4 17221 19267 34.5 34.5 32.8 - - - - -
2014-7-16 12:00:0029.8 25.8 29.8 29.3 1,002.8 0 79 77 172 4.1 187 2.8 194 2.7 194 2.7 172 4.1 25409 22156 33 33 31.9 - - - - -
2014-7-16 11:00:0029.4 25.2 29.4 28.4 1,003.3 0 78 77 154 3.3 155 1.7 150 2.3 153 4.4 156 5.9 27500 23440 32.4 32.7 30.9 - - - - -
2014-7-16 10:00:0028.6 24.2 29 28.2 1,003.2 0 77 70 118 4.8 132 3.8 148 4 155 4.1 155 6.2 28161 32010 30.8 30.9 29.4 - - - - -
2014-7-16 9:00:0028.3 23.4 28.6 27.3 1,003.2 0 75 72 151 3.9 154 3.4 149 3.1 112 3.2 108 4.9 35000 35000 29.4 30 27.1 - - - - -
2014-7-16 8:00:0027.3 23.8 27.3 25.7 1,003.3 0 81 80 147 3.7 150 2.7 129 2.8 155 2.9 147 3.7 20611 22301 27.3 27.7 25.8 - - - - -
2014-7-16 7:00:0025.6 23.8 25.6 25 1,003.6 0 90 90 152 3.3 155 2.9 155 2.9 156 3.8 156 4.8 14019 11657 25.8 25.8 25 - - - - -
2014-7-16 6:00:0025 24 25 24.8 1,003.4 0 94 94 154 4.2 154 3.8 156 3.3 156 3.3 155 4.2 7380 7561 25 25 24.9 - - - - -
2014-7-16 5:00:0024.8 24.1 24.8 24.5 1,003.3 0 96 96 157 3 159 2.7 157 2.6 157 3.2 157 3.7 6119 5809 24.9 24.9 24.8 - - - - -
2014-7-16 4:00:0024.5 23.8 24.5 24.2 1,003.5 0 96 96 154 2.1 155 2.1 156 3 156 3.9 148 5.4 6001 5939 24.8 24.8 24.7 - - - - -
2014-7-16 3:00:0024.4 23.7 24.6 24.4 1,003.2 0 96 93 155 4.3 157 3.9 156 3.5 155 3.5 156 4.9 5155 5764 24.8 24.8 24.7 - - - - -
2014-7-16 2:00:0024.3 23.4 24.3 24.1 1,002.9 0 95 95 157 3.6 157 3.5 156 3.2 152 3.9 155 5.6 8377 6859 24.7 24.8 24.7 - - - - -
2014-7-16 1:00:0024.2 23.3 24.2 24 1,003.1 0 95 95 150 3.5 155 2.8 154 2.8 156 3 156 3.9 7647 7695 24.8 24.8 24.7 - - - - -
2014-7-16 00:00:0024.1 23.2 24.1 24 1,003.2 0 95 94 111 2.4 112 2.2 111 1.9 68 2.3 106 2.7 7700 8952 24.7 24.8 24.7 - - - - -
2014-7-15 23:00:0024.1 23.2 24.1 23.9 1,003.7 0 95 92 67 2.4 67 2 67 2.2 68 2.3 21 3.1 9776 9888 24.7 24.9 24.6 - - - - -
2014-7-15 22:00:0023.9 22.9 23.9 23.7 1,003.5 0 94 94 74 1.6 72 1.1 38 1.1 110 2.1 112 2.9 12312 12195 24.9 25 24.8 - - - - -
2014-7-15 21:00:0023.7 22.7 23.7 23.7 1,002.8 0 94 94 67 1.8 67 1.5 71 1.4 71 1.4 73 1.9 11988 12031 24.8 25.3 24.8 - - - - -
2014-7-15 20:00:0023.6 22.8 23.6 23.6 1,002.8 0 95 93 114 1.3 109 1.4 147 1 326 1.7 341 2.1 10707 11076 25.3 25.5 25.3 - - - - -
2014-7-15 19:00:0023.6 22.4 23.6 23.4 1,002.3 0.1 93 93 193 0.9 197 0.8 210 0.3 108 2.3 128 3 12667 14133 25.5 25.6 25.5 - - - - -
2014-7-15 18:00:0023.4 22.4 23.6 23.4 1,001.6 0 94 91 104 2.5 107 2.3 108 2.3 109 2.3 110 3.2 13752 13557 25.6 25.9 25.6 - - - - -
2014-7-15 17:00:0023.6 22 23.7 23.4 1,001.8 0 91 89 98 1.9 88 1.2 83 1 69 2.5 73 4.2 17341 15866 25.8 25.9 25.6 - - - - -
2014-7-15 16:00:0023.6 21.7 23.6 23.2 1002 0 89 88 63 3.8 61 2.4 67 2 49 3.7 53 6.1 17580 18078 26 26 25.4 - - - - -
2014-7-15 15:00:0023.2 21.6 23.4 23.1 1,002.1 0 91 88 44 4.6 50 3.1 56 3 57 3.7 63 6.3 15850 13423 25.6 26 25.4 - - - - -
2014-7-15 14:00:0023.2 21.5 23.6 23.2 1,002.7 0 90 87 65 4 61 3 55 3.4 57 4 62 8.5 12016 11584 25.8 26.4 25.8 - - - - -
2014-7-15 13:00:0023.5 21.9 24 23.4 1,002.6 0 91 90 61 6.6 67 3.7 54 3.5 49 5.1 58 10.7 9002 8889 26.1 26.4 25.6 - - - - -
2014-7-15 12:00:0024.1 22.7 25.5 24.1 1,002.7 0 92 91 62 6.5 50 3.6 43 4.4 17 5.8 56 9.2 15629 16472 26.1 27.6 26 - - - - -
2014-7-15 11:00:0025.6 24.4 26.2 25.6 1,002.6 0 93 91 20 3.3 20 2.7 8 2.1 336 2.5 15 4 9528 10790 27.7 28.6 27.7 - - - - -
2014-7-15 10:00:0025.8 24.8 25.8 25 1,002.3 0 94 94 78 1.9 72 1.3 63 1.6 106 2.5 104 3.4 12259 11600 27.8 27.9 26.8 - - - - -
2014-7-15 9:00:0025 24.5 25.2 24.8 1,002.3 0.1 97 94 125 1.1 113 1.2 96 1.3 109 2.5 109 3.5 9003 8656 26.8 26.8 26.2 - - - - -
2014-7-15 8:00:0025.2 24.2 25.3 25 1,002.2 0 94 93 108 1.9 109 1.4 105 1 111 3.3 99 4.9 7005 9409 26.3 26.3 26.1 - - - - -
2014-7-15 7:00:0025 24 25 24.2 1,002.1 0 94 94 112 3.2 111 2.7 116 3.1 114 4.4 112 6.1 13459 13676 26.3 26.3 25.3 - - - - -
2014-7-15 6:00:0024.2 23.5 24.4 24.2 1002 0 96 94 108 4.1 109 2.9 111 2.7 111 2.7 108 4.1 11849 11820 25.3 25.3 25.1 - - - - -
2014-7-15 5:00:0024.3 23.4 24.3 23.9 1,002.1 0 95 95 150 2.4 152 2.2 137 2.3 110 4.3 106 4.9 16511 15863 25.1 25.1 25 - - - - -
2014-7-15 4:00:0023.9 23.4 24.1 23.8 1,001.8 0 97 95 113 4.5 111 4.1 111 4.3 111 4.4 111 5.8 15043 14456 25 25.1 25 - - - - -
2014-7-15 3:00:0024 23.1 24.4 24 1,001.6 0 95 92 105 3.6 106 3 109 3.1 117 3.6 111 4.7 19078 17882 25.1 25.2 25.1 - - - - -
2014-7-15 2:00:0024.2 23 24.2 23.9 1,001.9 0 93 93 153 3.8 154 3 133 2.5 107 3.6 108 4.5 24416 24505 25.1 25.2 25.1 - - - - -
2014-7-15 1:00:0024 23.3 24.1 23.9 1002 0 96 94 114 4.1 110 3.2 109 3.6 115 3.6 138 5.1 15742 16124 25.2 25.3 25.1 - - - - -
2014-7-15 00:00:0024.1 23.1 24.1 23.9 1,002.4 0 94 94 159 3.7 158 2.9 154 2.4 115 3.2 112 4.5 21400 22265 25.3 25.4 25.3 - - - - -
2014-7-14 23:00:0023.9 23 24 23.9 1,002.6 0 95 93 133 4.8 131 3.4 123 3 160 5.3 162 7.9 18560 20374 25.3 25.4 25.2 - - - - -
2014-7-14 22:00:0024 23 24 23.8 1,003.1 0 94 94 155 5.9 158 4.5 157 5 152 7.4 152 10.6 27622 24626 25.3 25.5 25.2 - - - - -
2014-7-14 21:00:0023.8 22.8 23.8 23.5 1,002.8 0 94 93 139 5.3 131 4 124 4.3 116 5.2 98 7 32113 35000 25.5 25.7 25.5 - - - - -
2014-7-14 20:00:0023.6 22.6 23.8 23.6 1,002.2 0 94 93 108 5.5 119 4.6 117 5.1 110 5.4 110 7.2 35000 35000 25.7 26.1 25.7 - - - - -
2014-7-14 19:00:0023.7 22.5 24.2 23.7 1,001.7 0 93 92 109 6.4 114 5.2 112 5.5 109 6 112 7.7 35000 35000 26.1 27.4 26.1 - - - - -
2014-7-14 18:00:0024.2 23 25.7 24.2 1,001.7 0 93 86 109 5.4 108 4.6 109 4.1 111 4.4 108 6 35000 35000 27.5 28.5 27.4 - - - - -
2014-7-14 17:00:0025.3 23.2 26 25.1 1,001.4 0 88 80 101 3.4 93 2.2 86 2.2 110 2.6 113 5.6 35000 35000 28.5 29.8 28.5 - - - - -
2014-7-14 16:00:0026 22.5 26.3 25.6 1,001.8 0 81 77 164 3.1 170 2.8 162 2.3 111 4.1 113 6.7 29290 30885 29.8 31 29.7 - - - - -
2014-7-14 15:00:0026.1 23 26.4 25.6 1,001.7 0 83 81 113 4.1 105 2.6 110 3.4 108 3.4 110 5.5 35000 33750 30.8 30.8 28.7 - - - - -
2014-7-14 14:00:0025.6 22.9 25.9 25.1 1,002.3 0 85 83 139 1.2 198 0.8 156 1.7 162 4 170 5.6 27167 33087 28.7 29.9 28.7 - - - - -
2014-7-14 13:00:0025.7 22.8 26 25.4 1,002.7 0 84 82 151 4.4 155 3.5 190 2.5 116 3.7 131 5.8 35000 35000 29.7 30.5 29.5 - - - - -
2014-7-14 12:00:0025.6 22.7 25.7 24.4 1003 0 84 83 118 3.6 118 2.9 132 3.2 111 5 111 7.5 27458 33873 29.5 29.6 27.8 - - - - -
2014-7-14 11:00:0024.4 22.5 24.4 23.9 1,003.2 0 89 89 112 4.9 113 4 112 4 113 4.1 105 5.9 24487 28247 27.8 27.9 27.2 - - - - -
2014-7-14 10:00:0024.1 22.9 24.1 23.4 1003 0 93 91 112 4.9 108 3.5 110 3 111 4.2 111 6.2 19009 23741 27.2 27.2 26.1 - - - - -
2014-7-14 9:00:0023.5 22.8 23.5 23 1,002.4 0.1 96 95 110 4.8 110 3.9 117 3.9 111 4.4 110 6.6 19264 21168 26.1 26.1 25.3 - - - - -
2014-7-14 8:00:0023.1 22.8 23.2 22.7 1,002.2 0 98 98 101 3.4 106 2.9 118 2.7 112 4.6 112 5.6 13414 13100 25.4 25.4 24.8 - - - - -
2014-7-14 7:00:0022.7 22.5 22.7 22.6 1,002.2 1.5 99 98 112 3.8 111 3.4 112 3 111 3.3 110 4.6 7679 6095 24.8 24.8 24.3 - - - - -
2014-7-14 6:00:0022.7 22.4 22.9 22.7 1,001.8 5.6 98 98 112 2.4 112 1.8 115 1.7 107 1.8 108 2.8 3372 2076 24.3 24.5 24 - - - - -
2014-7-14 5:00:0022.8 22.3 22.8 22.6 1001 2.3 97 96 97 2.5 102 1.7 83 1.3 10 1.9 8 2.5 4271 2956 24.4 24.6 24.3 - - - - -
2014-7-14 4:00:0022.7 22 23.2 22.6 1,000.8 0.4 96 93 75 0.9 73 0.6 29 1 341 1.7 346 2.4 7081 7305 24.6 25 24.5 - - - - -
2014-7-14 3:00:0023.3 22.8 23.3 23.3 1,001.4 0.7 97 97 17 0.4 15 0.4 25 0.3 179 1.9 174 2.7 4077 3586 24.9 25 24.9 - - - - -
2014-7-14 2:00:0023.3 22.8 23.5 23.3 1,001.6 1.7 97 95 195 2 185 1.9 172 1.8 162 3 157 3.6 3798 3430 24.9 24.9 24.8 - - - - -
2014-7-14 1:00:0023.5 22.8 23.7 23.5 1,001.5 0.3 96 95 155 2.7 155 2.7 158 2.8 182 3.2 189 4.4 6323 6350 24.9 25.1 24.9 - - - - -
2014-7-14 00:00:0023.6 22.8 23.6 23.5 1,001.9 0 95 95 238 2 244 1.8 232 1.5 246 1.5 241 2.1 7771 8751 25.1 25.2 25 - - - - -
2014-7-13 23:00:0023.6 22.8 23.6 23.5 1,001.4 0 95 94 197 1.5 199 1.2 205 1.2 188 4.3 195 5.7 11836 10516 25 25 24.8 - - - - -
2014-7-13 22:00:0023.5 22.7 23.6 23.3 1,001.2 0 95 95 183 5.3 186 4.4 181 3.4 157 4.9 171 6.6 15554 13957 24.9 24.9 24.7 - - - - -
2014-7-13 21:00:0023.3 22.6 23.3 23.2 1,000.6 0.1 96 95 147 4.4 147 3.4 150 3.3 168 3.6 158 5 15959 16157 24.9 25.1 24.9 - - - - -
2014-7-13 20:00:0023.2 22.4 23.2 22.9 1,000.9 0.2 95 94 167 3.8 170 3.1 182 2.9 185 3 183 4.7 16241 19626 25.1 25.1 25 - - - - -
2014-7-13 19:00:0022.9 22.1 23.2 22.9 1,000.2 0 95 93 149 2.7 140 2.4 133 2.4 110 3.9 110 4.9 22289 26649 25.1 25.7 25.1 - - - - -
2014-7-13 18:00:0023.2 22.2 23.3 23.2 1,000.4 0.1 94 93 114 1.5 107 1.2 108 1.3 108 1.6 106 2.3 30560 28519 25.7 25.9 25.7 - - - - -
2014-7-13 17:00:0023.3 22.1 23.3 23.2 1,000.4 0.1 93 92 7 0.5 - 0.2 83 0.7 37 2.2 42 4.2 22072 24985 25.8 25.9 25.5 - - - - -
2014-7-13 16:00:0023.3 22.3 23.5 23.3 1,000.2 0.2 94 93 45 2.8 51 1.4 34 2.2 16 4.3 23 5.8 18753 20064 25.5 25.8 24.9 - - - - -
2014-7-13 15:00:0023.3 22.3 24 23.3 999.9 0.1 94 92 19 5.7 16 3.9 15 4.4 16 7.6 12 8.8 17005 15008 24.8 25.6 24.8 - - - - -
2014-7-13 14:00:0024 22.8 24.5 23.9 999.9 0 93 89 18 6.3 18 5.3 19 5.8 19 6.7 11 8.3 14124 14301 25.6 27.2 25.4 - - - - -
2014-7-13 13:00:0024 22.4 24.1 23.6 1000 0.1 91 91 13 6.3 15 4.8 18 5.1 16 5.5 19 8.2 13970 14189 25.4 26.2 25.3 - - - - -
2014-7-13 12:00:0023.6 22.2 23.8 23.5 1,000.1 1.6 92 92 19 5.8 16 4.2 17 4.5 15 5.3 11 7.8 17493 10172 25.3 26 24.9 - - - - -
2014-7-13 11:00:0023.8 23.1 23.8 23.4 1,000.3 1.6 96 95 339 4.8 338 3.5 337 4.1 330 6.5 317 7.9 3072 3059 25.9 25.9 24.9 - - - - -
2014-7-13 10:00:0023.5 22.7 24.1 23.4 1,000.3 3.2 95 93 307 7.5 328 6.6 331 5.8 337 7.7 337 9.6 5377 4855 25 25.9 24.8 - - - - -
2014-7-13 9:00:0024.1 22.9 24.6 24 999.4 0.3 93 93 343 10 334 8.6 338 7.6 301 8.8 306 10.6 10241 7677 26 26.2 25.7 - - - - -
2014-7-13 8:00:0024.6 23.6 25.4 24.5 999.1 0.8 94 92 282 8.2 306 7.6 329 7 326 8.2 339 9.7 7952 7467 26.1 27 25.9 - - - - -
2014-7-13 7:00:0025.4 24.5 25.5 25.2 998.5 0 95 93 293 5.6 290 4.7 289 5.5 287 5.9 289 7.4 6852 7776 27 27.1 26.4 - - - - -
2014-7-13 6:00:0025.2 24.2 25.2 24.9 998.4 0 94 94 285 5.9 286 5.1 286 4.6 285 5.6 282 7.2 20707 18353 26.4 26.4 26.1 - - - - -
2014-7-13 5:00:0024.9 24.4 24.9 24.6 998 0 97 97 246 4.1 246 3.3 250 4.1 260 5 261 6.4 13322 12302 26.1 26.1 26 - - - - -
2014-7-13 4:00:0024.6 24.1 24.6 24.4 997.7 0 97 96 247 4.1 247 3.4 247 3.7 247 3.9 245 5.3 16739 18349 26 26 25.8 - - - - -
2014-7-13 3:00:0024.4 23.9 24.4 24.2 997.4 0 97 97 200 4.4 201 3.8 201 3.6 184 3.9 187 5.2 25125 24735 25.8 26 25.8 - - - - -
2014-7-13 2:00:0024.2 23.7 24.2 24.1 997.4 0 97 95 188 4.8 184 3.7 184 3.6 175 4 165 5 19542 18861 25.9 26 25.9 - - - - -
2014-7-13 1:00:0024.3 23.4 24.3 24 997.1 0 95 95 181 3.6 175 3.2 162 3 158 3 155 3.9 25936 24187 25.8 25.9 25.7 - - - - -
2014-7-13 00:00:0024 23.5 24 23.7 996.8 0 97 97 157 2.8 157 2.5 162 2.7 168 2.7 161 3.6 17605 21010 25.9 25.9 25.2 - - - - -
2014-7-12 23:00:0023.7 23.4 24 23.6 996.8 5.6 98 98 14 2.1 17 1.9 21 2.7 313 13.6 339 11.6 26236 23486 25.2 25.2 24.4 - - - - -
2014-7-12 22:00:0024.1 23.8 25.6 24.1 999.4 7.1 98 95 332 11.1 329 9.5 313 14.7 318 18.9 342 24.1 986 1092 24.8 27.1 24.8 - - - - -
2014-7-12 21:00:0025.6 25.3 25.7 25.5 995.8 0 98 98 103 7.6 101 3.2 80 2.8 78 3.2 103 7.6 2218 2125 27.1 27.1 27 - - - - -
2014-7-12 20:00:0025.5 25.2 25.5 25.4 995.5 1.5 98 98 78 5.3 65 3.1 58 2.7 45 3.1 29 6.8 2019 1811 27 27 26.5 - - - - -
2014-7-12 19:00:0025.3 25 25.8 24.6 996.1 10.2 98 94 62 3.5 63 2.8 55 2.7 9 10.6 16 16.5 2302 2164 26.5 27.1 24.6 - - - - -
2014-7-12 18:00:0025.8 24.9 28.8 25.8 995.7 0 95 81 12 10.6 11 6.1 38 8.1 38 8.1 38 15.1 19685 17506 27.3 29.8 27.2 - - - - -
2014-7-12 17:00:0028.8 25 30.8 28.8 994.4 0 80 69 16 8.3 15 8 25 4.9 25 4.9 13 10.8 4610 4993 29.9 31.9 29.9 - - - - -
2014-7-12 16:00:0030.7 25.3 31.7 30.6 995 0 73 67 133 3.7 122 3.2 117 2.6 169 3.8 175 4.9 6523 7003 31.9 34.5 31.9 - - - - -
2014-7-12 15:00:0031.7 24.8 32.5 31.7 994.2 0 67 64 - 0 - 0 - 0 - 0 - 0 8432 8690 34.5 38.1 34.5 - - - - -
2014-7-12 14:00:0031.9 25 32 30.7 995.6 0 67 67 - 0 - 0 - 0 206 3.2 214 4.5 7717 7627 37.7 38.1 37.3 - - - - -
2014-7-12 13:00:0030.7 25.5 31.1 29.4 996.1 0 74 72 203 3.5 201 3.1 210 3.2 204 3.3 206 4.7 4740 5907 37.4 37.6 34.6 - - - - -
2014-7-12 12:00:0029.9 25.9 30 29.5 997 0 79 78 244 3.4 236 2.6 218 2.7 204 3 200 4.1 4853 4979 35.8 36.6 34.6 - - - - -
2014-7-12 11:00:0029.7 25.9 29.9 29.2 997.2 0 80 80 202 2.5 203 2.3 213 2.3 181 3.3 200 3.9 3156 3230 36.3 36.5 35.2 - - - - -
2014-7-12 10:00:0029.3 26.3 29.5 28.6 997.5 0 84 80 185 3.8 182 3.4 180 3.2 177 3.3 180 4.5 5015 4463 35.2 35.2 32.2 - - - - -
2014-7-12 9:00:0029.3 26.1 29.5 29 997.6 0 83 81 250 1.8 253 1.5 271 1.4 271 1.4 290 2.1 5010 4624 32.1 32.6 31.4 - - - - -
2014-7-12 8:00:0029 25.8 29 27 997.2 0 83 83 288 1.3 269 1 265 0.9 293 1.3 3 2.3 5167 5011 31.5 31.5 28.9 - - - - -
2014-7-12 7:00:0027.1 26.2 27.1 26.6 997.4 0 95 95 342 2 326 1.4 283 1.3 233 2.2 245 2.8 1975 1929 29 29 27.1 - - - - -
2014-7-12 6:00:0026.7 25.8 26.8 26.4 997 0 95 93 253 2.9 253 2.4 229 2.2 229 2.2 220 2.9 2154 2218 27.1 27.1 26.8 - - - - -
2014-7-12 5:00:0026.4 25.2 26.7 26.4 996.3 0 93 91 201 2.4 201 1.8 201 2.2 224 3.9 224 5 3611 3480 26.7 26.7 26.7 - - - - -
2014-7-12 4:00:0026.8 25 26.8 26 996.3 0 90 88 203 5 202 4.2 229 3.9 229 3.9 201 5.1 4468 4352 26.8 26.9 26.7 - - - - -
2014-7-12 3:00:0026.7 24.5 27.9 26.7 996.2 0 88 81 193 2.8 195 2.6 189 3.2 165 5.1 168 6.4 9486 9375 26.9 27 26.9 - - - - -
2014-7-12 2:00:0027.9 24.3 28.1 27.7 996.1 0 81 81 168 5.7 164 5.2 166 5.2 166 5.2 164 6.8 10650 10444 26.9 27.1 26.9 - - - - -
2014-7-12 1:00:0028.1 24.5 28.3 27.5 996.7 0 81 80 154 4 155 3.5 156 3.5 155 3.9 157 4.8 11048 11083 27 27.1 26.9 - - - - -
2014-7-12 00:00:0027.5 24.6 27.7 26.6 997.5 0 84 83 146 3.5 151 3 156 3.2 155 4.8 154 5.9 11154 11862 26.9 26.9 26.8 - - - - -
2014-7-11 23:00:0026.5 24.7 26.5 26.1 997.5 0.2 90 90 148 4.4 151 3.6 147 4.2 156 5.6 145 6.8 12947 12337 26.9 27 26.8 - - - - -
2014-7-11 22:00:0026.2 24.8 27.4 26.2 997.9 0.1 92 83 156 6.1 156 5.7 156 5.2 118 5.5 142 7.3 10905 10219 27 27.3 27 - - - - -
2014-7-11 21:00:0027.4 24.3 27.6 26.9 998 0 83 82 155 6.8 150 5 154 5.2 119 6.3 120 9 15094 15249 27.3 27.5 27.2 - - - - -
2014-7-11 20:00:0027.1 24.4 27.3 26.7 997.3 0 85 82 142 8.2 129 6.3 116 6.2 115 6.5 123 9.1 19645 18777 27.5 27.8 27.5 - - - - -
2014-7-11 19:00:0026.7 24.5 26.7 25.4 997.2 0 88 88 117 8 116 5.9 117 6.5 111 8.2 115 9.9 20780 20009 27.8 28.2 27.8 - - - - -
2014-7-11 18:00:0025.5 24.8 26.4 25.5 996.3 0 96 91 112 9.5 112 8 110 7.4 110 7.5 109 11 10482 10473 28.2 29.9 28.2 - - - - -
2014-7-11 17:00:0026.4 24.8 28.4 26.4 996.2 0 91 85 98 6.9 100 4.9 100 5 94 5.2 95 7.8 15302 17330 29.9 32.6 29.9 - - - - -
2014-7-11 16:00:0028.4 25.6 28.4 27.9 996.2 0 85 85 70 4.8 73 2.7 59 2.4 28 3 32 5.4 16797 14889 32.6 33.5 32.6 - - - - -
2014-7-11 15:00:0028 25.6 28.4 27.6 996.5 0 87 85 17 3.8 31 2.9 28 3.2 19 3.8 21 5.6 16504 13528 33.3 33.6 31.8 - - - - -
2014-7-11 14:00:0028.5 25.7 31.5 28.5 997.1 0 85 70 26 3.8 23 2.7 21 2.9 188 3.2 201 4.5 11266 10497 33 37.3 33 - - - - -
2014-7-11 13:00:0030.5 25.6 31.2 30 996.7 0 75 70 167 3 172 2.6 193 2.9 199 3.2 198 4.1 8286 7463 37.1 37.5 37 - - - - -
2014-7-11 12:00:0030.7 25.3 30.7 30 997 0 73 73 200 2.9 194 2.6 187 2.8 187 3.6 195 4.5 6449 7317 37.3 37.3 36.4 - - - - -
2014-7-11 11:00:0030 24.9 30.3 29.8 997.4 0 74 73 199 3.8 185 3 184 3.1 189 3.6 164 5.3 8706 9192 36.4 36.4 34.8 - - - - -
2014-7-11 10:00:0030.1 24.7 30.2 29.5 997.4 0 73 72 166 3.6 167 2.9 169 2.4 169 2.4 166 3.6 8472 9333 34.8 34.8 33.1 - - - - -
2014-7-11 9:00:0029.9 25 29.9 28.7 997.5 0 75 74 250 2.1 228 1.7 222 1.7 164 2.4 158 4 8774 9427 33 33 30 - - - - -
2014-7-11 8:00:0028.7 24.3 28.8 27.4 997.3 0 77 77 164 2.2 172 1.6 168 2.2 163 2.9 154 4.6 9175 9466 30.1 30.1 27.7 - - - - -
2014-7-11 7:00:0027.4 23.8 27.4 26.8 997.3 0 81 81 144 2.1 151 2 155 2.7 155 3.3 153 3.9 11745 11327 27.7 27.7 26.3 - - - - -
2014-7-11 6:00:0026.9 24 26.9 26.7 997 0 84 83 159 2 158 1.4 159 1.9 165 3.5 178 5 9967 9804 26.3 26.3 25.8 - - - - -
2014-7-11 5:00:0026.7 23.8 26.8 26.7 996.5 0 84 84 160 2.6 159 2.5 166 2.7 175 3.8 178 4.9 9110 9066 25.8 25.9 25.8 - - - - -
2014-7-11 4:00:0026.7 23.8 26.7 26.4 996.1 0 84 82 171 4.2 175 3.9 169 3.4 174 4.5 184 5.6 9206 9384 25.8 25.9 25.8 - - - - -
2014-7-11 3:00:0026.4 23.3 26.5 26.3 996 0 83 82 162 4.9 165 4.3 170 4.3 171 4.6 175 6 11585 11467 25.9 26 25.8 - - - - -
2014-7-11 2:00:0026.3 23.2 26.4 26.3 996.2 0 83 82 176 4.9 177 4.2 171 4 163 5.4 170 6.3 11335 10988 26 26 26 - - - - -
2014-7-11 1:00:0026.3 23.4 26.5 25.8 996.5 0 84 82 165 5.8 167 5 162 5.5 171 6.1 167 7.7 11032 11057 26 26.1 26 - - - - -
2014-7-11 00:00:0025.8 23.7 26 25.4 996.8 0 88 87 162 5.4 158 4.5 156 4.6 156 6.3 157 7.2 9438 9395 26 26.3 26 - - - - -
2014-7-10 23:00:0026 23.7 27 26 996.8 0 87 82 157 7.7 157 6.3 156 6.3 156 6.3 157 7.7 9183 8997 26.3 26.6 26.3 - - - - -
2014-7-10 22:00:0026.7 23.8 27.4 26.5 997 0 84 82 154 5.2 155 4.5 155 4.7 156 5.9 159 8.1 9971 9560 26.6 27.1 26.6 - - - - -
2014-7-10 21:00:0027.5 24.1 27.6 26.1 997 0 82 82 146 3.7 151 3.6 148 4.1 154 4.6 155 6.1 7773 7638 27 27.3 27 - - - - -
2014-7-10 20:00:0026.1 24.5 26.3 25.7 996.5 0 91 91 113 4.9 112 4.2 111 4.4 111 5.4 110 7 4670 4503 27.3 27.9 27.3 - - - - -
2014-7-10 19:00:0026.4 25 27.2 26.4 996.3 0 92 89 113 6 110 5 111 4.4 110 4.6 113 6 3932 4358 28 29 28 - - - - -
2014-7-10 18:00:0026.8 25.2 28 26.8 995.9 0 91 85 106 4.7 107 4.3 111 4.4 111 4.8 113 6.3 4592 4419 29 30.6 29 - - - - -
2014-7-10 17:00:0028.1 25.3 29.8 28.1 995.3 0 85 73 108 4.4 108 2.7 110 3.5 142 3.6 112 5.8 5207 4886 30.6 32.4 30.6 - - - - -
2014-7-10 16:00:0029.9 24.8 30 29.5 994.8 0 74 72 112 4.5 117 3.6 141 3.3 173 4.7 152 5.9 4234 4600 32.4 34 32.4 - - - - -
2014-7-10 15:00:0029.7 25 29.7 29.3 994.8 0 76 76 158 5.4 159 4.4 171 4.7 186 5.4 183 6.9 3480 3404 34 35.4 34 - - - - -
2014-7-10 14:00:0029.5 25 29.8 28.6 995.7 0 77 73 169 5.1 164 4 188 3.6 203 4.9 181 6.6 3382 3407 35.4 36.2 35.4 - - - - -
2014-7-10 13:00:0028.6 25.2 29.7 28.5 996.1 0 82 76 200 5.9 202 4.7 202 4.7 202 4.7 201 6.8 3456 3444 35.7 36.6 35.7 - - - - -
2014-7-10 12:00:0028.7 25.7 28.7 27.9 996.4 0 84 81 168 4.3 172 3.5 190 3.4 201 3.5 197 5.1 3808 3348 35.9 36.2 34.5 - - - - -
2014-7-10 11:00:0028.5 25.3 29.2 28.2 997 0 83 78 205 3 203 2.4 215 2.1 246 2.1 203 3.3 3754 4252 34.6 34.7 33.8 - - - - -
2014-7-10 10:00:0028.1 24.7 28.4 27.6 996.9 0 82 79 215 2.2 216 1.5 209 1.7 202 2.8 202 3.5 5224 5242 34.3 34.3 32 - - - - -
2014-7-10 9:00:0027.6 24.7 27.8 27.1 996.6 0 84 80 261 1.8 254 1.2 227 1.3 247 2.4 248 3.3 6789 6567 31.9 31.9 29 - - - - -
2014-7-10 8:00:0027.5 24.1 27.5 26 996.6 0 82 81 247 2.7 247 2.1 247 2.1 242 2.2 247 3.2 14761 15669 28.9 28.9 26.7 - - - - -
2014-7-10 7:00:0025.9 23.8 25.9 24.8 996.5 0 88 88 244 2.4 239 2.1 212 1.9 200 2.6 200 3.5 11983 11651 26.6 26.6 25 - - - - -
2014-7-10 6:00:0024.8 23.8 24.8 24.6 996 0 94 94 199 2.7 199 2.2 198 2.3 201 3.1 200 4.1 8325 8458 25 25 24.6 - - - - -
2014-7-10 5:00:0024.7 23.8 24.9 24.6 995.8 0 95 93 203 3.3 202 2.9 201 2.5 201 2.7 202 3.4 6342 8011 24.5 24.5 24.5 - - - - -
2014-7-10 4:00:0024.6 23.7 24.6 24.3 995.6 0 95 95 202 2.9 201 2.6 201 2.4 201 3.9 201 4.5 11941 11410 24.5 24.5 24.5 - - - - -
2014-7-10 3:00:0024.4 23.9 24.6 24.3 995.7 0 97 94 200 4.7 200 4.2 201 3.8 201 3.8 200 4.7 6897 6673 24.6 24.6 24.6 - - - - -
2014-7-10 2:00:0024.6 23.6 24.6 24.4 995.7 0 94 93 204 1.6 202 1.4 211 1.3 241 2.3 233 3.4 14773 15514 24.6 24.7 24.5 - - - - -
2014-7-10 1:00:0024.5 23.8 24.7 24.5 996.1 0 96 93 186 1.9 184 1.7 194 2.1 323 2.4 201 3.5 11099 11052 24.7 24.7 24.6 - - - - -
2014-7-10 00:00:0024.7 23.5 25.2 24.7 996 0 93 92 283 2.6 295 2.5 328 2.4 338 2.8 342 4 20389 20962 24.6 24.7 24.6 - - - - -
2014-7-9 23:00:0025.2 23.8 25.3 25.1 996.2 0 92 90 340 3.9 337 3.1 347 2.6 16 6.1 16 7 23889 23381 24.7 24.7 24.6 - - - - -
2014-7-9 22:00:0025.3 23.7 25.4 25 996.2 0 91 91 14 7.2 16 6.4 16 6 17 6.2 17 7.3 25499 26004 24.7 24.9 24.7 - - - - -
2014-7-9 21:00:0025.1 23.9 26.7 25.1 995.5 0 93 80 16 5.7 17 5.4 20 5.3 20 5.3 22 6.6 23539 22348 24.9 25.2 24.9 - - - - -
2014-7-9 20:00:0026.7 23 27.4 26.7 994.7 0 80 75 347 5 346 3.9 338 4.4 338 6.4 339 8.6 35000 35000 25.2 25.6 25.2 - - - - -
2014-7-9 19:00:0027.4 22.8 27.7 27.3 993.9 0 76 76 334 7.6 335 6 336 5.7 336 5.8 338 8.5 35000 35000 25.7 26.6 25.7 - - - - -
2014-7-9 18:00:0027.5 23.3 28.2 27.4 993.2 0 78 75 335 6.9 336 5.8 335 5.3 336 6.4 335 8.6 35000 35000 26.6 27.1 26.6 - - - - -
2014-7-9 17:00:0027.7 23.3 27.7 27.4 992.7 0 77 76 335 7.3 336 6.4 335 6.1 336 7.1 337 9.7 35000 33233 26.9 27.1 26.7 - - - - -
2014-7-9 16:00:0027.6 23 27.6 27.1 992.5 0 76 76 336 7.8 336 7 337 7.3 337 9.7 339 13.7 35000 35000 27.1 27.4 26.9 - - - - -
2014-7-9 15:00:0027.1 22.9 27.8 26.6 991.9 0 78 76 338 12.4 338 9.9 337 8.9 338 11.8 338 15.2 35000 35000 27.4 29.3 26.3 - - - - -
2014-7-9 14:00:0026.7 22.8 27 26.5 991.3 0 79 78 335 14.9 339 11.8 337 11.3 337 12.7 338 17.1 35000 35000 26.5 27.4 26.5 - - - - -
2014-7-9 13:00:0026.4 23.1 26.8 25.8 991.1 0 82 81 334 13.1 334 9.9 336 10.4 339 12.5 336 18.5 26550 31848 27.2 29.1 25.7 - - - - -
2014-7-9 12:00:0026 23.1 26 25.4 990.9 0 84 83 336 14.9 336 12 336 12.2 336 12.2 338 16.1 30713 31184 26.1 27.1 25.8 - - - - -
2014-7-9 11:00:0025.4 23.5 25.4 23.9 991.1 0 89 89 334 13.2 335 11 336 11 335 12.9 337 17.5 35000 29367 26.8 26.9 25 - - - - -
2014-7-9 10:00:0023.9 23.6 23.9 23.5 990.9 0.6 98 98 338 15 338 12.8 336 12.2 338 15 338 20.5 12095 9675 25.3 25.3 24.4 - - - - -
2014-7-9 9:00:0023.5 23.2 24.3 23.5 990.9 1.8 98 92 336 15 337 12.3 337 11.5 337 13.3 338 19.1 5475 4290 24.5 24.5 23.9 - - - - -
2014-7-9 8:00:0024.3 22.9 24.3 23.3 990.2 0.3 92 92 336 18.7 337 13.8 338 13.3 338 13.3 340 21.9 17255 25837 23.9 24 23.8 - - - - -
2014-7-9 7:00:0023.3 23 24.5 23.3 989.8 2.6 98 93 347 14.4 346 10.2 2 10.5 17 16 15 22.7 6048 4441 23.8 24 23.5 - - - - -
2014-7-9 6:00:0024.5 23.3 24.7 24.5 988.9 0 93 91 351 14.9 355 9.5 351 9.7 17 13 15 18.4 22073 16963 24 24 23.8 - - - - -
2014-7-9 5:00:0024.5 23.3 24.6 23.9 988.4 0 93 92 11 14.7 14 11.6 17 13.2 17 15.2 16 20.5 21434 23366 23.8 23.9 23.7 - - - - -
2014-7-9 4:00:0023.9 23.2 24 23.7 988.2 0.7 96 96 338 16.6 339 12.4 338 12.5 338 12.5 336 19.2 15574 18989 23.8 23.9 23.8 - - - - -
2014-7-9 3:00:0024 23.3 24.3 24 988.9 0.1 96 94 352 16.9 1 9.8 12 10.7 19 11.8 344 19.3 3900 5317 23.9 23.9 23.8 - - - - -
2014-7-9 2:00:0024.1 23.1 24.2 24 988.7 0 94 94 8 15.9 9 11.1 12 11.8 17 13.2 20 20.4 24398 22975 23.9 24 23.8 - - - - -
2014-7-9 1:00:0024.1 23.2 24.3 24 989.4 0 95 94 18 17.1 18 13 15 12.8 13 17.2 9 23.5 19108 19739 23.8 24 23.8 - - - - -
2014-7-9 00:00:0024.1 23.4 24.2 24.1 990.3 0 96 96 20 18.8 18 15.4 18 15 18 15.7 16 19.9 17619 16305 23.9 24.1 23.9 - - - - -
2014-7-8 23:00:0024.1 23.8 24.2 23.9 991.1 0 98 98 15 15.5 15 14.3 15 14.8 13 16.2 12 20.1 15429 15031 24.1 24.2 24.1 - - - - -
2014-7-8 22:00:0023.8 23.6 24 23.6 991.8 0 99 99 16 17.2 15 15.7 14 16.3 14 16.3 13 19.5 16278 17059 24.1 24.5 24.1 - - - - -
2014-7-8 21:00:0023.9 23.9 24 23.8 992.2 0 100 100 19 15.5 18 14.1 19 13.3 20 14 20 17.3 984 534 24.5 24.7 24.5 - - - - -
2014-7-8 20:00:0023.9 23.8 23.9 23.8 992.4 0 100 99 19 14.5 21 11.6 18 10.4 17 10.4 21 14.9 130 139 24.7 25 24.7 - - - - -
2014-7-8 19:00:0023.8 23.6 24 23.8 992.9 0 99 99 20 7.8 18 5.8 17 7 18 8.1 18 13.1 148 143 24.9 25.6 24.9 - - - - -
2014-7-8 18:00:0023.9 23.7 23.9 23.7 993.1 0 99 98 25 7.4 23 4.8 20 6.5 17 7.4 16 11.8 280 224 25.5 25.9 25.3 - - - - -
2014-7-8 17:00:0023.7 23.4 23.9 23.7 993.8 0 98 96 43 10.4 37 6 35 6.2 37 6.3 45 11.3 3744 5061 26 26.4 25.9 - - - - -
2014-7-8 16:00:0023.8 23.1 23.9 23.6 993.9 0 96 96 32 8.3 28 5.7 34 6.1 26 6.1 35 11.5 10296 10733 26.2 26.6 26 - - - - -
2014-7-8 15:00:0023.6 22.9 23.6 23.3 994.3 0 96 96 31 7.9 26 4.6 23 4.9 17 6.7 14 10.1 24088 14561 26.3 26.3 25.6 - - - - -
2014-7-8 14:00:0023.4 22.9 24.1 23.4 995.4 0.5 97 91 25 8.5 27 5.5 33 6.1 34 6.1 27 11.4 12621 10635 26 27.5 25.8 - - - - -
2014-7-8 13:00:0024 22.4 24.4 23.8 996 0 91 89 13 9.2 17 5.8 21 5.6 16 8 16 12 26906 30718 27.3 28.6 26.9 - - - - -
2014-7-8 12:00:0024.5 22.6 25.1 24.5 997.2 0 89 87 29 7.9 29 4.1 23 5.1 18 6.8 19 11.6 32433 30260 28.7 32.4 28.7 - - - - -
2014-7-8 11:00:0025.1 22.6 25.5 24.9 996.9 0 86 85 15 9.2 17 6.8 18 6.2 17 6.2 18 9.6 35000 35000 32.3 32.9 31.9 - - - - -
2014-7-8 10:00:0024.9 22.8 25.2 24.5 996.6 0 88 86 18 8.2 17 6.6 17 6.2 17 6.2 23 8.8 18964 25675 31.8 31.8 28.9 - - - - -
2014-7-8 9:00:0024.6 22.5 24.7 24 997.6 0 88 88 31 5.2 28 3.9 35 3.7 68 3.8 46 6.5 25322 28822 29 29.1 26.8 - - - - -
2014-7-8 8:00:0024 22.1 24.1 23.6 998 0 89 89 83 6 71 4.2 68 3.5 79 5.1 77 8.4 27173 32121 26.8 26.9 25.5 - - - - -
2014-7-8 7:00:0023.6 22.2 23.7 23.3 997.9 0 92 92 76 9.4 86 6.3 87 4.4 84 5.2 85 9.9 35000 30434 25.5 25.5 24.7 - - - - -
2014-7-8 6:00:0023.3 22.3 23.3 23 997 0 94 94 55 5 59 3.5 54 3.1 53 3.2 68 7 31222 30689 24.8 24.8 24.3 - - - - -
2014-7-8 5:00:0023 22.2 23.1 23 997 0 95 93 58 3.5 56 2.4 60 2.4 76 3.2 80 7.6 30217 29772 24.3 24.6 24.3 - - - - -
2014-7-8 4:00:0023.1 21.9 23.2 23.1 996.6 0 93 92 81 5.2 90 3 82 3.3 84 3.5 95 6.8 29214 31461 24.6 24.9 24.6 - - - - -
2014-7-8 3:00:0023.2 22 23.2 23.1 996.4 0 93 93 42 3.5 53 2.1 70 2.6 79 2.8 67 5.4 35000 34926 24.9 24.9 24.7 - - - - -
2014-7-8 2:00:0023.2 22 23.2 23.2 996.9 0 93 93 40 3.6 48 2.4 98 2.2 81 3.1 82 6.6 33854 35000 24.9 25 24.8 - - - - -
2014-7-8 1:00:0023.2 22.2 23.2 23.2 997.6 0 94 91 71 4.1 72 2.2 72 2.7 64 2.7 72 5.6 35000 35000 24.9 25 24.8 - - - - -
2014-7-8 00:00:0023.2 21.6 23.4 23.2 997.6 0 91 90 40 3.8 38 2.7 48 2.1 65 2.6 74 5.1 35000 35000 24.9 25.3 24.9 - - - - -
2014-7-7 23:00:0023.4 22 23.6 23.4 998.5 0 92 90 80 3.4 85 2.5 73 2.4 84 3.2 113 5.5 35000 35000 25.3 25.3 25.1 - - - - -
2014-7-7 22:00:0023.6 22 23.8 23.6 999 0 91 90 91 5.1 82 3.3 80 3.1 78 4.1 72 6.8 35000 35000 25.2 25.7 25.1 - - - - -
2014-7-7 21:00:0023.8 22.2 23.9 23.8 999.1 0 91 88 65 4.6 74 3.6 85 2.7 86 2.9 72 6.6 35000 35000 25.6 26.1 25.6 - - - - -
2014-7-7 20:00:0023.9 22 24.2 23.9 998.6 0 89 87 53 3.1 70 1.8 77 1.8 77 3.6 83 6 35000 35000 26 26.4 26 - - - - -
2014-7-7 19:00:0024.2 21.9 25.4 24.2 998.9 0 87 80 98 6.7 85 3.7 76 3.7 76 3.9 79 7 35000 35000 26.4 28.6 26.4 - - - - -
2014-7-7 18:00:0025.5 21.8 26.1 25.4 998.4 0 80 77 79 5.2 77 2.7 69 2.2 77 2.5 79 5.2 35000 35000 28.6 29.4 28.6 - - - - -
2014-7-7 17:00:0026 22.1 26.5 25.9 997.9 0 79 74 70 2.3 55 1.5 69 1.9 83 2 75 4.5 27363 26695 29.4 31.3 29.4 - - - - -
2014-7-7 16:00:0026.3 21.9 26.5 25.9 997.7 0 77 76 85 2.7 92 1.9 76 1.6 67 3 65 5.6 18212 19485 31.4 33.3 31.4 - - - - -
2014-7-7 15:00:0026.1 22.2 26.3 25.7 998.2 0 79 78 115 3.7 74 2.4 92 2.6 113 3.6 118 7.8 17228 15142 33.3 34.2 33.2 - - - - -
2014-7-7 14:00:0026 22.3 26.7 25.9 998.6 0 80 78 58 6.4 67 3.1 78 3.5 88 3.6 81 6.9 35000 28928 34.1 35.7 34.1 - - - - -
2014-7-7 13:00:0026.7 23 27.2 26.6 999.1 0 80 73 47 4 62 2.7 65 3.1 67 3.1 64 5.9 21650 22231 35.6 36.5 35.5 - - - - -
2014-7-7 12:00:0027 22 27 26.1 999.4 0 74 73 51 3.5 42 2.3 41 2.2 30 3.2 30 4.9 25339 23836 36.3 36.3 34.6 - - - - -
2014-7-7 11:00:0026.1 22 26.1 25.4 999.7 0 78 77 17 4 22 2.6 26 2.9 19 4.7 22 5.7 20271 25127 34.6 34.6 32 - - - - -
2014-7-7 10:00:0025.4 22.1 25.4 24.9 1000 0 82 80 22 5.1 20 3.9 19 3.6 20 5.3 16 6.4 31101 27742 32 32 29.6 - - - - -
2014-7-7 9:00:0024.9 22 25 24.5 1000 0 84 83 21 6.2 21 5.3 20 5.2 20 5.2 19 6.6 22625 23985 29.6 29.6 27.1 - - - - -
2014-7-7 8:00:0024.6 22.3 24.6 24.1 1000 0 87 87 20 5.6 19 5.2 20 5.1 19 5.1 339 6.2 6633 6967 27.1 27.1 25.5 - - - - -
2014-7-7 7:00:0024.1 22 24.2 23.7 999.8 0 88 88 340 5 337 3.6 337 3.6 340 3.9 336 6.2 7746 7503 25.5 25.6 24.4 - - - - -
2014-7-7 6:00:0023.7 22 23.7 23.4 999.5 0 90 90 353 4.3 349 3.6 345 3.7 338 3.8 346 6.3 5761 5983 24.4 24.4 24 - - - - -
2014-7-7 5:00:0023.4 22.2 23.4 23.3 999.1 0 93 93 341 3.3 337 2.6 337 2.3 340 3 338 3.8 5648 5517 24 24.2 24 - - - - -
2014-7-7 4:00:0023.3 22.1 23.5 23.3 999.1 0 93 91 345 3.4 346 3.1 342 2.7 342 2.7 348 3.5 5533 5586 24.2 24.3 24.2 - - - - -
2014-7-7 3:00:0023.5 21.9 23.7 23.5 998.8 0 91 90 330 2.1 338 1.5 341 1.6 334 3.4 341 4.3 6441 6789 24.3 24.3 24.2 - - - - -
2014-7-7 2:00:0023.7 22 23.8 23.7 998.5 0 90 89 334 3.6 337 3.5 334 3.3 330 6.9 334 8.2 7297 7515 24.3 24.5 24.2 - - - - -
2014-7-7 1:00:0023.7 22.1 23.8 23.6 998.3 0 91 90 318 7.3 309 6.7 317 6.4 317 6.4 318 7.3 7949 7572 24.5 24.8 24.5 - - - - -
2014-7-7 00:00:0023.8 22.1 24.1 23.8 999.4 0 90 90 293 6.6 292 5.4 292 5 293 5.9 291 7.3 8355 8648 24.8 25.1 24.8 - - - - -
2014-7-6 23:00:0024.1 22.5 24.4 24.1 999.8 0 91 90 292 6 291 5 293 4.4 292 5.2 292 6.6 8386 8302 25.2 25.5 25.2 - - - - -
2014-7-6 22:00:0024.3 22.6 24.7 24.3 1,000.2 0 90 86 290 4.3 291 3.7 290 2.5 287 2.9 290 4.3 9238 9499 25.5 25.9 25.5 - - - - -
2014-7-6 21:00:0024.4 22.5 24.7 24.4 999.7 0 89 87 243 2 244 1.8 250 1.6 250 1.6 245 2 8379 8786 25.9 26.2 25.9 - - - - -
2014-7-6 20:00:0024.7 22.8 24.9 24.7 998.9 0 89 86 339 1.4 333 1.2 328 1.3 289 3.9 293 5.1 9940 10617 26.2 26.9 26.2 - - - - -
2014-7-6 19:00:0024.9 22.6 25.4 24.9 998.4 0 87 84 290 4.6 291 3.7 287 3.7 256 3.9 280 5.1 14928 15486 27 28.4 27 - - - - -
2014-7-6 18:00:0025.4 22.7 26.1 25.4 998.3 0 85 81 266 4.1 263 3.5 258 3.6 251 3.8 283 5.1 15588 14511 28.4 29.4 28.4 - - - - -
2014-7-6 17:00:0025.5 22.8 26.8 25.4 997.9 0 85 80 279 4.6 280 3.6 278 3.5 248 4.6 253 5.5 13409 12941 29.4 31.1 29.4 - - - - -
2014-7-6 16:00:0026.8 22.9 27.1 26.5 998.2 0 79 78 245 5.7 247 4.8 248 4.6 248 4.6 248 5.7 15808 14343 31.2 32.1 31.2 - - - - -
2014-7-6 15:00:0026.5 23.4 26.9 26.2 998.2 0 83 77 246 4.7 246 4.2 249 4 249 4.9 248 6.2 13471 12010 31.6 33.3 31.5 - - - - -
2014-7-6 14:00:0026.9 22.7 27.1 26.3 998.1 0 78 75 280 5.7 278 4.1 275 4.1 264 5.3 261 6.8 19131 15993 33.3 34.8 33.2 - - - - -
2014-7-6 13:00:0026.7 22.8 27.2 26.1 998.3 0 79 74 264 5.6 264 4.8 275 4.6 285 5.8 290 7 12153 13130 33.8 35.2 33.8 - - - - -
2014-7-6 12:00:0026 22.1 26.1 25.4 998.7 0 79 79 290 6.4 289 5.2 286 5.1 289 6.2 281 7.5 14213 16099 34.4 34.9 32.1 - - - - -
2014-7-6 11:00:0025.7 22.2 25.7 24.9 998.9 0 81 80 287 7 289 5.9 290 6.3 290 7.5 291 9.5 13651 13444 32 32 30.4 - - - - -
2014-7-6 10:00:0025 22.7 25 24.2 998.9 0 87 87 288 8 290 6.7 289 6.3 287 7.5 292 9.4 7320 7746 30.2 30.2 28.3 - - - - -
2014-7-6 9:00:0024.2 22.8 24.2 23.1 998.7 0 92 91 288 8.1 289 6.9 289 7.5 289 7.9 293 9.7 10631 10425 28.3 28.3 25.2 - - - - -
2014-7-6 8:00:0023.1 22.6 23.1 22.5 998.7 0.7 97 97 291 6.8 290 5.9 288 6 287 7.7 288 9.5 7735 7762 25.2 25.2 23.6 - - - - -
2014-7-6 7:00:0022.9 22.7 23.1 22.6 998.6 13.8 99 99 287 8.9 284 7.8 287 7.1 288 9.8 332 9.4 3197 3146 23.6 23.8 23 - - - - -
2014-7-6 6:00:0023.1 22.9 23.9 23.1 997.9 4.8 99 98 288 9.6 284 9.5 289 9.9 289 9.9 300 11.9 443 543 23.9 24.5 23.9 - - - - -
2014-7-6 5:00:0023.9 23.6 24.1 23.8 996.8 0.8 98 97 292 3.2 292 2.7 310 2.2 288 3.8 290 5.2 2348 2411 24.5 24.6 24.5 - - - - -
2014-7-6 4:00:0024.1 23.6 24.5 24.1 996.6 0.5 97 94 250 3.2 259 2.6 279 2.3 292 3.4 300 4.2 3213 3564 24.6 24.8 24.6 - - - - -
2014-7-6 3:00:0024.5 23.5 25.3 24.5 996.7 0.1 94 90 291 3.4 291 3 292 3.5 292 4 293 5.1 9442 10318 24.8 25 24.8 - - - - -
2014-7-6 2:00:0025.2 23.8 26 25.2 997 0 92 88 291 4.5 292 3.6 290 3.7 304 3.8 278 4.7 14779 14525 25 25.1 25 - - - - -
2014-7-6 1:00:0025.7 23.7 25.8 25.6 997 0 89 89 339 0.7 340 0.5 340 1.3 289 2.5 337 3.5 17177 18248 25.1 25.2 25.1 - - - - -
2014-7-6 00:00:0025.7 24.1 25.7 24.6 997.4 0 91 91 291 2.9 290 2.3 274 1.8 336 8.4 333 11.7 30962 30111 25.2 25.2 25 - - - - -
2014-7-5 23:00:0025.1 24.6 26.9 25.1 997.1 0 97 93 340 7.3 342 6.5 209 4.4 161 8.2 156 11 7663 15465 25.2 25.5 25.2 - - - - -
2014-7-5 22:00:0026.9 25.7 27.1 26.8 997 0 93 90 172 10.1 168 7.8 162 7.2 159 9.4 166 12.6 35000 35000 25.5 25.5 25.2 - - - - -
2014-7-5 21:00:0026.9 25.1 26.9 25.7 996.9 0 90 75 157 10.5 158 8.8 157 7.7 157 7.9 159 10.9 35000 35000 25.1 25.1 24.7 - - - - -
2014-7-5 20:00:0025.9 23.2 26.9 25.9 996.8 0.1 85 85 139 7.4 139 6.3 148 6.6 165 9.9 175 15.3 30915 35000 25.2 25.8 25.2 - - - - -
2014-7-5 19:00:0026.6 25.6 26.6 26.3 997.4 0.4 94 92 157 7.2 157 6 156 6.4 155 7.4 158 9.6 27574 17642 25.8 26.2 25.8 - - - - -
2014-7-5 18:00:0026.4 25.2 26.7 26.3 996.4 0 93 91 146 8.5 144 6.8 149 7.2 155 8.1 154 11.1 30664 32722 26.2 26.9 26.2 - - - - -
2014-7-5 17:00:0026.7 25.1 26.9 26.6 996 0 91 89 149 9.7 153 7.1 155 7.5 139 7.7 157 11.9 32821 32513 27 27.3 27 - - - - -
2014-7-5 16:00:0026.7 24.9 27.1 26.5 996.1 0 90 88 130 10.1 142 7.7 139 7.8 129 8.2 132 11.7 35000 35000 27.1 28.4 27.1 - - - - -
2014-7-5 15:00:0026.5 24.7 26.6 26.3 996.6 0 90 89 109 8.3 111 7 130 7.4 135 8.5 122 12.4 33631 33166 27.7 28.1 27.5 - - - - -
2014-7-5 14:00:0026.6 24.8 26.7 25.8 997 0 90 89 131 8.9 129 7.5 135 8.4 138 9.1 138 12.8 35000 35000 28.1 28.4 27.2 - - - - -
2014-7-5 13:00:0025.8 24.6 25.8 25.1 997.4 0 93 93 142 12.2 141 9.4 131 9 129 9 125 12.9 28919 27008 27.1 27.1 26 - - - - -
2014-7-5 12:00:0025.2 24.2 25.8 25.2 998.3 0.1 94 91 134 9.5 140 7.9 147 8.1 132 10.6 125 15.7 23467 23482 26.1 27.6 26.1 - - - - -
2014-7-5 11:00:0025.6 24 25.6 25.2 998.1 0 91 91 124 13.9 128 10.7 130 10.1 137 10.4 141 15.4 29780 24994 27.3 27.3 26.5 - - - - -
2014-7-5 10:00:0025.5 23.9 25.6 25 998.3 0 91 91 124 10.8 135 8.8 131 9.3 133 9.9 143 13.8 35000 29463 26.7 26.7 25.9 - - - - -
2014-7-5 9:00:0025 23.8 25 24.6 998.4 0 93 93 126 12.5 137 10 134 9.7 132 10 130 15 25895 25556 25.8 25.8 25 - - - - -
2014-7-5 8:00:0024.7 23.5 24.7 23.9 999.1 0 93 93 132 11.1 132 9.2 137 9.2 137 9.2 143 13.7 22712 22240 25.1 25.1 23.7 - - - - -
2014-7-5 7:00:0023.9 23 23.9 23.7 999.4 0 95 92 136 10 130 7 136 7.4 136 9.2 116 12.7 23512 23716 23.7 23.7 23.2 - - - - -
2014-7-5 6:00:0023.7 22.3 23.8 23.6 999 0 92 90 139 8.6 140 8.2 135 8.6 139 9.8 138 12.9 26112 31571 23.2 23.2 22.9 - - - - -
2014-7-5 5:00:0023.6 21.9 23.6 23.5 998.6 0 90 87 108 8.8 114 7.6 117 7.5 110 8.9 110 13.5 25307 24201 22.9 22.9 22.7 - - - - -
2014-7-5 4:00:0023.5 21.2 23.5 23.2 998.5 0 87 87 110 9.6 107 8.1 110 8.2 112 9.3 108 13.3 24258 25024 22.7 22.7 22.6 - - - - -
2014-7-5 3:00:0023.2 21.1 23.2 22.7 998.5 0 88 88 124 10.1 116 8.2 113 8.4 111 9.9 113 14.3 28086 27603 22.6 22.6 22.4 - - - - -
2014-7-5 2:00:0022.7 20.8 22.8 22.5 998.8 0 89 88 111 12.6 112 10.2 114 9.8 113 10.1 111 13.8 22940 23293 22.4 22.5 22.4 - - - - -
2014-7-5 1:00:0022.5 20.8 22.6 22.5 999.5 0 90 81 107 10.6 109 7.6 114 7.6 111 8.4 119 12 20196 23690 22.5 22.5 22.3 - - - - -
2014-7-5 00:00:0022.5 19.9 22.5 22 1,000.1 0 85 85 117 9 116 7.4 118 8.2 111 9.5 123 12.7 24948 28214 22.5 22.6 22.4 - - - - -
2014-7-4 23:00:0022.1 20.4 22.1 21.9 1001 0 90 89 113 11.2 111 9.5 111 9.5 110 10.2 111 14.3 25152 25610 22.5 22.8 22.5 - - - - -
2014-7-4 22:00:0021.9 21.1 21.9 21.7 1,001.8 0 95 92 110 8.8 111 7 112 8.4 112 9.2 114 13.3 23039 21454 22.7 22.8 22.6 - - - - -
2014-7-4 21:00:0021.6 20.4 21.6 21.6 1,001.5 0.3 93 93 108 8.4 109 6.5 105 6 106 7.5 106 11.8 35000 30720 22.6 22.9 22.6 - - - - -
2014-7-4 20:00:0021.6 21.3 21.7 21.5 1,001.7 0.9 98 98 94 5.6 88 4 80 4.3 78 7.8 87 14.2 31538 23831 22.8 22.8 22.6 - - - - -
2014-7-4 19:00:0021.6 21.3 21.8 21.6 1,001.8 5.9 98 97 56 5.3 70 2.6 88 3.1 86 6.7 83 11.9 7059 6799 22.8 23.4 22.5 - - - - -
2014-7-4 18:00:0021.9 21.4 22.3 21.7 1,001.7 1 97 95 76 8.5 90 6.3 89 4.7 43 4.7 86 9.1 6801 7128 23.4 23.6 23.3 - - - - -
2014-7-4 17:00:0022.3 21.5 22.5 22 1,001.2 1.8 95 94 76 7.2 69 3.9 70 4.7 78 5.2 81 9.2 31424 26329 23.6 23.9 23.5 - - - - -
2014-7-4 16:00:0022.5 22 23.2 22.5 1,000.1 2.5 97 92 67 4.7 65 4 75 4.5 107 6 113 10.1 2974 4635 23.7 25.2 23.7 - - - - -
2014-7-4 15:00:0023.2 21.8 23.5 23.1 999.7 0 92 91 114 9.9 108 7.1 105 5.2 108 6.8 110 12.3 34086 35000 25.2 26.4 25.2 - - - - -
2014-7-4 14:00:0023.5 21.8 24.3 23.5 999.7 0 90 88 110 8.3 110 6.4 112 6.2 112 6.2 108 9.2 35000 35000 26.4 28 26.4 - - - - -
2014-7-4 13:00:0024.4 22.3 24.6 24.1 1,000.1 0 88 85 111 10.1 117 7 113 5.9 111 7.4 111 10.1 31113 35000 28.1 29.8 28 - - - - -
2014-7-4 12:00:0024.4 22.3 24.8 24.4 1,000.4 0 88 82 106 9.2 109 7.5 106 6.4 111 6.8 112 9.8 35000 35000 29.6 30 28.7 - - - - -
2014-7-4 11:00:0024.8 21.5 24.8 23.7 1,000.3 0 82 82 110 8.5 111 6.2 109 5.8 108 6.3 110 8.5 30257 28810 30.1 30.1 26.3 - - - - -
2014-7-4 10:00:0023.7 21.4 24.2 23.6 1,000.4 0 87 84 107 5.3 108 4.8 108 5.5 108 6.1 110 9.8 20927 19011 26.3 27 26 - - - - -
2014-7-4 9:00:0024.2 21.7 24.8 24.1 1,000.7 0 86 81 110 3.4 110 2.1 111 3.3 111 4.7 106 6.2 8713 10021 26.9 27.4 26.1 - - - - -
2014-7-4 8:00:0024.2 21.3 24.2 23.7 1,000.3 0 84 84 112 4.7 112 3.9 117 4 137 5.1 157 7.3 11800 12735 26.1 26.1 24.5 - - - - -
2014-7-4 7:00:0023.8 20.9 23.8 23.5 1,000.2 0 84 84 126 4.7 135 3.7 146 4.2 124 5 136 6.4 10374 9873 24.5 24.6 23.4 - - - - -
2014-7-4 6:00:0023.6 20.7 23.6 22.7 999.7 0 84 84 121 5.8 117 5 125 4.9 107 5.7 102 7.4 7829 7703 23.3 23.3 23 - - - - -
2014-7-4 5:00:0022.9 21 22.9 22.5 999.4 0 89 89 112 6.2 115 5.5 112 5.4 109 6.2 112 7.8 8388 8066 22.9 22.9 22.9 - - - - -
2014-7-4 4:00:0022.7 21.2 22.7 22.5 999.3 0 91 91 109 6.9 109 6 108 6.2 109 6.2 107 8.9 7288 7492 22.9 23.1 22.9 - - - - -
2014-7-4 3:00:0022.6 21.1 22.6 22.3 999.1 0 91 90 110 6.7 108 5 113 4.8 112 5.9 128 7.6 7878 8004 23 23.1 23 - - - - -
2014-7-4 2:00:0022.3 20.6 22.4 22.2 999 0 90 90 111 6.3 111 5.4 112 6.1 112 6.6 111 7.7 20178 21423 23 23.2 23 - - - - -
2014-7-4 1:00:0022.3 21.1 22.5 22.3 999.1 0 93 90 110 7.3 111 6.1 108 5.7 110 6.1 107 8.1 20407 21056 23.2 23.4 23.1 - - - - -
2014-7-4 00:00:0022.4 20.9 22.5 22.4 999.4 0 91 89 110 5.7 111 5 111 5.1 110 5.4 108 6.8 21017 21140 23.4 23.7 23.4 - - - - -
2014-7-3 23:00:0022.4 21.2 22.5 22.4 999.6 0 93 90 111 5.2 111 4.6 111 4.5 110 5.1 108 7 19792 21715 23.7 23.9 23.7 - - - - -
2014-7-3 22:00:0022.6 20.9 22.7 22.5 999.1 0 90 88 111 4.7 108 4.6 111 4.6 112 5.3 110 7.2 25451 28638 23.8 24.2 23.8 - - - - -
2014-7-3 21:00:0022.7 21 22.7 22.6 998.6 0 90 90 96 4.7 102 2.5 100 2.7 90 3.5 98 6.4 35000 35000 24.1 24.6 24.1 - - - - -
2014-7-3 20:00:0022.7 21.3 23.2 22.7 998 0 92 92 64 3.3 65 2.3 64 2.5 64 2.5 66 4.8 28522 25811 24.6 25.5 24.6 - - - - -
2014-7-3 19:00:0023.2 22.2 24.2 23.2 997.5 0 94 89 80 2.8 90 2.2 86 2.2 108 4.2 107 6.5 8937 8197 25.6 26.9 25.6 - - - - -
2014-7-3 18:00:0024.2 22.3 25.2 24.2 997.4 0 89 78 112 3.3 109 2 104 3 108 3.4 111 6 6840 7158 26.9 28.4 26.9 - - - - -
2014-7-3 17:00:0025.1 21.2 25.8 25.1 997 0 79 74 122 3.2 119 2.5 112 3.1 115 4 123 5.9 11950 12946 28.5 30.1 28.5 - - - - -
2014-7-3 16:00:0025.7 20.7 26.9 25.6 996.9 0 74 70 114 5.4 119 4.4 116 3.5 111 3.6 124 5.6 12720 13461 30.2 31.7 30.2 - - - - -
2014-7-3 15:00:0026.8 21.6 26.8 25.9 997.1 0 73 73 34 2.3 24 1.4 63 1.5 110 2.8 111 4.2 13146 13037 31.8 31.8 30.5 - - - - -
2014-7-3 14:00:0026.3 21.9 26.7 26.1 997.5 0 77 72 54 1.6 66 0.9 70 1.3 21 3.2 15 4.2 17343 14874 30.8 32.6 30.4 - - - - -
2014-7-3 13:00:0026.6 21.8 26.6 25.7 997.7 0 75 74 17 3.4 17 2.7 20 2.8 21 4 21 5.2 12243 13631 32.7 32.7 31.2 - - - - -
2014-7-3 12:00:0025.8 22.7 26.8 25.8 998.1 0 83 77 325 4 328 3.5 304 3.3 282 3.7 292 5.3 5075 5580 32.2 35.9 32.2 - - - - -
2014-7-3 11:00:0026.3 22.8 26.4 25.6 998.2 0 81 80 281 4.6 285 4 280 3.7 308 4.1 309 5.9 5225 5527 35.1 35.1 32.9 - - - - -
2014-7-3 10:00:0025.8 22.7 26 24.3 998.2 0 83 83 276 4.6 280 3.7 294 4 288 4.4 294 5.7 5049 5359 32.8 32.8 29.7 - - - - -
2014-7-3 9:00:0024.4 22.8 24.5 23.9 997.8 0 91 90 286 3.9 287 3.5 283 4.1 282 4.2 285 5.3 4173 4095 29.6 29.6 27.2 - - - - -
2014-7-3 8:00:0024 22.8 24 23 997.3 0.1 93 92 285 4.2 285 3.7 288 4.1 289 5.7 286 6.8 4073 3934 27.2 27.3 24.6 - - - - -
2014-7-3 7:00:0023 22.5 23.1 22.8 996.9 0 97 97 290 6.3 288 5.5 289 5.7 300 7.4 316 8.7 2848 2830 24.6 24.6 23.6 - - - - -
2014-7-3 6:00:0022.8 22.5 22.9 22.7 996.3 0 98 97 328 7.5 320 6.9 297 6.8 292 6.8 285 7.6 3303 3774 23.6 23.6 23.3 - - - - -
2014-7-3 5:00:0022.7 22.2 22.7 22.5 996.6 0 97 97 286 7 288 5.7 291 5.8 291 5.8 291 7.2 6217 5900 23.4 23.4 23.3 - - - - -
2014-7-3 4:00:0022.5 22 22.6 22.5 996.2 0 97 95 285 5.1 282 4.8 317 5.3 336 6.5 331 7.8 6674 7365 23.3 23.5 23.2 - - - - -
2014-7-3 3:00:0022.6 22.3 23.3 22.6 996.1 0 98 98 329 7.1 337 6.4 337 6.7 329 7.5 330 10.2 13511 10117 23.5 24.1 23.5 - - - - -
2014-7-3 2:00:0023.3 23 23.5 23.3 996.2 0 98 98 292 5.5 292 4.3 290 3.8 257 3.9 292 5.5 2597 2497 24.1 24.2 24.1 - - - - -
2014-7-3 1:00:0023.5 23.2 23.8 23.5 996.6 0.1 98 98 246 3.7 246 3.2 245 3 244 3.4 246 4.4 3407 3525 24.2 24.4 24.2 - - - - -
2014-7-3 00:00:0023.8 23.5 23.9 23.8 996.9 0.3 98 98 244 3.8 245 3.1 245 2.9 248 3.2 243 4 3317 3042 24.4 24.5 24.4 - - - - -
2014-7-2 23:00:0023.8 23.5 23.9 23.8 997 0.1 98 98 261 3.5 257 3.2 247 3.2 251 3.6 257 4.4 3631 3407 24.5 24.7 24.5 - - - - -
2014-7-2 22:00:0023.9 23.6 24.1 23.9 997.2 0 98 96 249 4.6 248 3.5 247 3.3 249 3.4 249 4.6 3383 2610 24.7 24.8 24.7 - - - - -
2014-7-2 21:00:0024.1 23.4 24.2 24.1 997.2 0 96 96 221 3.5 232 3.2 239 3.3 247 3.3 244 4.2 2974 3410 24.8 25.1 24.8 - - - - -
2014-7-2 20:00:0024.2 23.5 24.5 24.2 996.8 0.2 96 95 247 3.2 249 2.8 249 3 292 4.2 292 4.8 4247 4355 25.1 25.4 25.1 - - - - -
2014-7-2 19:00:0024.5 23.8 25.1 24.5 996.6 0 96 93 292 4.8 292 4.1 292 4.3 292 4.5 293 6.2 3442 3675 25.4 26.5 25.4 - - - - -
2014-7-2 18:00:0025.1 23.9 25.7 25.1 995.8 0 93 91 292 3.2 292 2.9 292 3.2 285 3.7 278 4.6 3970 4121 26.5 27.8 26.5 - - - - -
2014-7-2 17:00:0025.7 24.1 26 25.5 995.5 0 91 89 292 3.3 293 2.9 291 2.9 291 3.3 292 4.2 5003 5271 27.9 28.4 27.7 - - - - -
2014-7-2 16:00:0026 23.9 26.9 26 995.6 0 88 84 282 3.1 276 2.9 265 2.9 263 3.3 270 4.9 8134 8268 28.4 28.7 28.4 - - - - -
2014-7-2 15:00:0026.6 23.9 26.8 26.3 995.7 0 85 84 251 3 251 2.2 246 1.7 246 1.7 251 3 14102 15700 28.6 29.2 28.6 - - - - -
2014-7-2 14:00:0026.9 24.2 27.5 26.8 995.6 0 85 82 287 1.2 289 0.9 265 0.8 247 1.3 231 2.1 18987 19144 29.1 30.2 29.1 - - - - -
2014-7-2 13:00:0027.4 24.5 27.4 26 996.2 0 84 82 287 1 298 0.6 293 0.7 282 1.2 292 1.6 23197 21507 29.8 29.8 27.9 - - - - -
2014-7-2 12:00:0026.1 24 26.3 26 997.2 0 88 84 299 1.4 295 1.1 278 1.3 178 3.6 181 4.8 17098 16616 27.8 27.8 27.2 - - - - -
2014-7-2 11:00:0026 23.7 26 25.3 997.3 0 87 87 176 4.3 173 3.2 182 3.1 178 4.1 183 4.9 15170 18260 27.1 27.1 26.3 - - - - -
2014-7-2 10:00:0025.3 23.5 25.7 25.1 997.4 0 90 87 186 4.5 183 4.2 177 3.9 158 4.7 155 5.9 19362 18673 26.3 27.6 26.3 - - - - -
2014-7-2 9:00:0025.2 23.4 25.4 24.7 997 0 90 89 155 6.3 156 5.2 160 4.2 183 5.3 180 6.5 19359 20310 26.6 27.1 25.9 - - - - -
2014-7-2 8:00:0024.8 23.2 24.8 23.8 997.4 0 91 91 159 5.1 156 4.5 165 4.7 161 5.6 160 7 22915 21339 26 26 24 - - - - -
2014-7-2 7:00:0023.8 23 23.8 23 997.6 0 95 95 161 4.2 160 3.6 157 3.8 156 4.5 155 6.1 23659 24694 24 24 23.1 - - - - -
2014-7-2 6:00:0023 22.7 23.1 23 998.4 0 98 98 175 4.4 175 3.9 170 3.6 159 4.9 178 6 9604 9855 23.1 23.1 22.8 - - - - -
2014-7-2 5:00:0023 22.8 23.1 23 998.4 0 99 99 158 4.7 157 4.5 160 4.7 163 4.9 158 6.6 17664 13564 22.7 22.7 22.7 - - - - -
2014-7-2 4:00:0023 23 23 22.9 998.3 0 100 100 159 5 158 4.2 159 4.5 156 5.4 158 7.1 14499 15433 22.7 22.7 22.7 - - - - -
2014-7-2 3:00:0022.9 22.9 22.9 22.7 998.8 0 100 100 156 6.7 156 5.6 155 5.4 156 6 155 7.5 13106 9397 22.7 22.7 22.6 - - - - -
2014-7-2 2:00:0022.7 22.7 22.8 22.7 999.1 0 100 100 154 6.1 155 5.5 156 6 156 6.1 153 8.1 285 416 22.6 22.6 22.6 - - - - -
2014-7-2 1:00:0022.7 22.7 22.7 22.5 999.3 0 100 100 140 5.4 133 4.6 131 5.6 136 6.5 136 9.4 649 859 22.6 22.6 22.5 - - - - -
2014-7-2 00:00:0022.5 22.5 22.5 22.1 1,000.1 0 100 100 139 6.6 140 5.5 122 5.4 111 7.4 113 10 1422 1176 22.5 22.5 22.4 - - - - -
2014-7-1 23:00:0022.1 22.1 22.2 22 1,000.7 0 100 100 109 8.8 110 7.7 110 7.2 111 8.3 110 11.1 1704 2590 22.4 22.4 22.3 - - - - -
2014-7-1 22:00:0022.1 22.1 22.1 21.9 1,001.4 0 100 100 113 7 112 5.6 110 6.4 110 6.5 109 10.8 10911 11303 22.3 22.3 22.3 - - - - -
2014-7-1 21:00:0021.9 21.9 21.9 21.9 1,001.8 0.2 100 100 70 6 68 3.8 71 3.7 107 4.3 75 7.4 7782 7078 22.3 22.3 22.2 - - - - -
2014-7-1 20:00:0021.8 21.8 21.8 21.8 1,002.1 2.1 100 99 107 6.7 108 3.9 107 4.4 106 4.7 110 7.7 2061 1511 22.3 22.4 22.3 - - - - -
2014-7-1 19:00:0021.8 21.8 21.8 21.7 1,002.4 0.2 100 99 112 5.4 112 3.7 109 4.1 109 6 111 8.6 4147 5931 22.3 22.5 22.3 - - - - -
2014-7-1 18:00:0021.8 21.8 21.8 21.7 1,002.4 4.1 100 99 100 6.4 105 5.2 108 5.2 108 5.3 113 7.8 7388 7375 22.4 22.6 22.4 - - - - -
2014-7-1 17:00:0021.7 21.5 21.7 21.6 1,002.5 0.2 99 99 122 5.5 112 3.6 109 5 111 7.5 104 10.5 1701 1895 22.6 22.9 22.6 - - - - -
2014-7-1 16:00:0021.6 21.4 21.7 21.6 1,002.4 0 99 99 115 8.1 111 5.4 111 5.6 111 5.6 109 10.5 4222 3158 22.9 23.4 22.9 - - - - -
2014-7-1 15:00:0021.7 21.4 21.9 21.7 1,002.7 0 99 99 113 8.4 112 3.8 109 3.4 108 4.2 113 8.4 1428 1880 23.4 23.6 23.4 - - - - -
2014-7-1 14:00:0021.9 21.7 22.1 21.8 1,003.2 0 99 97 66 3.7 77 2.3 107 2.9 113 4.7 121 7.6 2173 2435 23.5 23.7 23.4 - - - - -
2014-7-1 13:00:0022.1 21.6 22.4 22.1 1,003.7 0 97 96 101 5.5 106 4.6 107 4.3 112 5.4 111 6.9 9848 10755 23.8 24.3 23.8 - - - - -
2014-7-1 12:00:0022.4 21.7 22.5 22.2 1,003.8 0.1 96 95 111 5.7 111 4.6 111 4.5 111 5.3 111 7.2 13429 13346 24.3 24.7 24.3 - - - - -
2014-7-1 11:00:0022.4 21.6 22.4 22.2 1,004.2 0 95 95 110 5.5 111 4.7 110 3.9 110 4.8 103 6.4 14525 13921 24.3 24.4 23.9 - - - - -
2014-7-1 10:00:0022.3 21.5 22.4 22.2 1,004.6 0 95 93 111 4.5 111 3.8 110 3.4 111 3.8 114 4.9 15162 14778 23.9 24.1 23.6 - - - - -
2014-7-1 9:00:0022.4 21.2 22.5 22.3 1,004.4 0 93 92 112 4.1 111 3 110 3.4 112 4 111 5.9 18046 17177 23.7 23.7 23.1 - - - - -
2014-7-1 8:00:0022.3 21.1 22.3 22 1,004.5 0 93 92 155 5 141 3.6 133 3.2 148 4.1 156 5.4 15753 17932 23.1 23.1 22.6 - - - - -
2014-7-1 7:00:0022 21 22 21.4 1004 0 94 94 122 3.5 121 2.9 137 3.1 115 3.4 126 5.1 18457 17473 22.6 22.6 21.7 - - - - -
2014-7-1 6:00:0021.4 20.5 21.4 21.3 1,003.5 0 95 93 109 3.8 113 3 111 3 118 4.2 109 5.4 - - 21.6 21.6 21.3 - - - - -
2014-7-1 5:00:0021.4 20.4 21.4 21.3 1,003.4 0 94 94 158 4.1 155 3.8 151 3.6 145 4 162 6.6 19283 18045 21.4 21.4 21.3 - - - - -
2014-7-1 4:00:0021.4 20.4 21.6 21.4 1,003.3 0.2 94 91 152 3.8 148 3.2 151 3.8 155 4.5 156 5.7 10964 10632 21.3 21.3 21.3 - - - - -
2014-7-1 3:00:0021.5 20.1 21.6 21.5 1,003.4 0 92 89 160 5 159 3.8 157 3.8 156 4.4 153 5.7 18946 18305 21.3 21.3 21.2 - - - - -
2014-7-1 2:00:0021.6 19.7 21.6 21.2 1,003.4 0 89 89 155 4 154 3.8 155 3.9 156 4.5 157 6.4 20267 21030 21.2 21.2 21.1 - - - - -
2014-7-1 1:00:0021.2 19.5 21.3 21.2 1,003.9 0 90 88 115 3.8 114 2.9 110 3 122 4.2 107 5.6 21322 20483 21.1 21.1 21 - - - - -
