2014-9-1 1:00:0025.9 24 26.2 25.9 - 0.2 89 85 128 2 128 1.8 133 1.5 154 1.7 161 2.8 - - 0 0 0 0 0 0 - -
2014-9-1 00:00:0026.2 23.5 26.2 26.1 - 0 85 82 153 2.2 152 1.8 153 2.3 160 3.5 161 4.7 - - 0 0 0 0 0 0 - -
2014-8-31 23:00:0026.1 22.9 26.2 26.1 - 0 82 79 173 2.9 161 2.6 160 3.4 168 4 167 5.8 - - 0 0 0 0 0 0 - -
2014-8-31 22:00:0026.2 22.3 26.2 25.9 - 0 79 75 184 2.7 175 3.3 173 3.7 168 4.4 161 6.8 - - 0 0 0 0 0 0 - -
2014-8-31 21:00:0025.9 21.2 26 25.9 - 0 75 72 161 3.3 163 3.2 162 3.7 159 4.1 158 6.1 - - 0 0 0 0 0 0 - -
2014-8-31 20:00:0026 20.6 26.2 25.9 - 0 72 71 147 2.5 157 3.3 154 3.9 161 4.1 156 5.9 - - 0 0 0 0 0 0 - -
2014-8-31 19:00:0026.3 21.2 26.5 26.3 - 0 74 72 170 2.2 150 1.8 152 2.7 142 3.8 125 5 - - 0 0 0 0 0 0 - -
2014-8-31 18:00:0026.5 22.3 26.9 26.5 - 0 78 75 111 2.7 118 2.2 124 2.8 113 4 119 6.3 - - 0 0 0 0 0 0 - -
2014-8-31 17:00:0026.9 22.2 26.9 26.6 - 0 75 72 108 3.1 115 3 121 3.5 119 4 105 5.2 - - 0 0 0 0 0 0 - -
2014-8-31 16:00:0026.6 21.2 26.8 26.5 - 0 72 71 119 2.6 116 3.2 119 3.6 126 4.9 142 7.1 - - 0 0 0 0 0 0 - -
2014-8-31 15:00:0026.7 21.9 26.7 26 - 0 75 75 105 4.5 123 3.9 111 3.5 118 5 119 6.6 - - 0 0 0 0 0 0 - -
2014-8-31 14:00:0026.3 22.7 26.3 25.2 - 0 81 80 122 4.3 126 3.8 117 3.9 111 4.7 105 6.9 - - 0 0 0 0 0 0 - -
2014-8-31 13:00:0025.1 23.7 27.7 24.8 - 6.7 92 69 85 4.1 91 3.6 80 3.8 56 4.6 7 6.3 - - 0 0 0 0 0 0 - -
2014-8-31 12:00:0027.7 21.4 27.9 27.4 - 0 69 67 52 1.9 29 1.5 43 1.7 123 2.3 85 3.4 - - 0 0 0 0 0 0 - -
2014-8-31 11:00:0027.7 21.2 27.9 27.4 - 0 68 67 83 0 104 1.2 119 2.1 127 3.1 142 4 - - 0 0 0 0 0 0 - -
2014-8-31 10:00:0027.6 21.6 27.6 26.9 - 0 70 70 130 1.8 121 2 124 2.5 136 2.7 119 3.9 - - 0 0 0 0 0 0 - -
2014-8-31 9:00:0026.8 22.1 26.8 25.5 - 0 75 75 122 1.1 121 0.9 122 1.6 132 2.8 142 4.1 - - 0 0 0 0 0 0 - -
2014-8-31 8:00:0025.5 22.1 25.6 25.2 - 0 81 81 113 2.4 119 2.7 123 2.8 132 3.2 139 5.3 - - 0 0 0 0 0 0 - -
2014-8-31 7:00:0025.1 22.4 25.1 24.3 - 0 85 85 108 1.6 112 1.3 110 1.9 110 2.2 108 3.7 - - 0 0 0 0 0 0 - -
2014-8-31 6:00:0024.3 22 24.3 24.1 - 0 87 87 97 0 0 0 120 1.9 120 1.9 142 0.5 - - 0 0 0 0 0 0 - -
2014-8-31 5:00:0024.1 21.9 24.1 23.9 - 0 87 87 60 0 53 0.4 63 1.9 63 1.9 139 2.3 - - 0 0 0 0 0 0 - -
2014-8-31 4:00:0024 21.8 24.1 24 - 0 87 87 142 0 0 0 155 1.9 155 1.9 142 0 - - 0 0 0 0 0 0 - -
2014-8-31 3:00:0024 21.7 24.1 24 - 0 87 86 128 0 0 0 129 1.9 129 1.9 139 2.6 - - 0 0 0 0 0 0 - -
2014-8-31 2:00:0024 21.6 24 23.8 - 0 86 86 102 1.6 121 0.4 105 1.7 97 2.4 97 3.2 - - 0 0 0 0 0 0 - -
2014-8-31 1:00:0023.8 21.4 24.1 23.8 - 0 86 84 80 2.9 91 2.3 96 2 96 2 91 3.1 - - 0 0 0 0 0 0 - -
2014-8-31 00:00:0024.1 21.3 24.2 24 - 0 84 84 77 1.3 83 2 84 0.5 83 0.5 85 3.6 - - 0 0 0 0 0 0 - -
2014-8-30 23:00:0024.2 21.6 24.5 24.2 - 0 85 84 94 1.9 98 0.6 0 0 76 1 88 4.8 - - 0 0 0 0 0 0 - -
2014-8-30 22:00:0024.5 21.5 25 24.5 - 0 84 81 74 2.8 76 2.2 71 0.9 67 1.3 71 4.1 - - 0 0 0 0 0 0 - -
2014-8-30 21:00:0025 21.5 25.3 25 - 0 81 78 54 3.1 65 3 66 1.3 66 1.3 91 4.4 - - 0 0 0 0 0 0 - -
2014-8-30 20:00:0025.3 21.2 25.8 25.3 - 0 78 75 74 2.9 67 2.8 71 0.6 88 1.3 119 4.4 - - 0 0 0 0 0 0 - -
2014-8-30 19:00:0025.9 21 26.7 25.9 - 0 75 68 74 3.2 95 2.9 83 1.3 69 1.9 77 5.4 - - 0 0 0 0 0 0 - -
2014-8-30 18:00:0026.7 20.4 28 26.7 - 0 68 60 83 2.8 70 3.4 68 2 88 2.5 54 5.9 - - 0 0 0 0 0 0 - -
2014-8-30 17:00:0028 19.6 28.8 27.9 - 0 60 57 74 4 83 3.8 85 2.1 72 2.5 91 6.1 - - 0 0 0 0 0 0 - -
2014-8-30 16:00:0028.8 19.8 29.1 28.4 - 0 58 55 77 3.9 83 3.9 72 1.8 81 2.1 77 5.3 - - 0 0 0 0 0 0 - -
2014-8-30 15:00:0028.6 19.4 29.2 28.6 - 0 57 54 77 3 89 3.5 79 2.2 79 2.2 66 5.8 - - 0 0 0 0 0 0 - -
2014-8-30 14:00:0028.7 18.7 29.6 28.3 - 0 55 49 29 1.1 35 1.3 35 1 48 2 29 5.7 - - 0 0 0 0 0 0 - -
2014-8-30 13:00:0029.4 18.3 29.5 28.4 - 0 51 50 94 3.5 89 3.1 80 1.4 81 1.7 97 5.1 - - 0 0 0 0 0 0 - -
2014-8-30 12:00:0028.5 18.2 28.6 27.2 - 0 54 54 324 1.8 19 2.5 18 1.6 18 1.7 54 6.2 - - 0 0 0 0 0 0 - -
2014-8-30 11:00:0027.2 20.1 27.2 26.2 - 0 65 63 15 2.9 3 3.1 1 1.2 6 1.7 4 4.6 - - 0 0 0 0 0 0 - -
2014-8-30 10:00:0026.1 20.6 26.9 25.1 - 0 72 66 308 2.3 345 1.7 347 0.5 29 1.1 15 5.4 - - 0 0 0 0 0 0 - -
2014-8-30 9:00:0025 21 25.3 24.8 - 0 78 77 15 2 44 2.4 23 1.1 45 1.6 26 4.6 - - 0 0 0 0 0 0 - -
2014-8-30 8:00:0024.8 21.2 24.9 23.4 - 0 80 80 54 2.2 47 2.1 41 0.8 29 1 23 4.1 - - 0 0 0 0 0 0 - -
2014-8-30 7:00:0023.4 22.1 23.4 22.1 - 0 92 92 40 0 0 0 0 0 20 0.1 7 2.5 - - 0 0 0 0 0 0 - -
2014-8-30 6:00:0022.1 21 22.3 21.9 - 0 94 93 12 0 0 0 353 0 353 0 12 0 - - 0 0 0 0 0 0 - -
2014-8-30 5:00:0022 20.9 22.2 21.9 - 0 93 93 35 0 0 0 336 0 336 0 12 2.2 - - 0 0 0 0 0 0 - -
2014-8-30 4:00:0022.1 21 22.3 22.1 - 0 93 93 355 0 348 0 344 0 344 0 355 0 - - 0 0 0 0 0 0 - -
2014-8-30 3:00:0022.3 21.1 22.6 22.3 - 0 93 92 330 0 342 0 325 0 325 0 330 0 - - 0 0 0 0 0 0 - -
2014-8-30 2:00:0022.6 21.1 23.1 22.6 - 0 92 90 316 0 308 0 296 0 296 0 316 0 - - 0 0 0 0 0 0 - -
2014-8-30 1:00:0023.1 21.4 23.3 23.1 - 0 90 90 32 0 21 0 8 0 8 0 32 0 - - 0 0 0 0 0 0 - -
2014-8-30 00:00:0023.3 21.5 23.5 23.3 - 0 90 89 77 0 0 0 0 0 0 0 77 0 - - 0 0 0 0 0 0 - -
2014-8-29 23:00:0023.5 21.5 24.1 23.5 - 0 88 87 12 0 0 0 0 0 0 0 54 2.2 - - 0 0 0 0 0 0 - -
2014-8-29 22:00:0024.1 21.7 24.6 24.1 - 0 87 85 38 0 0 0 0 0 0 0 350 2.2 - - 0 0 0 0 0 0 - -
2014-8-29 21:00:0024.6 21.8 24.9 24.6 - 0 85 83 18 0 0 0 0 0 0 0 52 3.1 - - 0 0 0 0 0 0 - -
2014-8-29 20:00:0024.9 22 25.3 24.9 - 0 84 80 49 0 0 0 0 0 0 0 35 3.6 - - 0 0 0 0 0 0 - -
2014-8-29 19:00:0025.3 21.8 26.2 25.3 - 0 81 77 60 2.8 55 2.6 0 0 0 0 52 4.6 - - 0 0 0 0 0 0 - -
2014-8-29 18:00:0026.1 22 26.7 26.1 - 0 78 76 29 1.9 22 2.3 0 0 0 0 9 4 - - 0 0 0 0 0 0 - -
2014-8-29 17:00:0026.7 22.5 27.2 26.6 - 0 78 73 29 3.1 22 2.1 0 0 0 0 358 4.9 - - 0 0 0 0 0 0 - -
2014-8-29 16:00:0027.2 21.9 27.4 27 - 0 73 72 355 2 357 1.8 0 0 0 0 7 4.1 - - 0 0 0 0 0 0 - -
2014-8-29 15:00:0027.2 22.3 27.2 26.3 - 0 74 74 322 1.9 296 2.2 0 0 0 0 313 5 - - 0 0 0 0 0 0 - -
2014-8-29 14:00:0027.2 22.6 27.4 26.3 - 0 76 76 330 2.3 327 1.9 0 0 0 0 296 4.2 - - 0 0 0 0 0 0 - -
2014-8-29 13:00:0026.3 22.8 26.8 26.2 - 0 81 79 274 0 0 0 0 0 0 0 277 3 - - 0 0 0 0 0 0 - -
2014-8-29 12:00:0026.7 22.9 26.7 24.8 - 0 80 79 308 0 0 0 0 0 0 0 310 2.6 - - 0 0 0 0 0 0 - -
2014-8-29 11:00:0024.8 22.6 24.9 24.1 - 0.1 87 87 60 0 56 0.4 0 0 0 0 15 2.4 - - 0 0 0 0 0 0 - -
2014-8-29 10:00:0024.1 22.5 24.3 24 - 0.4 91 91 330 0 0 0 0 0 0 0 330 0 - - 0 0 0 0 0 0 - -
2014-8-29 9:00:0024.1 22.5 24.1 23.9 - 1 91 90 60 0 0 0 0 0 0 0 60 0 - - 0 0 0 0 0 0 - -
2014-8-29 8:00:0023.9 22.3 23.9 23.6 - 0.7 90 89 71 0 0 0 0 0 0 0 83 2.7 - - 0 0 0 0 0 0 - -
2014-8-29 7:00:0023.7 21.7 23.8 23.5 - 0.3 88 88 83 0 0 0 0 0 0 0 94 3.7 - - 0 0 0 0 0 0 - -
2014-8-29 6:00:0023.5 21.6 24.7 23.4 - 0 89 86 74 2.7 66 2.7 0 0 34 0.9 38 7.6 - - 0 0 0 0 0 0 - -
2014-8-29 5:00:0024.8 22.7 25.2 24.8 - 0 88 88 32 6.5 19 4.5 353 0.2 353 0.2 18 8 - - 0 0 0 0 0 0 - -
2014-8-29 4:00:0025.2 23.1 25.2 25 - 0 88 88 102 0 0 0 79 0.2 79 0.2 102 0 - - 0 0 0 0 0 0 - -
2014-8-29 3:00:0025 22.9 25.1 25 - 0 88 87 85 0 0 0 129 0.2 129 0.2 85 0 - - 0 0 0 0 0 0 - -
2014-8-29 2:00:0025.1 22.8 25.1 25 - 0 87 87 88 0 0 0 118 0.2 118 0.2 88 0 - - 0 0 0 0 0 0 - -
2014-8-29 1:00:0025.1 22.7 25.3 25.1 - 0 87 85 97 0 0 0 79 0.2 79 0.2 85 2.5 - - 0 0 0 0 0 0 - -
2014-8-29 00:00:0025.3 22.7 25.3 25.2 - 0 85 85 77 0 0 0 0 0 0 0 54 1.6 - - 0 0 0 0 0 0 - -
2014-8-28 23:00:0025.2 22.6 25.2 25.1 - 0 86 84 52 0 0 0 0 0 0 0 52 0 - - 0 0 0 0 0 0 - -
2014-8-28 22:00:0025.1 22.3 25.3 25.1 - 0 84 83 150 0 0 0 0 0 0 0 119 2.8 - - 0 0 0 0 0 0 - -
2014-8-28 21:00:0025.3 22.2 25.4 25.3 - 0 83 82 85 0 0 0 0 0 0 0 52 3.3 - - 0 0 0 0 0 0 - -
2014-8-28 20:00:0025.3 22.2 25.5 25.3 - 0 82 81 68 1.3 64 1.6 0 0 78 0.1 80 2.9 - - 0 0 0 0 0 0 - -
2014-8-28 19:00:0025.5 22.1 26 25.5 - 0 81 79 66 2.2 75 1.9 0 0 69 0.6 52 3.6 - - 0 0 0 0 0 0 - -
2014-8-28 18:00:0026 22.1 26.3 26 - 0 79 77 52 2.2 54 2 0 0 53 1.2 12 4.6 - - 0 0 0 0 0 0 - -
2014-8-28 17:00:0026.4 22.1 27.3 26.4 - 0 77 73 83 3 72 2.9 72 1.2 59 1.8 57 5.2 - - 0 0 0 0 0 0 - -
2014-8-28 16:00:0027.3 22.2 28.1 27.3 - 0 74 71 80 5.1 79 3.5 63 1.5 59 1.9 52 5.5 - - 0 0 0 0 0 0 - -
2014-8-28 15:00:0028.1 22.3 28.8 27.9 - 0 70 69 60 2.7 68 3.5 57 2 66 2.1 108 6.5 - - 0 0 0 0 0 0 - -
2014-8-28 14:00:0028.3 22.5 29.5 28.2 - 0 71 64 71 2.3 30 2.8 30 0.9 21 1.2 7 5.1 - - 0 0 0 0 0 0 - -
2014-8-28 13:00:0029.3 22.4 29.8 28.8 - 0 66 63 7 0 30 1.1 0 0 116 1 119 4.9 - - 0 0 0 0 0 0 - -
2014-8-28 12:00:0028.8 22 28.9 26.6 - 0 67 66 128 2.6 101 2 121 0.4 130 1.7 99 4.4 - - 0 0 0 0 0 0 - -
2014-8-28 11:00:0026.5 21.4 26.6 25.6 - 0 74 73 74 3.2 88 1.8 89 1.2 97 2.3 97 5.3 - - 0 0 0 0 0 0 - -
2014-8-28 10:00:0025.8 21.4 25.8 24.8 - 0 77 76 85 4.7 99 3.8 95 1.7 103 2.3 97 5.8 - - 0 0 0 0 0 0 - -
2014-8-28 9:00:0024.9 20.8 25 24.3 - 0 78 76 83 3.2 77 2.4 93 1.4 89 1.8 60 5 - - 0 0 0 0 0 0 - -
2014-8-28 8:00:0024.3 20.6 24.3 23.8 - 0 80 80 88 2.3 90 2.4 92 0.9 94 1 105 4 - - 0 0 0 0 0 0 - -
2014-8-28 7:00:0023.7 20.3 23.7 23.5 - 0 81 81 57 1.3 99 2 95 0.8 101 1.8 85 4.9 - - 0 0 0 0 0 0 - -
2014-8-28 6:00:0023.5 20.6 23.5 23.2 - 0 84 84 88 0 89 1.1 85 1 86 1.3 94 4.3 - - 0 0 0 0 0 0 - -
2014-8-28 5:00:0023.2 20.9 23.2 23.1 - 0 86 86 57 0.8 56 0.9 0 0 0 0 60 2.9 - - 0 0 0 0 0 0 - -
2014-8-28 4:00:0023.2 20.8 23.2 23.1 - 0 87 85 88 0 0 0 0 0 96 0.5 94 4.6 - - 0 0 0 0 0 0 - -
2014-8-28 3:00:0023.1 20.5 23.2 23 - 0 85 84 97 1.7 95 2.1 0 0 98 0.3 74 4 - - 0 0 0 0 0 0 - -
2014-8-28 2:00:0023 20.3 23.1 23 - 0 85 85 57 2.8 80 2.2 0 0 76 0.2 97 4 - - 0 0 0 0 0 0 - -
2014-8-28 1:00:0023 20.7 23 22.8 - 0 87 86 71 1.3 75 1.7 77 0.2 70 0.4 83 3.7 - - 0 0 0 0 0 0 - -
2014-8-28 00:00:0022.8 20.4 22.8 22.5 - 0 86 86 91 2.3 89 0.9 83 2.7 83 2.7 71 3 - - 0 0 0 0 0 0 - -
2014-8-27 23:00:0022.5 20.2 22.5 22.4 - 0 87 85 80 0 0 0 64 2.3 74 3.2 57 3.9 - - 0 0 0 0 0 0 - -
2014-8-27 22:00:0022.5 19.9 23.3 22.5 - 0 85 79 80 2.3 87 2.6 70 3.1 70 3.1 71 4.7 - - 0 0 0 0 0 0 - -
2014-8-27 21:00:0023.3 19.5 23.5 23.3 - 0 79 76 91 0 0 0 89 2.7 106 3.5 105 4.6 - - 0 0 0 0 0 0 - -
2014-8-27 20:00:0023.4 18.9 23.4 23.4 - 0 76 76 102 2.7 105 2.6 95 3.5 103 3.9 119 5.9 - - 0 0 0 0 0 0 - -
2014-8-27 19:00:0023.4 19.4 23.4 23.2 - 0 78 78 97 3.5 94 3.1 87 3.6 99 3.8 97 6.4 - - 0 0 0 0 0 0 - -
2014-8-27 18:00:0023.2 20.1 23.7 23.2 - 0 83 73 119 2.7 90 1.8 79 2.1 99 3.7 99 5.2 - - 0 0 0 0 0 0 - -
2014-8-27 17:00:0023.6 18.4 23.8 23.6 - 0 72 72 66 2.5 87 1.7 96 3.4 100 4.3 122 6.1 - - 0 0 0 0 0 0 - -
2014-8-27 16:00:0023.8 18.3 24 23.8 - 0 71 69 88 4.3 97 3.3 103 3.7 100 4 97 6.2 - - 0 0 0 0 0 0 - -
2014-8-27 15:00:0023.9 18.3 23.9 23.6 - 0 71 68 108 3.7 101 3.1 101 3.4 95 4.4 99 6 - - 0 0 0 0 0 0 - -
2014-8-27 14:00:0023.7 17.5 23.7 23.5 - 0 68 67 97 3.4 100 4.2 95 4.5 96 5.3 88 8.1 - - 0 0 0 0 0 0 - -
2014-8-27 13:00:0023.5 18 23.6 23.3 - 0 71 67 105 3.6 101 3.4 100 3.8 74 5.1 97 7.8 - - 0 0 0 0 0 0 - -
2014-8-27 12:00:0023.4 19.3 24.4 23.4 - 1.1 78 70 60 3.3 67 3.6 60 3.6 100 4 97 6.5 - - 0 0 0 0 0 0 - -
2014-8-27 11:00:0024.4 19.2 24.4 24.2 - 0 72 72 105 2.8 88 2.6 93 3.3 93 3.4 116 4.8 - - 0 0 0 0 0 0 - -
2014-8-27 10:00:0024.3 19.1 24.6 24.2 - 0 73 69 119 0 115 0.7 109 2.7 111 4.2 113 6.1 - - 0 0 0 0 0 0 - -
2014-8-27 9:00:0024.5 20.3 24.5 23.7 - 0 77 76 133 2.3 115 2.5 108 3.2 103 3.3 119 4.9 - - 0 0 0 0 0 0 - -
2014-8-27 8:00:0023.7 19.7 23.8 23.3 - 0 78 77 83 0 84 0.2 84 1.8 94 2 99 2.4 - - 0 0 0 0 0 0 - -
2014-8-27 7:00:0023.3 19.4 23.3 22.7 - 0 78 78 68 0 85 0.5 84 2 81 2.1 85 4.3 - - 0 0 0 0 0 0 - -
2014-8-27 6:00:0022.7 19.7 22.7 22.2 - 0 83 83 116 0 0 0 144 1.5 144 1.5 341 2.2 - - 0 0 0 0 0 0 - -
2014-8-27 5:00:0022.4 19.9 22.5 22.2 - 0 86 80 316 0 0 0 313 1.5 313 1.5 91 0.9 - - 0 0 0 0 0 0 - -
2014-8-27 4:00:0022.3 19 22.3 21.7 - 0 81 81 71 1.1 84 1.5 76 1.7 71 2.2 68 3.3 - - 0 0 0 0 0 0 - -
2014-8-27 3:00:0021.7 19.6 21.7 21.3 - 0 88 86 63 0 0 0 76 1.6 82 1.8 83 2.3 - - 0 0 0 0 0 0 - -
2014-8-27 2:00:0021.3 19 21.7 21.2 - 0.9 87 82 52 1.5 77 1.1 87 1.4 148 3.9 150 5.8 - - 0 0 0 0 0 0 - -
2014-8-27 1:00:0021.7 18.4 25.7 21.7 - 1 81 57 147 4.1 150 3.2 170 3.3 185 4.7 192 8 - - 0 0 0 0 0 0 - -
2014-8-27 00:00:0025.7 18.3 26 25.7 - 0 64 60 198 2.3 191 3 0 0 0 0 184 5 - - 0 0 0 0 0 0 - -
2014-8-26 23:00:0025.8 19 26 25.8 - 0 66 66 142 0 0 0 0 0 0 0 142 0 - - 0 0 0 0 0 0 - -
2014-8-26 22:00:0026 19.1 26.4 26 - 0 66 59 105 0 0 0 0 0 123 0.5 128 3.7 - - 0 0 0 0 0 0 - -
2014-8-26 21:00:0026.4 17.7 26.5 26.4 - 0 59 55 125 1.8 108 2.1 109 0.1 110 0.6 108 4 - - 0 0 0 0 0 0 - -
2014-8-26 20:00:0026.5 18.7 26.8 26.3 - 0 62 62 97 2.1 91 2.2 77 0.2 116 0.3 94 3.4 - - 0 0 0 0 0 0 - -
2014-8-26 19:00:0026.8 21.5 27.3 26.8 - 0 73 70 111 2.3 113 2.4 107 0.3 108 1.1 108 3.5 - - 0 0 0 0 0 0 - -
2014-8-26 18:00:0027.3 21.2 28 27.3 - 0 69 63 113 1.7 105 2.3 107 1.3 106 1.5 85 4.1 - - 0 0 0 0 0 0 - -
2014-8-26 17:00:0028 20.4 28.6 28 - 0 63 58 97 2 95 2.3 97 1.3 117 1.8 122 4.4 - - 0 0 0 0 0 0 - -
2014-8-26 16:00:0028.6 19.5 28.7 28.4 - 0 58 58 133 3.5 129 2.6 128 1.5 90 1.8 94 4.2 - - 0 0 0 0 0 0 - -
2014-8-26 15:00:0028.4 19.5 28.6 28.3 - 0 59 56 116 3.1 98 2.8 84 1.8 73 2.3 80 5.4 - - 0 0 0 0 0 0 - -
2014-8-26 14:00:0028.3 18.8 30.4 28.3 - 0 56 46 74 2.9 78 3 68 1.5 65 1.5 91 4.5 - - 0 0 0 0 0 0 - -
2014-8-26 13:00:0030.3 17.4 31.2 30.3 - 0 46 43 108 1.7 118 2.1 124 1.3 142 1.9 153 5.2 - - 0 0 0 0 0 0 - -
2014-8-26 12:00:0030.6 17.1 30.8 29.9 - 0 44 43 237 0 216 0.4 161 1 133 1.5 119 4.4 - - 0 0 0 0 0 0 - -
2014-8-26 11:00:0030 17.6 30.3 28.7 - 0 47 46 158 1.6 168 1.8 95 0.4 119 1.6 105 4.7 - - 0 0 0 0 0 0 - -
2014-8-26 10:00:0029 18.8 29.3 27.9 - 0 54 54 74 2.5 73 2.3 84 1.6 111 1.8 116 5.2 - - 0 0 0 0 0 0 - -
2014-8-26 9:00:0027.8 20 27.8 26.2 - 0 63 62 99 2 108 1.8 105 0.9 108 0.9 85 3.5 - - 0 0 0 0 0 0 - -
2014-8-26 8:00:0026.2 19.7 26.3 25.4 - 0 67 67 85 1.6 81 1.6 104 0.2 104 0.2 119 2.4 - - 0 0 0 0 0 0 - -
2014-8-26 7:00:0025.4 21.4 25.4 24.3 - 0 78 78 105 0 101 0 82 0 82 0 105 0 - - 0 0 0 0 0 0 - -
2014-8-26 6:00:0024.3 21.7 24.3 24.2 - 0 85 85 35 0 29 0 30 0 30 0 35 0 - - 0 0 0 0 0 0 - -
2014-8-26 5:00:0024.2 22.1 24.2 23.9 - 0 88 88 60 0 45 0 45 0 45 0 60 0 - - 0 0 0 0 0 0 - -
2014-8-26 4:00:0023.9 22.2 24 23.9 - 0 90 89 150 0 150 0 126 0 126 0 150 0 - - 0 0 0 0 0 0 - -
2014-8-26 3:00:0024 22.2 24.4 24 - 0 89 88 139 0 122 0 131 0 131 0 139 0 - - 0 0 0 0 0 0 - -
2014-8-26 2:00:0024.3 22.3 24.8 24.3 - 0 88 86 21 0 33 0 33 0 33 0 21 0 - - 0 0 0 0 0 0 - -
2014-8-26 1:00:0024.8 22.3 25.2 24.8 - 0 86 81 52 0 49 0 50 0 50 0 52 0 - - 0 0 0 0 0 0 - -
2014-8-26 00:00:0025.2 21.8 25.4 25.1 - 0 81 79 83 0 0 0 86 1.4 86 1.4 83 0 - - 0 0 0 0 0 0 - -
2014-8-25 23:00:0025.2 21.5 25.3 25.1 - 0 80 79 7 0 0 0 348 1.4 348 1.4 7 0 - - 0 0 0 0 0 0 - -
2014-8-25 22:00:0025.3 21.5 26.1 25.3 - 0 79 72 288 0 0 0 292 1.4 292 1.4 288 0 - - 0 0 0 0 0 0 - -
2014-8-25 21:00:0026.1 20.7 26.7 26.1 - 0 72 69 344 0 0 0 355 1.4 355 1.4 344 0 - - 0 0 0 0 0 0 - -
2014-8-25 20:00:0026.7 20.5 27.3 26.7 - 0 69 65 7 0 0 0 2 1.4 6 1.5 12 2.9 - - 0 0 0 0 0 0 - -
2014-8-25 19:00:0027.3 20.2 28.2 27.3 - 0 65 58 355 1.5 22 1.7 13 1.1 25 1.8 15 3.5 - - 0 0 0 0 0 0 - -
2014-8-25 18:00:0028.3 19.1 29 28.3 - 0 58 55 7 1.9 25 2.4 29 1.8 26 2.1 40 4.3 - - 0 0 0 0 0 0 - -
2014-8-25 17:00:0028.8 19.2 29.4 28.7 - 0 56 56 15 1.5 20 1.7 25 2.1 26 2.8 1 5 - - 0 0 0 0 0 0 - -
2014-8-25 16:00:0029.4 20.6 30 29.3 - 0 59 57 308 2.4 347 2.6 356 2 325 2.1 333 5.1 - - 0 0 0 0 0 0 - -
2014-8-25 15:00:0030 21.2 30.2 29 - 0 59 57 21 1.9 330 2 322 1.9 328 2.3 7 5.6 - - 0 0 0 0 0 0 - -
2014-8-25 14:00:0029.3 20.5 29.8 29.1 - 0 59 57 355 2.2 7 2.6 358 2.1 338 2.6 330 5.8 - - 0 0 0 0 0 0 - -
2014-8-25 13:00:0029.4 20.6 29.9 29 - 0 59 59 29 1.4 336 3.1 328 2.1 312 2.6 1 5.8 - - 0 0 0 0 0 0 - -
2014-8-25 12:00:0029 22 29 27 - 0 66 65 350 1.9 321 3.2 309 2.3 326 2.6 299 6.1 - - 0 0 0 0 0 0 - -
2014-8-25 11:00:0027 21.9 27.9 26.9 - 0 74 70 338 3.4 325 2.6 322 2.4 349 2.9 319 5.7 - - 0 0 0 0 0 0 - -
2014-8-25 10:00:0027.6 22.3 27.6 26 - 0 73 73 344 3.4 334 2.8 319 1.9 315 2.2 333 4.4 - - 0 0 0 0 0 0 - -
2014-8-25 9:00:0026 22.1 26 25.7 - 0 79 79 353 0 322 1.8 320 1.7 307 2.9 333 5.2 - - 0 0 0 0 0 0 - -
2014-8-25 8:00:0025.8 22.5 25.8 24.9 - 0 82 82 322 4.5 307 2.7 307 2.4 299 2.7 277 5.2 - - 0 0 0 0 0 0 - -
2014-8-25 7:00:0024.9 22.3 24.9 24.4 - 0 85 85 302 4 313 1.5 307 1.8 311 2.5 308 4.6 - - 0 0 0 0 0 0 - -
2014-8-25 6:00:0024.4 22.2 24.6 24.4 - 0 87 85 313 0 0 0 293 1.3 327 2.6 347 4.4 - - 0 0 0 0 0 0 - -
2014-8-25 5:00:0024.6 21.9 24.9 24.6 - 0 85 83 15 1.6 335 2.5 333 2.5 320 2.6 310 5.2 - - 0 0 0 0 0 0 - -
2014-8-25 4:00:0024.9 21.7 24.9 24.8 - 0 82 82 338 2.1 326 1.7 319 2.5 319 3.7 313 7.1 - - 0 0 0 0 0 0 - -
2014-8-25 3:00:0024.9 21.7 25.3 24.9 - 0 83 81 299 3.2 319 3.5 320 3.9 319 4.5 324 8.5 - - 0 0 0 0 0 0 - -
2014-8-25 2:00:0025.2 21.7 25.4 25.2 - 0 81 81 313 3.1 312 2.5 310 2.9 311 4.1 322 8.8 - - 0 0 0 0 0 0 - -
2014-8-25 1:00:0025.4 22.3 25.4 25.2 - 0 83 83 285 3.4 308 2.3 303 3.4 291 3.6 308 6.9 - - 0 0 0 0 0 0 - -
2014-8-25 00:00:0025.3 22.6 25.6 25.3 - 0 85 85 279 3.7 285 2.4 285 1.4 283 2 285 6.4 - - 0 0 0 0 0 0 - -
2014-8-24 23:00:0025.3 23.8 25.6 25 - 0.1 92 92 234 0 239 0.1 237 0.3 211 2.8 206 5.3 - - 0 0 0 0 0 0 - -
2014-8-24 22:00:0025.6 24.1 25.9 25.6 - 2.9 92 91 237 2.9 222 3 237 2.7 219 3.2 226 6.7 - - 0 0 0 0 0 0 - -
2014-8-24 21:00:0025.6 24.2 26 25.1 - 5.9 92 84 215 2.2 202 2.9 197 2.9 195 3.1 322 6.7 - - 0 0 0 0 0 0 - -
2014-8-24 20:00:0026.1 23.1 31.7 26.1 - 0.8 83 64 322 5 346 3.2 352 3.2 353 4.6 322 10.7 - - 0 0 0 0 0 0 - -
2014-8-24 19:00:0031.7 24.7 32.3 31.7 - 0 66 60 170 2.5 189 2.8 198 2.2 199 2.2 223 4.9 - - 0 0 0 0 0 0 - -
2014-8-24 18:00:0032.3 23.7 32.7 32.3 - 0 60 54 184 1.7 193 0.8 198 1.3 218 2.4 212 3.4 - - 0 0 0 0 0 0 - -
2014-8-24 17:00:0032.7 22.8 33.2 32.7 - 0 56 55 195 0 232 1.1 234 2.1 222 3.1 223 4.4 - - 0 0 0 0 0 0 - -
2014-8-24 16:00:0033.2 22.9 33.9 33.2 - 0 55 48 203 2.6 217 1.8 236 2 238 2.6 257 5 - - 0 0 0 0 0 0 - -
2014-8-24 15:00:0033.9 22.2 34.3 33.6 - 0 50 49 254 4.2 257 2.1 261 2.4 298 2.9 285 6 - - 0 0 0 0 0 0 - -
2014-8-24 14:00:0034.1 22.3 34.8 33.7 - 0 50 48 271 2.3 251 2.6 257 2.4 259 3.1 268 5.9 - - 0 0 0 0 0 0 - -
2014-8-24 13:00:0033.8 23.3 34 33.6 - 0 54 51 285 1.4 289 2.3 282 2.6 254 3.4 248 5.9 - - 0 0 0 0 0 0 - -
2014-8-24 12:00:0033.9 23.3 34.1 32.9 - 0 54 54 240 2.9 260 3.3 276 3 277 3.3 251 5.8 - - 0 0 0 0 0 0 - -
2014-8-24 11:00:0032.9 24.2 33 32.5 - 0 60 60 195 1.4 211 2 224 2.4 210 3.1 209 5.3 - - 0 0 0 0 0 0 - -
2014-8-24 10:00:0032.6 24 32.7 30.9 - 0 61 61 215 2.5 221 2.4 225 2.6 218 3.3 212 5.2 - - 0 0 0 0 0 0 - -
2014-8-24 9:00:0031 24.3 31.1 29.4 - 0 68 68 257 3 228 2.8 217 2.6 217 2.6 209 4.7 - - 0 0 0 0 0 0 - -
2014-8-24 8:00:0029.3 24.9 29.3 27.3 - 0 77 77 164 1.4 183 1.6 197 2 197 2 218 3.2 - - 0 0 0 0 0 0 - -
2014-8-24 7:00:0027.3 25 27.3 25.9 - 0 88 88 161 0 0 0 186 1.7 186 1.7 161 0 - - 0 0 0 0 0 0 - -
2014-8-24 6:00:0025.9 24 26 25.8 - 0 89 88 105 0 0 0 119 1.7 119 1.7 105 0 - - 0 0 0 0 0 0 - -
2014-8-24 5:00:0025.8 23.7 26 25.8 - 0 88 86 156 0 0 0 159 1.7 159 1.7 156 0 - - 0 0 0 0 0 0 - -
2014-8-24 4:00:0026 23.6 26.3 26 - 0 86 83 344 0 0 0 89 1.7 89 1.7 142 0.4 - - 0 0 0 0 0 0 - -
2014-8-24 3:00:0026.3 23.2 26.4 26.3 - 0 83 81 156 0 0 0 149 1.7 149 1.7 156 0 - - 0 0 0 0 0 0 - -
2014-8-24 2:00:0026.4 22.9 26.5 26.3 - 0 81 81 49 0 0 0 65 1.7 65 1.7 49 0 - - 0 0 0 0 0 0 - -
2014-8-24 1:00:0026.6 23.3 26.9 26.6 - 0 82 82 105 0 0 0 90 1.7 75 2.1 74 2.9 - - 0 0 0 0 0 0 - -
2014-8-24 00:00:0026.8 24 28.3 26.8 - 0 84 81 74 1.1 63 1.1 0 0 0 0 23 4.3 - - 0 0 0 0 0 0 - -
2014-8-23 23:00:0028.3 24.9 28.4 28.3 - 0 82 79 35 1.7 41 1.4 0 0 0 0 150 2 - - 0 0 0 0 0 0 - -
2014-8-23 22:00:0028.4 24.4 28.7 28.4 - 0 79 74 161 0 0 0 0 0 0 0 167 2.6 - - 0 0 0 0 0 0 - -
2014-8-23 21:00:0028.7 23.6 29.2 28.7 - 0 74 70 189 1.9 163 1.7 0 0 0 0 173 4.6 - - 0 0 0 0 0 0 - -
2014-8-23 20:00:0029.2 23.7 29.6 29.2 - 0 72 72 189 4.2 172 2.5 0 0 0 0 175 4.9 - - 0 0 0 0 0 0 - -
2014-8-23 19:00:0029.6 24.5 30.2 29.6 - 0 74 67 187 2.8 172 2.3 0 0 0 0 164 5 - - 0 0 0 0 0 0 - -
2014-8-23 18:00:0030.3 23.6 30.9 30.3 - 0 67 66 181 4.6 179 4.1 0 0 0 0 173 5.3 - - 0 0 0 0 0 0 - -
2014-8-23 17:00:0030.9 23.8 31.3 30.5 - 0 66 66 156 2.4 142 2.5 0 0 0 0 128 4.4 - - 0 0 0 0 0 0 - -
2014-8-23 16:00:0030.4 24.3 31 30.4 - 0 70 66 91 1.6 113 2.5 0 0 128 0.5 116 5.9 - - 0 0 0 0 0 0 - -
2014-8-23 15:00:0030.9 23.9 31.4 30.9 - 0 66 61 108 3.4 130 3.9 129 0.6 125 0.7 113 6.2 - - 0 0 0 0 0 0 - -
2014-8-23 14:00:0031.4 23.1 33.2 31.4 - 0 62 55 156 3.8 146 3.2 145 0.2 145 0.7 144 6.2 - - 0 0 0 0 0 0 - -
2014-8-23 13:00:0032.9 23.4 32.9 32.3 - 0 57 56 91 0 152 0.9 0 0 0 0 119 4.1 - - 0 0 0 0 0 0 - -
2014-8-23 12:00:0032.3 24.7 32.3 30.1 - 0 64 62 119 2.2 325 0.6 0 0 0 0 74 3.3 - - 0 0 0 0 0 0 - -
2014-8-23 11:00:0030.1 23.5 30.2 29.3 - 0 68 66 133 1.9 113 1.4 0 0 0 0 108 3.7 - - 0 0 0 0 0 0 - -
2014-8-23 10:00:0029.3 24.4 29.4 26.9 - 0.1 75 74 116 2.5 148 1.9 0 0 133 0.3 122 4.5 - - 0 0 0 0 0 0 - -
2014-8-23 9:00:0026.8 25.4 26.8 26.4 - 0.4 92 91 130 1.3 124 1.5 0 0 122 1.4 119 4.7 - - 0 0 0 0 0 0 - -
2014-8-23 8:00:0026.5 24.9 26.5 26.2 - 0.1 91 90 99 0 101 0 106 0 106 0 99 0 - - 0 0 0 0 0 0 - -
2014-8-23 7:00:0026.2 24.6 26.2 25.9 - 0 91 91 105 0 96 0 75 0 75 0 105 0 - - 0 0 0 0 0 0 - -
2014-8-23 6:00:0025.9 24.3 25.9 25.8 - 0 91 91 77 0 81 0 96 0 96 0 77 0 - - 0 0 0 0 0 0 - -
2014-8-23 5:00:0025.8 24.2 25.8 25.8 - 0 91 90 97 0 85 0 92 0 92 0 97 0 - - 0 0 0 0 0 0 - -
2014-8-23 4:00:0025.8 24.1 25.8 25.7 - 0 90 90 130 0 119 0 104 0 104 0 130 0 - - 0 0 0 0 0 0 - -
2014-8-23 3:00:0025.8 23.9 25.9 25.7 - 0 90 88 139 0 138 0 107 0 107 0 139 0 - - 0 0 0 0 0 0 - -
2014-8-23 2:00:0025.9 23.8 25.9 25.8 - 0 88 87 74 0 71 0 70 0 70 0 74 0 - - 0 0 0 0 0 0 - -
2014-8-23 1:00:0025.9 23.6 26.1 25.9 - 0 87 85 116 0 114 0 116 0 116 0 116 0 - - 0 0 0 0 0 0 - -
2014-8-23 00:00:0026.1 23.5 26.3 26.1 - 0 85 84 105 0 0 0 0 0 0 0 105 0 - - 0 0 0 0 0 0 - -
2014-8-22 23:00:0026.3 23.5 26.7 26.2 - 0 84 81 156 0 0 0 0 0 0 0 156 0 - - 0 0 0 0 0 0 - -
2014-8-22 22:00:0026.7 23.3 26.9 26.7 - 0 81 80 167 0 0 0 0 0 149 0.9 150 3.8 - - 0 0 0 0 0 0 - -
2014-8-22 21:00:0026.9 23.2 27.3 26.9 - 0 80 77 130 1.9 138 1.9 143 0.9 154 1.2 156 4.1 - - 0 0 0 0 0 0 - -
2014-8-22 20:00:0027.3 22.9 27.9 27.3 - 0 77 74 147 2.5 141 2.5 138 0.8 159 2.5 167 6.4 - - 0 0 0 0 0 0 - -
2014-8-22 19:00:0027.9 22.9 28.6 27.9 - 0 74 71 153 3.7 154 3.7 153 2 150 2.1 119 5.7 - - 0 0 0 0 0 0 - -
2014-8-22 18:00:0028.6 23.1 29.4 28.6 - 0 72 68 128 3.4 112 2.7 120 1.5 129 2.8 128 6.1 - - 0 0 0 0 0 0 - -
2014-8-22 17:00:0029.3 23.2 30.2 29.2 - 0 70 65 105 3.8 112 3.1 125 2.5 116 3.6 119 7.7 - - 0 0 0 0 0 0 - -
2014-8-22 16:00:0030.2 23.1 31 30.2 - 0 66 62 113 3.8 116 3.4 120 2.2 124 2.8 139 6.2 - - 0 0 0 0 0 0 - -
2014-8-22 15:00:0031 23.1 32.4 30.9 - 0 63 51 102 2.6 127 3.9 116 2.8 117 3.2 111 6.8 - - 0 0 0 0 0 0 - -
2014-8-22 14:00:0032.2 20.9 32.6 32 - 0 51 51 164 2.7 146 2.5 160 0.8 148 1.3 147 4.6 - - 0 0 0 0 0 0 - -
2014-8-22 13:00:0032.5 21.6 32.5 31.1 - 0 53 53 128 2.7 136 2.5 182 0.1 112 1.1 119 4.7 - - 0 0 0 0 0 0 - -
2014-8-22 12:00:0031.1 21.9 31.1 29.9 - 0 58 58 97 2.2 87 2.6 122 1.2 132 2 128 5 - - 0 0 0 0 0 0 - -
2014-8-22 11:00:0029.9 22.4 30.2 28.9 - 0 64 63 108 1.1 114 1.9 120 0.8 159 1.2 142 4.6 - - 0 0 0 0 0 0 - -
2014-8-22 10:00:0029 23.2 29 27.8 - 0 71 70 173 3.5 179 3.2 166 1.1 150 1.8 142 4.9 - - 0 0 0 0 0 0 - -
2014-8-22 9:00:0027.8 23.4 27.8 25.9 - 0 77 77 139 2.7 150 3.1 150 1.2 150 1.2 175 4 - - 0 0 0 0 0 0 - -
2014-8-22 8:00:0025.9 23.3 25.9 24.7 - 0 85 85 122 0 0 0 131 0.2 122 0.3 125 2.4 - - 0 0 0 0 0 0 - -
2014-8-22 7:00:0024.7 23 24.7 23.8 - 0 90 90 94 0 0 0 0 0 0 0 119 1.9 - - 0 0 0 0 0 0 - -
2014-8-22 6:00:0023.8 22.4 23.8 23.6 - 0 92 91 119 0 0 0 0 0 0 0 54 1.4 - - 0 0 0 0 0 0 - -
2014-8-22 5:00:0023.7 22.1 23.8 23.6 - 0 91 90 119 0 0 0 0 0 0 0 119 0 - - 0 0 0 0 0 0 - -
2014-8-22 4:00:0023.8 22.1 24 23.8 - 0 90 89 113 0 0 0 0 0 0 0 113 0 - - 0 0 0 0 0 0 - -
2014-8-22 3:00:0024 22.1 24.1 24 - 0 89 88 122 0 0 0 0 0 0 0 147 2.6 - - 0 0 0 0 0 0 - -
2014-8-22 2:00:0024.1 22 24.2 24.1 - 0 88 87 136 0 0 0 0 0 0 0 128 2.5 - - 0 0 0 0 0 0 - -
2014-8-22 1:00:0024.2 21.9 24.4 24.2 - 0 87 85 164 0 150 0.9 151 0 151 0 144 2.2 - - 0 0 0 0 0 0 - -
2014-8-22 00:00:0024.4 21.7 24.8 24.4 - 0 85 81 156 0 0 0 0 0 0 0 167 3.5 - - 0 0 0 0 0 0 - -
2014-8-21 23:00:0024.8 21.4 25.1 24.8 - 0 81 77 156 2 171 1.7 0 0 0 0 156 4.1 - - 0 0 0 0 0 0 - -
2014-8-21 22:00:0025.1 20.8 25.8 25.1 - 0 77 74 173 0 0 0 0 0 0 0 150 4.7 - - 0 0 0 0 0 0 - -
2014-8-21 21:00:0025.8 21.3 26.4 25.8 - 0 76 75 173 2.3 152 3.1 0 0 0 0 142 4.5 - - 0 0 0 0 0 0 - -
2014-8-21 20:00:0026.4 21.7 27 26.4 - 0 75 71 139 0 0 0 0 0 127 0.3 144 3.2 - - 0 0 0 0 0 0 - -
2014-8-21 19:00:0027 21.4 28.3 27 - 0 71 63 119 1.7 126 1.6 127 0.3 103 0.8 116 4.2 - - 0 0 0 0 0 0 - -
2014-8-21 18:00:0028.3 20.7 29.4 28.3 - 0 63 57 99 2.2 103 2.4 102 0.4 113 0.8 111 4.4 - - 0 0 0 0 0 0 - -
2014-8-21 17:00:0029.4 20 31.1 29.4 - 0 57 48 105 2.5 105 2.1 93 0.4 102 0.7 97 3.6 - - 0 0 0 0 0 0 - -
2014-8-21 16:00:0030.5 18.9 30.7 29.5 - 0 50 49 285 0 0 0 283 0.6 190 0.6 198 2.8 - - 0 0 0 0 0 0 - -
2014-8-21 15:00:0029.9 19.1 29.9 29.2 - 0 52 52 184 1.1 155 0.6 156 0.5 305 0.8 113 2.5 - - 0 0 0 0 0 0 - -
2014-8-21 14:00:0029.2 18.1 29.5 28.8 - 0 51 50 243 0 0 0 13 0.8 334 1 310 4.1 - - 0 0 0 0 0 0 - -
2014-8-21 13:00:0029.4 18.7 29.8 28.3 - 0 53 49 97 0 0 0 124 0.8 122 1.1 122 3.3 - - 0 0 0 0 0 0 - -
2014-8-21 12:00:0028.3 18.3 29 28.3 - 0 55 52 330 1.7 343 0.8 0 0 0 0 189 3.8 - - 0 0 0 0 0 0 - -
2014-8-21 11:00:0028.5 18.5 28.5 27.8 - 0 55 55 12 0 111 0.5 0 0 0 0 164 3.5 - - 0 0 0 0 0 0 - -
2014-8-21 10:00:0027.7 19.9 27.7 25.9 - 0.1 63 60 85 0 0 0 0 0 0 0 167 3 - - 0 0 0 0 0 0 - -
2014-8-21 9:00:0025.9 20.3 25.9 23.2 - 0 71 71 167 0 0 0 0 0 0 0 240 1 - - 0 0 0 0 0 0 - -
2014-8-21 8:00:0023.2 22.1 23.2 21.3 - 0 94 94 218 0 0 0 214 0 214 0 218 1.9 - - 0 0 0 0 0 0 - -
2014-8-21 7:00:0021.3 20.4 21.3 20.7 - 0 95 95 178 0 0 0 163 0 163 0 150 2.3 - - 0 0 0 0 0 0 - -
2014-8-21 6:00:0020.7 19.8 20.7 20.2 - 0 95 94 355 0 356 0 355 0 355 0 355 0 - - 0 0 0 0 0 0 - -
2014-8-21 5:00:0020.4 19.5 20.6 20.4 - 0 94 94 232 0 268 0 312 0 312 0 232 0 - - 0 0 0 0 0 0 - -
2014-8-21 4:00:0020.5 19.6 21 20.5 - 0 94 94 353 0 2 0 46 0 46 0 353 0 - - 0 0 0 0 0 0 - -
2014-8-21 3:00:0021 20 21.3 21 - 0 94 94 319 0 323 0 337 0 337 0 319 0 - - 0 0 0 0 0 0 - -
2014-8-21 2:00:0021.3 20.3 21.6 21.3 - 0 94 94 243 0 240 0 294 0 294 0 243 0 - - 0 0 0 0 0 0 - -
2014-8-21 1:00:0021.5 20.4 21.7 21.5 - 0 94 93 274 0 262 0 259 0 259 0 274 0 - - 0 0 0 0 0 0 - -
2014-8-21 00:00:0021.6 20.5 21.7 21.6 - 0 93 93 243 0 0 0 0 0 0 0 243 0 - - 0 0 0 0 0 0 - -
2014-8-20 23:00:0021.7 20.6 21.8 21.7 - 0 93 93 243 0 0 0 0 0 0 0 243 0 - - 0 0 0 0 0 0 - -
2014-8-20 22:00:0021.7 20.5 21.9 21.7 - 0 93 92 299 0 0 0 0 0 0 0 299 0 - - 0 0 0 0 0 0 - -
2014-8-20 21:00:0021.9 20.6 22 21.9 - 0 92 91 268 0 0 0 0 0 0 0 316 0.5 - - 0 0 0 0 0 0 - -
2014-8-20 20:00:0022 20.5 22.2 22 - 0 91 88 263 0 0 0 0 0 0 0 263 0 - - 0 0 0 0 0 0 - -
2014-8-20 19:00:0022.2 20.2 22.6 22.2 - 0 88 88 32 0 0 0 0 0 0 0 52 4.4 - - 0 0 0 0 0 0 - -
2014-8-20 18:00:0022.6 20.8 22.9 22.6 - 0.1 89 87 353 0 40 0.9 0 0 0 0 26 5 - - 0 0 0 0 0 0 - -
2014-8-20 17:00:0022.9 20.6 23.2 22.9 - 0 87 87 43 2.4 15 2.9 0 0 0 0 1 4.3 - - 0 0 0 0 0 0 - -
2014-8-20 16:00:0023.3 21.2 23.6 23.3 - 0.3 88 87 66 1.9 53 2.4 0 0 0 0 15 4 - - 0 0 0 0 0 0 - -
2014-8-20 15:00:0023.5 21.1 23.6 23.3 - 0.3 87 87 38 3.2 41 2 0 0 33 0.3 29 5.5 - - 0 0 0 0 0 0 - -
2014-8-20 14:00:0023.6 22 23.7 23.5 - 1.7 91 89 18 2.3 41 1.9 0 0 44 0.6 38 5.9 - - 0 0 0 0 0 0 - -
2014-8-20 13:00:0023.6 21.7 24.4 23.6 - 0.7 89 87 52 2.7 46 2.3 0 0 49 1.5 38 7.1 - - 0 0 0 0 0 0 - -
2014-8-20 12:00:0024.2 22.1 24.2 23.6 - 0.3 88 88 18 4.6 62 3.6 59 1.1 60 2.3 35 7.4 - - 0 0 0 0 0 0 - -
2014-8-20 11:00:0023.6 22.1 23.8 23.2 - 1.2 91 91 71 5 57 4.9 62 1.5 60 1.8 63 6.9 - - 0 0 0 0 0 0 - -
2014-8-20 10:00:0023.5 22.1 23.5 23.2 - 1.2 92 92 60 1.4 69 1.3 0 0 74 1 97 6.1 - - 0 0 0 0 0 0 - -
2014-8-20 9:00:0023.2 22.1 23.2 22.9 - 2.2 94 94 66 3 65 2.9 63 0.2 58 0.3 60 4.7 - - 0 0 0 0 0 0 - -
2014-8-20 8:00:0022.9 21.8 22.9 22.6 - 2.3 94 94 29 2 34 1.5 0 0 38 0.3 68 3.5 - - 0 0 0 0 0 0 - -
2014-8-20 7:00:0022.7 21.6 22.7 22.7 - 1.9 94 94 105 1.5 90 1.6 0 0 75 0.7 63 3.8 - - 0 0 0 0 0 0 - -
2014-8-20 6:00:0022.7 21.7 22.8 22.7 - 1.2 94 94 52 0 62 0.6 0 0 55 0.1 29 2.6 - - 0 0 0 0 0 0 - -
2014-8-20 5:00:0022.8 21.7 22.8 22.7 - 1.1 94 94 52 0 52 0 39 0 39 0 52 0 - - 0 0 0 0 0 0 - -
2014-8-20 4:00:0022.8 21.7 22.8 22.8 - 0.2 94 94 21 0 21 0 15 0 15 0 21 0 - - 0 0 0 0 0 0 - -
2014-8-20 3:00:0022.8 21.7 22.8 22.7 - 0 94 94 136 0 124 0 127 0 127 0 136 0 - - 0 0 0 0 0 0 - -
2014-8-20 2:00:0022.7 21.7 22.8 22.7 - 0 94 94 54 0 32 0 20 0 20 0 54 0 - - 0 0 0 0 0 0 - -
2014-8-20 1:00:0022.8 21.7 23 22.8 - 0 94 94 26 0 19 0 356 0 356 0 26 0 - - 0 0 0 0 0 0 - -
2014-8-20 00:00:0022.9 21.8 22.9 22.8 - 0 94 93 128 0 0 0 185 0.2 185 0.2 128 0 - - 0 0 0 0 0 0 - -
2014-8-19 23:00:0022.9 21.8 23 22.9 - 0 93 93 308 0 0 0 293 0.2 293 0.2 308 0 - - 0 0 0 0 0 0 - -
2014-8-19 22:00:0023 21.8 23.3 23 - 0 93 93 46 0 0 0 11 0.2 11 0.2 46 0 - - 0 0 0 0 0 0 - -
2014-8-19 21:00:0023.3 22.1 23.3 23.3 - 0 93 92 246 0 0 0 152 0.2 152 0.2 246 0 - - 0 0 0 0 0 0 - -
2014-8-19 20:00:0023.3 21.9 23.5 23.2 - 0 92 90 142 0 0 0 224 0.2 224 0.2 142 0 - - 0 0 0 0 0 0 - -
2014-8-19 19:00:0023.4 21.7 23.7 23.4 - 0.1 90 88 35 0 0 0 11 0.2 11 0.2 35 0 - - 0 0 0 0 0 0 - -
2014-8-19 18:00:0023.7 21.6 24 23.7 - 0 88 86 130 0 0 0 41 0.2 41 0.2 130 0 - - 0 0 0 0 0 0 - -
2014-8-19 17:00:0024 21.7 24 23.7 - 0 87 86 60 0 0 0 99 0.2 99 0.2 60 0 - - 0 0 0 0 0 0 - -
2014-8-19 16:00:0023.7 21.3 23.9 23.7 - 0.2 86 85 60 0 0 0 48 0.2 48 0.2 60 0 - - 0 0 0 0 0 0 - -
2014-8-19 15:00:0023.8 21.4 23.9 23.6 - 0.1 86 86 66 0 0 0 31 0.2 31 0.2 66 0 - - 0 0 0 0 0 0 - -
2014-8-19 14:00:0023.6 21.2 23.6 23.3 - 0 86 86 353 0 0 0 28 0.2 27 0.4 32 3.2 - - 0 0 0 0 0 0 - -
2014-8-19 13:00:0023.3 21.4 23.4 22.9 - 0.1 89 89 35 2.3 23 1.6 0 0 44 0.3 52 3.7 - - 0 0 0 0 0 0 - -
2014-8-19 12:00:0022.8 21.5 22.9 22.4 - 0.3 92 92 66 2.3 33 1.3 43 0.3 43 0.3 49 3.8 - - 0 0 0 0 0 0 - -
2014-8-19 11:00:0022.4 21.3 22.4 22.1 - 2.9 93 93 49 0 0 0 43 0.3 43 0.3 49 0 - - 0 0 0 0 0 0 - -
2014-8-19 10:00:0022.1 20.9 22.2 22.1 - 2.3 93 93 38 0 0 0 53 0.3 53 0.3 38 0 - - 0 0 0 0 0 0 - -
2014-8-19 9:00:0022.1 21 22.1 21.7 - 0.6 93 93 226 0 0 0 246 0.3 246 0.3 226 0 - - 0 0 0 0 0 0 - -
2014-8-19 8:00:0021.7 20.6 21.8 21.6 - 0.1 93 93 116 0 0 0 115 0.3 115 0.3 116 0 - - 0 0 0 0 0 0 - -
2014-8-19 7:00:0021.6 20.5 21.6 21.3 - 1.1 93 93 63 0 0 0 72 0.3 72 0.3 63 0 - - 0 0 0 0 0 0 - -
2014-8-19 6:00:0021.3 20.1 21.3 21.1 - 0.2 93 93 38 0 0 0 37 0.3 37 0.3 49 2.9 - - 0 0 0 0 0 0 - -
2014-8-19 5:00:0021.1 19.9 21.4 21 - 1.3 93 93 29 0 0 0 44 0.3 35 0.3 40 3.4 - - 0 0 0 0 0 0 - -
2014-8-19 4:00:0021.4 20.3 21.5 21.4 - 0.7 93 93 29 1 32 1.3 0 0 0 0 52 3.1 - - 0 0 0 0 0 0 - -
2014-8-19 3:00:0021.5 20.3 21.5 21.3 - 0.3 93 93 341 0 0 0 0 0 0 0 7 2.7 - - 0 0 0 0 0 0 - -
2014-8-19 2:00:0021.3 20.2 21.7 21.3 - 1.2 93 93 18 0 0 0 0 0 0 0 338 2.6 - - 0 0 0 0 0 0 - -
2014-8-19 1:00:0021.7 20.5 21.7 21.5 - 0.4 93 93 353 0 0 0 23 0 23 0 355 1.9 - - 0 0 0 0 0 0 - -
2014-8-19 00:00:0021.6 20.5 21.6 21.5 - 0.5 93 93 358 0 0 0 0 0 0 0 7 3.8 - - 0 0 0 0 0 0 - -
2014-8-18 23:00:0021.6 20.6 21.7 21.6 - 1.8 94 94 7 0 0 0 0 0 0 0 29 1.6 - - 0 0 0 0 0 0 - -
2014-8-18 22:00:0021.6 20.5 21.6 21.6 - 1 94 94 4 1.1 354 1 0 0 0 0 38 2.5 - - 0 0 0 0 0 0 - -
2014-8-18 21:00:0021.6 20.5 22.9 21.6 - 3 94 94 4 2.3 15 1.8 0 0 0 0 38 6.5 - - 0 0 0 0 0 0 - -
2014-8-18 20:00:0022.8 21.8 23 22.7 - 6.5 94 93 4 0 0 0 0 0 0 0 15 2.8 - - 0 0 0 0 0 0 - -
2014-8-18 19:00:0023 21.9 23.2 23 - 4 93 93 1 0 356 0.8 0 0 0 0 12 2.9 - - 0 0 0 0 0 0 - -
2014-8-18 18:00:0023.1 22 23.5 23.1 - 4.5 93 93 353 0 6 0.7 0 0 0 0 350 2.7 - - 0 0 0 0 0 0 - -
2014-8-18 17:00:0023.4 22.1 23.4 23.3 - 4.7 93 92 350 0 0 0 0 0 0 0 350 0 - - 0 0 0 0 0 0 - -
2014-8-18 16:00:0023.3 22 23.6 23.3 - 2.5 92 92 15 0 0 0 0 0 0 0 83 2.9 - - 0 0 0 0 0 0 - -
2014-8-18 15:00:0023.5 22.1 23.8 23.5 - 1.7 92 92 12 0 353 0.7 0 0 359 0.3 330 3.7 - - 0 0 0 0 0 0 - -
2014-8-18 14:00:0023.8 22.3 24.4 23.7 - 2.6 92 88 7 0 0 1.2 0 0 0 0 29 3.9 - - 0 0 0 0 0 0 - -
2014-8-18 13:00:0024.4 22.3 24.5 24.2 - 0.3 88 87 330 0 0 0 0 0 0 0 263 2.6 - - 0 0 0 0 0 0 - -
2014-8-18 12:00:0024.2 22.2 24.3 23.8 - 0 89 88 282 0 0 0 0 0 0 0 341 2.6 - - 0 0 0 0 0 0 - -
2014-8-18 11:00:0023.8 22 23.8 23.3 - 0.1 90 90 353 0 0 0 0 0 0 0 353 2.8 - - 0 0 0 0 0 0 - -
2014-8-18 10:00:0023.2 21.9 23.4 22.7 - 0.6 92 92 322 1.4 328 1 0 0 328 0.2 310 3 - - 0 0 0 0 0 0 - -
2014-8-18 9:00:0022.7 21.4 23.1 22.7 - 3 92 90 322 0.8 329 1.6 342 0.2 325 0.4 324 2.8 - - 0 0 0 0 0 0 - -
2014-8-18 8:00:0022.9 21.3 23 22.7 - 0 90 90 324 1.2 331 1.7 324 0.4 317 1.7 319 3.7 - - 0 0 0 0 0 0 - -
2014-8-18 7:00:0022.7 21.3 22.7 22.4 - 0 92 92 308 2.5 312 1.9 312 1.1 312 1.1 316 3.1 - - 0 0 0 0 0 0 - -
2014-8-18 6:00:0022.4 21.1 22.5 22.4 - 0.1 92 92 322 0 331 0.9 334 0.4 333 0.5 330 4 - - 0 0 0 0 0 0 - -
2014-8-18 5:00:0022.4 21 22.4 22.4 - 0 92 92 316 0 0 0 323 0.4 309 0.6 299 2.9 - - 0 0 0 0 0 0 - -
2014-8-18 4:00:0022.4 21.1 22.4 22.4 - 0 92 92 319 0 0 0 310 0.5 310 0.5 336 2.4 - - 0 0 0 0 0 0 - -
2014-8-18 3:00:0022.4 21.2 22.4 22.3 - 0 93 93 285 0 0 0 321 0.5 321 0.5 285 0 - - 0 0 0 0 0 0 - -
2014-8-18 2:00:0022.4 21.2 22.4 22.2 - 0 93 93 319 0 0 0 291 0.5 291 0.5 319 0 - - 0 0 0 0 0 0 - -
2014-8-18 1:00:0022.3 21.1 22.3 22.2 - 0 93 93 293 0 0 0 300 0.5 310 0.9 277 3 - - 0 0 0 0 0 0 - -
2014-8-18 00:00:0022.2 21.1 22.2 22.1 - 0 93 93 338 1.9 312 1 307 0.9 333 2 358 3.8 - - 0 0 0 0 0 0 - -
2014-8-17 23:00:0022.1 20.9 22.2 22.1 - 0 93 92 308 2 326 1.2 334 1.3 346 1.7 330 3.7 - - 0 0 0 0 0 0 - -
2014-8-17 22:00:0022.2 20.9 22.4 22.2 - 0 92 92 322 0 320 1.1 331 1.5 336 1.6 277 2.6 - - 0 0 0 0 0 0 - -
2014-8-17 21:00:0022.4 21 22.4 22.1 - 0 92 92 299 0 0 0 307 1.6 316 1.7 324 2.9 - - 0 0 0 0 0 0 - -
2014-8-17 20:00:0022 20.8 22 21.9 - 0 93 93 274 0 0 0 326 1.5 335 1.9 333 4 - - 0 0 0 0 0 0 - -
2014-8-17 19:00:0021.9 20.6 21.9 21.7 - 0 93 91 350 1.9 350 1.1 343 1.6 352 2.5 347 3.7 - - 0 0 0 0 0 0 - -
2014-8-17 18:00:0021.7 20.2 22 21.7 - 0 91 87 350 2.3 348 2.4 346 1.9 17 3.6 353 6.3 - - 0 0 0 0 0 0 - -
2014-8-17 17:00:0022 19.7 22.1 21.9 - 0 87 87 1 2.6 2 2.6 7 2.6 16 4.6 355 7.1 - - 0 0 0 0 0 0 - -
2014-8-17 16:00:0021.9 20.3 22.4 21.9 - 0 90 90 26 4.6 12 4.4 18 3.9 18 3.9 38 6.4 - - 0 0 0 0 0 0 - -
2014-8-17 15:00:0022.3 20.6 22.7 22.3 - 0 90 89 18 3 14 3.8 22 3.8 17 4 29 7.1 - - 0 0 0 0 0 0 - -
2014-8-17 14:00:0022.7 20.9 22.9 22.6 - 0 90 90 38 3.5 47 3.6 45 3.8 47 4.8 38 7.3 - - 0 0 0 0 0 0 - -
2014-8-17 13:00:0022.9 21.3 23.3 22.9 - 0.1 91 91 68 4 41 3.6 40 4 45 4.7 43 8 - - 0 0 0 0 0 0 - -
2014-8-17 12:00:0023.2 21.9 23.2 23.1 - 0.2 93 93 15 4.9 36 3.8 36 3.3 42 4.4 40 7.1 - - 0 0 0 0 0 0 - -
2014-8-17 11:00:0023.2 22 23.2 22.7 - 0.2 93 93 49 4.3 16 2.9 23 2.3 24 3.6 52 7.1 - - 0 0 0 0 0 0 - -
2014-8-17 10:00:0022.7 21.6 22.9 22.5 - 0.4 93 93 29 2.8 22 3.3 20 2.8 20 3.3 26 4.8 - - 0 0 0 0 0 0 - -
2014-8-17 9:00:0022.8 21.7 22.9 22.6 - 0.7 93 93 12 0 20 2.1 32 2.8 32 2.8 32 4.2 - - 0 0 0 0 0 0 - -
2014-8-17 8:00:0022.6 21.4 22.6 22.3 - 0.7 93 91 15 3.2 6 1.7 15 2.4 15 2.4 18 3.4 - - 0 0 0 0 0 0 - -
2014-8-17 7:00:0022.3 20.8 22.4 21.7 - 1.2 91 89 60 0 0 0 49 2.1 63 2.6 63 4.1 - - 0 0 0 0 0 0 - -
2014-8-17 6:00:0021.7 19.9 21.7 21.1 - 0.2 90 89 49 0 0 0 83 2.1 29 2.2 66 2.7 - - 0 0 0 0 0 0 - -
2014-8-17 5:00:0021.1 19.4 21.6 21.1 - 0.3 90 90 35 1.9 37 1.5 28 2.2 97 4.9 113 5.6 - - 0 0 0 0 0 0 - -
2014-8-17 4:00:0021.5 20.2 22.1 21.5 - 2.9 92 92 83 2.7 92 3.6 98 5 102 5.3 119 7.1 - - 0 0 0 0 0 0 - -
2014-8-17 3:00:0022 20.7 22.8 22 - 3.8 92 91 63 1.9 34 1.6 32 2.6 66 4.1 74 4.7 - - 0 0 0 0 0 0 - -
2014-8-17 2:00:0022.8 21.3 23.7 22.7 - 5.5 91 89 85 2.5 72 2.8 72 3.9 71 4 74 4.9 - - 0 0 0 0 0 0 - -
2014-8-17 1:00:0023.7 21.9 24.5 23.7 - 2.2 90 83 108 1.9 61 0.7 82 1.6 104 3.2 108 4.7 - - 0 0 0 0 0 0 - -
2014-8-17 00:00:0024.6 21.6 25.4 24.5 - 0.2 84 75 74 3.2 100 2.7 100 0.9 100 1.1 85 4.7 - - 0 0 0 0 0 0 - -
2014-8-16 23:00:0025.3 20.9 25.5 25.3 - 0 76 75 94 0 0 0 99 0.1 104 0.9 108 3.4 - - 0 0 0 0 0 0 - -
2014-8-16 22:00:0025.5 20.7 25.5 25.4 - 0 75 72 74 3.4 102 2.8 100 0.7 92 1 108 4 - - 0 0 0 0 0 0 - -
2014-8-16 21:00:0025.5 20.1 25.6 25.5 - 0 72 70 116 0 0 0 102 0.6 103 1.2 108 3.2 - - 0 0 0 0 0 0 - -
2014-8-16 20:00:0025.7 19.7 25.8 25.7 - 0 70 67 125 2.1 121 0.2 105 0.4 138 2.5 125 4.9 - - 0 0 0 0 0 0 - -
2014-8-16 19:00:0025.8 19.8 26.4 25.8 - 0 69 66 128 2.2 126 2.5 124 1.9 124 2.8 133 5.9 - - 0 0 0 0 0 0 - -
2014-8-16 18:00:0026.4 19.5 27 26.4 - 0 66 63 108 2.5 106 3.1 110 2.4 117 3.1 133 6.8 - - 0 0 0 0 0 0 - -
2014-8-16 17:00:0027 19.5 27.6 26.9 - 0 64 61 142 2.5 121 3.7 120 2.6 123 3.2 130 7 - - 0 0 0 0 0 0 - -
2014-8-16 16:00:0027.6 19.6 28.1 27.5 - 0 62 60 133 2.6 105 3.6 117 2.4 105 3.5 133 7.1 - - 0 0 0 0 0 0 - -
2014-8-16 15:00:0028 19.9 28.6 28 - 0 61 58 108 4.6 102 4.5 103 3.6 103 3.7 116 7.1 - - 0 0 0 0 0 0 - -
2014-8-16 14:00:0028.6 19.9 29 28.4 - 0 59 56 83 2.8 97 3.8 98 3.3 93 4 80 7.8 - - 0 0 0 0 0 0 - -
2014-8-16 13:00:0028.4 19.3 29.4 28 - 0 58 49 105 4.3 105 4.5 100 3 93 3.2 108 6.8 - - 0 0 0 0 0 0 - -
2014-8-16 12:00:0029.4 17.6 29.6 28.4 - 0 49 49 130 3.4 127 3.9 113 2.6 129 2.9 130 6.1 - - 0 0 0 0 0 0 - -
2014-8-16 11:00:0028.4 19.7 28.6 27.2 - 0 59 59 119 3.2 129 3.8 122 2.8 113 3 116 7.5 - - 0 0 0 0 0 0 - -
2014-8-16 10:00:0027.2 20.5 27.3 26.9 - 0 67 67 94 3.8 93 3.7 99 2.2 99 2.2 91 4.9 - - 0 0 0 0 0 0 - -
2014-8-16 9:00:0026.8 21.2 26.8 26.4 - 0 71 71 147 2.1 125 2.2 130 1.5 122 1.8 113 4.1 - - 0 0 0 0 0 0 - -
2014-8-16 8:00:0026.4 21.6 26.5 25.9 - 0 75 74 139 2.5 128 2.6 120 1.9 118 2 119 4.3 - - 0 0 0 0 0 0 - -
2014-8-16 7:00:0026 22 26 24.5 - 0 79 79 116 1.8 109 2 100 1 100 1 122 2.8 - - 0 0 0 0 0 0 - -
2014-8-16 6:00:0024.5 22.3 24.5 24.1 - 0 88 88 60 0 0 0 63 0.8 63 0.8 60 0 - - 0 0 0 0 0 0 - -
2014-8-16 5:00:0024.1 22 24.3 24.1 - 0 88 87 80 0 0 0 80 0.8 80 0.8 80 0 - - 0 0 0 0 0 0 - -
2014-8-16 4:00:0024.2 22 24.4 24.2 - 0 87 86 161 0 0 0 146 0.8 146 0.8 161 0 - - 0 0 0 0 0 0 - -
2014-8-16 3:00:0024.4 21.9 24.6 24.4 - 0 86 85 29 0 0 0 89 0.8 89 0.8 29 0 - - 0 0 0 0 0 0 - -
2014-8-16 2:00:0024.6 22.1 24.6 24.4 - 0 86 86 178 0 0 0 172 0.8 172 0.8 178 0 - - 0 0 0 0 0 0 - -
2014-8-16 1:00:0024.5 22.1 24.7 24.5 - 0 87 85 74 0 0 0 106 0.8 204 0.9 212 3 - - 0 0 0 0 0 0 - -
2014-8-16 00:00:0024.7 22 24.9 24.7 - 0 85 85 218 2.3 206 1.8 201 0.4 201 0.4 220 2.6 - - 0 0 0 0 0 0 - -
2014-8-15 23:00:0024.9 22.3 25.1 24.9 - 0 86 82 226 0 0 0 223 0.4 223 0.4 226 0 - - 0 0 0 0 0 0 - -
2014-8-15 22:00:0025.1 21.8 25.1 24.9 - 0 82 82 243 0 0 0 208 0.4 208 0.4 243 0 - - 0 0 0 0 0 0 - -
2014-8-15 21:00:0025.1 21.8 25.3 25.1 - 0 81 80 173 0 0 0 152 0.4 152 0.4 173 0 - - 0 0 0 0 0 0 - -
2014-8-15 20:00:0025.2 21.6 25.7 25.2 - 0 80 79 181 0 0 0 160 0.4 160 0.4 181 0 - - 0 0 0 0 0 0 - -
2014-8-15 19:00:0025.7 21.7 26.7 25.7 - 0 79 70 209 0 0 0 188 0.4 174 1 189 3.3 - - 0 0 0 0 0 0 - -
2014-8-15 18:00:0026.7 20.8 26.9 26.5 - 0 70 68 142 0 176 0.1 161 0.4 105 1.3 111 3.2 - - 0 0 0 0 0 0 - -
2014-8-15 17:00:0026.5 21.1 26.5 26 - 0 72 72 97 2.5 102 2.3 101 0.8 101 2 111 4.4 - - 0 0 0 0 0 0 - -
2014-8-15 16:00:0026 21.4 26.5 25.7 - 0 76 75 77 2.8 102 2.7 99 2 97 2.2 111 4.9 - - 0 0 0 0 0 0 - -
2014-8-15 15:00:0026.5 21.6 28.5 26.5 - 0 75 60 105 3.6 116 3 115 2.1 117 2.9 105 6.4 - - 0 0 0 0 0 0 - -
2014-8-15 14:00:0028.5 20.1 28.5 27.9 - 0 60 60 52 1.7 64 0.6 103 1 342 1.3 105 3.1 - - 0 0 0 0 0 0 - -
2014-8-15 13:00:0027.8 20.2 27.8 27.2 - 0 63 60 296 2.5 313 1.7 331 1.3 331 1.3 60 4.3 - - 0 0 0 0 0 0 - -
2014-8-15 12:00:0027.1 20.7 27.3 26.8 - 0 68 66 97 1.4 75 0.9 72 0.7 75 1.5 355 4.3 - - 0 0 0 0 0 0 - -
2014-8-15 11:00:0026.7 20.5 27 26 - 0 69 67 7 2.3 344 1.5 346 0.8 50 1.2 327 4.6 - - 0 0 0 0 0 0 - -
2014-8-15 10:00:0025.9 21.2 26 24.8 - 0.1 75 74 38 2.6 39 1.9 18 0.6 16 0.8 60 4 - - 0 0 0 0 0 0 - -
2014-8-15 9:00:0024.7 21.9 24.7 23.8 - 0 84 84 322 0 350 1.5 6 0.7 10 0.9 9 3.8 - - 0 0 0 0 0 0 - -
2014-8-15 8:00:0023.7 22.4 23.7 23.5 - 0.2 92 92 38 0 0 0 15 0 15 0 26 2.5 - - 0 0 0 0 0 0 - -
2014-8-15 7:00:0023.6 22.2 23.7 23.6 - 0 92 92 4 0 6 0.5 0 0 0 0 358 1.9 - - 0 0 0 0 0 0 - -
2014-8-15 6:00:0023.6 22.3 23.6 23.4 - 0 92 92 341 0 0 0 352 0 352 0 341 1.6 - - 0 0 0 0 0 0 - -
2014-8-15 5:00:0023.6 22.3 23.6 23.5 - 0 93 92 358 0 0 0 311 0 311 0 358 0 - - 0 0 0 0 0 0 - -
2014-8-15 4:00:0023.5 22.2 23.5 23.4 - 0 92 92 336 0 0 0 330 0 330 0 327 0.4 - - 0 0 0 0 0 0 - -
2014-8-15 3:00:0023.5 22.3 23.5 23.5 - 0 93 93 355 0 359 0.3 353 0 353 0 4 1.7 - - 0 0 0 0 0 0 - -
2014-8-15 2:00:0023.5 22.3 23.6 23.4 - 0 93 93 288 0 314 0 319 0 319 0 324 1.6 - - 0 0 0 0 0 0 - -
2014-8-15 1:00:0023.6 22.3 23.6 23.5 - 0 93 92 344 0 322 0 315 0 315 0 313 0.4 - - 0 0 0 0 0 0 - -
2014-8-15 00:00:0023.5 22.2 23.6 23.5 - 0 92 92 319 0 0 0 0 0 0 0 347 2.1 - - 0 0 0 0 0 0 - -
2014-8-14 23:00:0023.6 22.2 23.7 23.6 - 0 92 91 277 0 0 0 0 0 0 0 277 0 - - 0 0 0 0 0 0 - -
2014-8-14 22:00:0023.7 22.2 24 23.7 - 0 91 88 12 0 0 0 0 0 0 0 12 0 - - 0 0 0 0 0 0 - -
2014-8-14 21:00:0024 21.9 24 23.9 - 0 88 88 353 0 0 0 0 0 0 0 15 2 - - 0 0 0 0 0 0 - -
2014-8-14 20:00:0023.9 21.8 24 23.9 - 0.1 88 86 330 0 0 0 0 0 0 0 60 3.7 - - 0 0 0 0 0 0 - -
2014-8-14 19:00:0024 21.5 24.1 24 - 0 86 85 52 0 0 0 0 0 0 0 88 5.3 - - 0 0 0 0 0 0 - -
2014-8-14 18:00:0024.1 21.8 24.3 24.1 - 0 87 87 105 3.7 82 3.6 0 0 0 0 74 5.1 - - 0 0 0 0 0 0 - -
2014-8-14 17:00:0024.2 22.1 24.3 24.1 - 0.4 88 87 60 3.5 51 3.3 0 0 67 0.9 71 7.8 - - 0 0 0 0 0 0 - -
2014-8-14 16:00:0024.3 22.2 24.5 24.2 - 0.1 88 88 60 4.2 69 3.8 0 0 71 2.2 71 8.7 - - 0 0 0 0 0 0 - -
2014-8-14 15:00:0024.4 22.6 25 24.3 - 0.4 90 90 80 3.7 75 4.4 72 1.4 61 2.9 57 10 - - 0 0 0 0 0 0 - -
2014-8-14 14:00:0025 23.2 26.4 25 - 0.3 90 86 57 4.8 58 6.2 57 2 57 2 40 10.6 - - 0 0 0 0 0 0 - -
2014-8-14 13:00:0026.2 23.7 26.9 26.2 - 0 86 83 330 0 0 0 344 0.5 324 1.3 350 4.1 - - 0 0 0 0 0 0 - -
2014-8-14 12:00:0026.9 23.9 26.9 26.2 - 0.1 84 83 4 2 312 2.5 323 1.2 330 1.8 322 5.4 - - 0 0 0 0 0 0 - -
2014-8-14 11:00:0026.2 23.6 26.2 25.7 - 0 86 85 299 2.4 318 2.7 328 1.6 326 2.2 341 6 - - 0 0 0 0 0 0 - -
2014-8-14 10:00:0025.7 23.7 25.7 25.1 - 0 89 89 344 3.4 339 3.1 322 1.5 298 2.8 296 6.8 - - 0 0 0 0 0 0 - -
2014-8-14 9:00:0025.3 23.7 27.9 25.3 - 1.2 91 86 277 1.7 302 4 294 2.3 299 2.9 313 6.9 - - 0 0 0 0 0 0 - -
2014-8-14 8:00:0027.4 25.7 27.4 26.8 - 0 90 90 57 0 0 0 75 0.9 75 0.9 57 0 - - 0 0 0 0 0 0 - -
2014-8-14 7:00:0026.9 25.3 26.9 26.6 - 1.6 91 87 77 0 0 0 106 0.9 136 1.1 139 2.8 - - 0 0 0 0 0 0 - -
2014-8-14 6:00:0026.9 24.6 27.1 26.9 - 0 87 85 139 1.3 132 1.6 126 1 126 1 133 2.5 - - 0 0 0 0 0 0 - -
2014-8-14 5:00:0027 24.3 27 27 - 0 85 85 99 0 0 0 115 0.8 115 0.8 99 0 - - 0 0 0 0 0 0 - -
2014-8-14 4:00:0027 24.2 27 26.9 - 0 85 84 80 0 0 0 81 0.8 81 0.8 80 0 - - 0 0 0 0 0 0 - -
2014-8-14 3:00:0026.9 24 26.9 26.8 - 0 84 84 97 0 0 0 110 0.8 109 1.7 102 3.6 - - 0 0 0 0 0 0 - -
2014-8-14 2:00:0026.9 24 27.1 26.9 - 0 84 81 128 1.7 124 2.3 122 1.6 119 1.6 99 3.9 - - 0 0 0 0 0 0 - -
2014-8-14 1:00:0027.1 23.5 27.2 27.1 - 0 81 79 102 1.7 111 2.1 113 1.5 113 2.4 111 4 - - 0 0 0 0 0 0 - -
2014-8-14 00:00:0027.2 23.3 27.2 27.1 - 0 79 78 116 3 118 2.3 115 1.1 120 1.2 128 3.8 - - 0 0 0 0 0 0 - -
2014-8-13 23:00:0027.1 23 27.1 27 - 0 78 76 142 2.5 123 2.3 119 1.3 118 2.3 113 5.5 - - 0 0 0 0 0 0 - -
2014-8-13 22:00:0027.1 22.6 27.3 27.1 - 0 76 73 99 2 117 3.1 116 1.8 121 2.6 119 5.8 - - 0 0 0 0 0 0 - -
2014-8-13 21:00:0027.3 22.1 27.5 27.3 - 0 73 72 116 2.6 126 3.4 118 1.8 116 2.6 142 6.2 - - 0 0 0 0 0 0 - -
2014-8-13 20:00:0027.5 22 28.1 27.5 - 0 72 68 116 2.1 116 3 117 1.8 119 3.3 119 7.3 - - 0 0 0 0 0 0 - -
2014-8-13 19:00:0028.1 21.6 29 28.1 - 0 68 63 122 4.3 120 4.6 117 2.8 117 3.2 122 7.3 - - 0 0 0 0 0 0 - -
2014-8-13 18:00:0029 21.3 29.4 29 - 0 63 59 119 5.2 118 4.2 117 2.3 119 2.8 144 6.2 - - 0 0 0 0 0 0 - -
2014-8-13 17:00:0029.4 20.6 29.9 29.4 - 0 59 58 142 3.6 113 4.6 113 2.7 115 3.4 128 6.8 - - 0 0 0 0 0 0 - -
2014-8-13 16:00:0029.9 20.6 31.4 29.9 - 0 57 53 119 4 110 4.2 104 3.1 103 3.9 94 7.8 - - 0 0 0 0 0 0 - -
2014-8-13 15:00:0031.3 20.7 32.7 31 - 0 53 41 102 3.3 99 4.8 104 2.9 102 3.5 136 8.1 - - 0 0 0 0 0 0 - -
2014-8-13 14:00:0032.5 18.1 32.7 31.8 - 0 42 41 97 2.2 132 2.7 130 2.2 151 2.8 119 6.2 - - 0 0 0 0 0 0 - -
2014-8-13 13:00:0032.2 17.6 32.2 31.3 - 0 42 42 116 2.6 135 2.8 148 1.9 123 2.8 133 6.7 - - 0 0 0 0 0 0 - -
2014-8-13 12:00:0031.5 18.5 31.6 30.1 - 0 46 44 195 3.9 162 3.2 161 2.2 148 2.5 108 6.5 - - 0 0 0 0 0 0 - -
2014-8-13 11:00:0030.4 18 30.5 29.2 - 0 48 44 150 3.8 157 4.3 149 2.5 149 2.8 139 6.3 - - 0 0 0 0 0 0 - -
2014-8-13 10:00:0029.1 19.8 29.1 27.9 - 0 57 57 125 3.3 123 3.5 152 1.5 132 2.7 133 5.6 - - 0 0 0 0 0 0 - -
2014-8-13 9:00:0027.9 20.5 27.9 26.8 - 0 64 64 125 3.4 139 4.1 132 2.8 131 2.9 130 5.9 - - 0 0 0 0 0 0 - -
2014-8-13 8:00:0026.8 21.7 26.8 25.7 - 0 74 73 119 2.2 115 2.1 125 1.5 132 1.7 130 4.7 - - 0 0 0 0 0 0 - -
2014-8-13 7:00:0025.7 21.9 25.8 25.7 - 0 80 78 142 1.5 136 1.7 0 0 135 1.2 130 3.4 - - 0 0 0 0 0 0 - -
2014-8-13 6:00:0025.7 21.7 25.7 25.4 - 0 79 79 133 2.3 149 2.6 147 1 137 1.3 139 3.9 - - 0 0 0 0 0 0 - -
2014-8-13 5:00:0025.4 21.8 25.5 25.4 - 0 80 80 142 2.9 135 2.4 128 1 128 1 128 3.4 - - 0 0 0 0 0 0 - -
2014-8-13 4:00:0025.4 21.6 25.5 25.4 - 0 80 77 128 0 0 0 120 0.8 131 1 133 2.9 - - 0 0 0 0 0 0 - -
2014-8-13 3:00:0025.5 21.2 25.5 25.5 - 0 77 74 119 0 0 0 117 0.6 148 1.2 119 1.9 - - 0 0 0 0 0 0 - -
2014-8-13 2:00:0025.5 20.6 25.6 25.5 - 0 74 72 164 1.5 150 1.4 145 1.2 123 1.3 122 3.2 - - 0 0 0 0 0 0 - -
2014-8-12 23:00:0025.5 18.5 25.8 25.5 - 0 65 59 99 2 106 2.3 0 0 0 0 119 4.3 - - 0 0 0 0 0 0 - -
2014-8-12 22:00:0025.8 17.2 25.8 25.3 - 0 59 56 97 3.2 97 2.7 0 0 0 0 116 4 - - 0 0 0 0 0 0 - -
2014-8-12 21:00:0025.8 16.2 26 25.8 - 0 55 52 105 0 0 0 0 0 0 0 108 3.2 - - 0 0 0 0 0 0 - -
2014-8-12 20:00:0026 15.5 26.2 26 - 0 52 52 105 2.5 111 2.3 0 0 0 0 142 3.7 - - 0 0 0 0 0 0 - -
2014-8-12 19:00:0026.2 16.7 26.5 26.2 - 0 56 54 133 2 127 2.3 0 0 116 0.2 128 3.4 - - 0 0 0 0 0 0 - -
2014-8-12 18:00:0026.5 16.3 26.8 26.5 - 0 54 50 133 1.3 123 1.5 0 0 122 0.2 133 3 - - 0 0 0 0 0 0 - -
2014-8-12 17:00:0026.8 15.7 27.1 26.8 - 0 51 49 125 0 0 0 0 0 137 1.2 125 4.7 - - 0 0 0 0 0 0 - -
2014-8-12 16:00:0027.1 15.8 27.2 27 - 0 50 48 150 1.7 137 2.6 130 0.4 136 2.1 119 5.8 - - 0 0 0 0 0 0 - -
2014-8-12 15:00:0027.2 16.4 27.2 26.7 - 0 52 50 97 2.8 110 2.8 112 0.8 93 1.8 83 5.8 - - 0 0 0 0 0 0 - -
2014-8-12 14:00:0026.7 16.8 26.8 26.1 - 0 54 54 130 2.6 122 3.2 118 1.2 147 2.1 133 5.5 - - 0 0 0 0 0 0 - -
2014-8-12 13:00:0026.1 18.6 26.1 24.8 - 0 63 63 150 3.4 137 3.3 137 1.1 171 1.9 156 5.4 - - 0 0 0 0 0 0 - -
2014-8-12 12:00:0024.8 19.3 25.1 24.8 - 0 71 71 175 3.5 173 3.5 171 1.9 171 1.9 164 5.6 - - 0 0 0 0 0 0 - -
2014-8-12 11:00:0025.1 21.3 27.7 25.1 - 0 79 63 198 2.8 203 3.8 212 1.7 212 1.7 218 5.7 - - 0 0 0 0 0 0 - -
2014-8-12 10:00:0027.5 20.4 27.5 26.8 - 0 65 65 189 0 0 0 0 0 147 0.4 153 2.6 - - 0 0 0 0 0 0 - -
2014-8-12 9:00:0026.9 20.3 26.9 26.4 - 0 67 67 119 2.3 98 1.8 0 0 0 0 113 2.4 - - 0 0 0 0 0 0 - -
2014-8-12 8:00:0026.4 20.5 26.4 25.8 - 0 70 70 80 0 0 0 0 0 0 0 80 0 - - 0 0 0 0 0 0 - -
2014-8-12 7:00:0025.8 20.9 25.8 25.5 - 0 74 74 29 0 0 0 0 0 0 0 29 0 - - 0 0 0 0 0 0 - -
2014-8-12 6:00:0025.5 20.9 25.5 25.4 - 0 76 74 254 0 0 0 0 0 0 0 254 0 - - 0 0 0 0 0 0 - -
2014-8-12 5:00:0025.5 20.8 25.6 25.5 - 0 76 75 113 0 0 0 0 0 0 0 113 0 - - 0 0 0 0 0 0 - -
2014-8-12 4:00:0025.6 20.8 25.8 25.6 - 0 75 74 161 0 0 0 0 0 0 0 161 0 - - 0 0 0 0 0 0 - -
2014-8-12 3:00:0025.7 20.7 25.8 25.7 - 0 74 74 113 0 0 0 0 0 0 0 113 0 - - 0 0 0 0 0 0 - -
2014-8-12 2:00:0025.8 21 26 25.8 - 0 75 72 133 0 0 0 0 0 0 0 133 0 - - 0 0 0 0 0 0 - -
2014-8-12 1:00:0026 20.6 26.2 25.9 - 0 72 71 94 0 0 0 0 0 0 0 102 2.2 - - 0 0 0 0 0 0 - -
2014-8-12 00:00:0026.1 20.4 26.2 26.1 - 0 71 69 83 0 0 0 0 0 123 0.7 119 2.2 - - 0 0 0 0 0 0 - -
2014-8-11 23:00:0026.1 20 26.2 26.1 - 0 69 69 99 1.9 126 2.1 125 0.6 155 1.2 150 3.5 - - 0 0 0 0 0 0 - -
2014-8-11 22:00:0026.2 20.4 26.3 26.2 - 0 70 66 119 1.6 118 1.6 113 0.6 91 1.1 83 2.9 - - 0 0 0 0 0 0 - -
2014-8-11 21:00:0026.3 19.5 26.5 26.3 - 0 66 65 105 2.2 91 2 91 1.1 97 1.4 108 3.7 - - 0 0 0 0 0 0 - -
2014-8-11 20:00:0026.5 19.3 27 26.5 - 0 64 60 91 2.2 102 2.3 95 1.4 92 1.8 88 4.1 - - 0 0 0 0 0 0 - -
2014-8-11 19:00:0027.1 18.5 27.8 27.1 - 0 59 55 94 1.6 102 1.8 100 1.2 115 2 113 4.5 - - 0 0 0 0 0 0 - -
2014-8-11 18:00:0027.8 18.4 28.5 27.8 - 0 57 52 125 2.5 123 2.5 115 1.9 99 2.3 108 5 - - 0 0 0 0 0 0 - -
2014-8-11 17:00:0028.4 17.6 29.2 28.4 - 0 52 48 66 2.3 81 2.4 87 2.1 76 3.1 60 6.2 - - 0 0 0 0 0 0 - -
2014-8-11 16:00:0029.1 17 30.1 29.1 - 0 48 45 74 3.1 67 3.5 72 2.8 68 3.9 63 7 - - 0 0 0 0 0 0 - -
2014-8-11 15:00:0029.9 18.5 30.1 29.5 - 0 51 48 63 3.5 70 4.1 76 2.7 79 2.7 108 5.6 - - 0 0 0 0 0 0 - -
2014-8-11 14:00:0029.8 18.9 30.1 29.6 - 0 52 50 83 2.2 83 2.5 89 1.5 100 2.6 105 5.8 - - 0 0 0 0 0 0 - -
2014-8-11 13:00:0029.6 19.6 29.6 28.6 - 0 55 55 108 2.3 84 3.4 79 1.7 79 2.1 83 5.4 - - 0 0 0 0 0 0 - -
2014-8-11 12:00:0028.8 19.7 28.8 28.3 - 0 58 55 74 3.4 53 3.4 82 1.4 73 2.1 97 5.7 - - 0 0 0 0 0 0 - -
2014-8-11 11:00:0028.3 18.9 28.4 27.7 - 0 57 56 74 3.4 83 3 70 1.8 63 2.6 71 5.4 - - 0 0 0 0 0 0 - -
2014-8-11 10:00:0027.8 18.7 27.9 26.9 - 0 58 58 63 3.4 69 4 79 2.6 68 2.9 83 5.8 - - 0 0 0 0 0 0 - -
2014-8-11 9:00:0026.8 19.8 26.9 26.5 - 0 65 64 26 2 56 2.8 79 2.1 54 2.1 60 5.6 - - 0 0 0 0 0 0 - -
2014-8-11 8:00:0026.5 20.3 26.5 25.4 - 0 69 69 46 2.9 53 2.3 65 1.7 75 1.8 49 4.4 - - 0 0 0 0 0 0 - -
2014-8-11 7:00:0025.4 21.1 25.4 23.9 - 0 77 77 83 0 0 0 55 0.3 55 0.3 32 2.8 - - 0 0 0 0 0 0 - -
2014-8-11 6:00:0023.8 21.9 23.8 23.5 - 0 89 89 29 0 24 0 29 0 29 0 29 0 - - 0 0 0 0 0 0 - -
2014-8-11 5:00:0023.6 21.9 23.6 23.5 - 0 90 90 279 0 291 0 298 0 298 0 279 0 - - 0 0 0 0 0 0 - -
2014-8-11 4:00:0023.6 21.9 23.7 23.6 - 0 90 89 26 0 6 0 347 0 347 0 26 0 - - 0 0 0 0 0 0 - -
2014-8-11 3:00:0023.7 21.8 24.2 23.7 - 0 89 86 302 0 319 0 313 0 313 0 302 0 - - 0 0 0 0 0 0 - -
2014-8-11 2:00:0024.2 21.6 24.3 24.1 - 0 86 86 310 0 310 0 349 0 349 0 310 0 - - 0 0 0 0 0 0 - -
2014-8-11 1:00:0024.3 22 24.7 24.3 - 0 87 84 338 0 330 0 341 0 341 0 338 0 - - 0 0 0 0 0 0 - -
2014-8-11 00:00:0024.7 21.8 25.1 24.6 - 0 84 84 322 0 0 0 0 0 0 0 344 2.2 - - 0 0 0 0 0 0 - -
2014-8-10 23:00:0025.2 22.3 25.4 25.2 - 0 84 82 15 0 0 0 0 0 0 0 15 0 - - 0 0 0 0 0 0 - -
2014-8-10 22:00:0025.3 22.4 25.8 25.3 - 0 84 79 316 0 0 0 0 0 0 0 316 0 - - 0 0 0 0 0 0 - -
2014-8-10 21:00:0025.8 21.9 26 25.8 - 0 79 74 40 0 0 0 0 0 0 0 54 2.5 - - 0 0 0 0 0 0 - -
2014-8-10 20:00:0026 21 26.3 26 - 0 74 72 35 0 29 0.2 0 0 0 0 4 2.5 - - 0 0 0 0 0 0 - -
2014-8-10 19:00:0026.3 20.8 27 26.3 - 0 72 66 12 0.8 340 0.5 0 0 354 0.2 338 3.4 - - 0 0 0 0 0 0 - -
2014-8-10 18:00:0027 20.3 27.3 27 - 0 67 65 29 1.5 6 1.4 356 0.2 319 1.4 313 4.9 - - 0 0 0 0 0 0 - -
2014-8-10 17:00:0027.4 20.3 27.6 27.4 - 0 65 64 333 3.4 321 3.1 323 1.4 323 1.4 336 5.6 - - 0 0 0 0 0 0 - -
2014-8-10 16:00:0027.6 20.5 28.1 27.5 - 0 65 64 288 3.9 297 3.5 303 1.3 314 1.3 310 5.5 - - 0 0 0 0 0 0 - -
2014-8-10 15:00:0028 21 28.1 27.1 - 0 66 65 285 1.7 314 1.7 322 0.9 327 1.1 330 5.2 - - 0 0 0 0 0 0 - -
2014-8-10 14:00:0027.1 20.8 27.3 26.7 - 0 68 68 319 1 2 2.2 352 0.7 357 1.6 353 5.6 - - 0 0 0 0 0 0 - -
2014-8-10 13:00:0026.8 21.4 26.9 26.3 - 0 72 71 350 2.9 331 1.9 334 0.2 357 1.7 355 5.4 - - 0 0 0 0 0 0 - -
2014-8-10 12:00:0026.4 21.2 26.7 25.6 - 0 73 71 350 4.1 355 3.6 358 1.7 358 1.7 316 6.7 - - 0 0 0 0 0 0 - -
2014-8-10 11:00:0025.7 22.2 25.7 24.9 - 0 81 80 319 3.2 325 3.1 318 0.4 322 1 299 5.1 - - 0 0 0 0 0 0 - -
2014-8-10 10:00:0024.9 22 24.9 24.3 - 0 84 84 296 1.5 318 0.4 0 0 324 1.2 324 5.3 - - 0 0 0 0 0 0 - -
2014-8-10 9:00:0024.4 21.8 24.6 24.3 - 0 85 84 341 2.7 326 3.1 322 1.2 353 1.9 319 7.1 - - 0 0 0 0 0 0 - -
2014-8-10 8:00:0024.5 22 24.6 24.5 - 0 86 86 316 3.1 344 2 344 0.6 334 1.5 333 6.9 - - 0 0 0 0 0 0 - -
2014-8-10 7:00:0024.6 22.8 24.7 24.5 - 0 90 90 333 1.7 342 2.4 340 0.7 340 0.7 336 4.9 - - 0 0 0 0 0 0 - -
2014-8-10 6:00:0024.6 23.2 24.6 24.5 - 0 92 92 344 3 347 0.2 0 0 334 0.2 341 3.4 - - 0 0 0 0 0 0 - -
2014-8-10 5:00:0024.6 23.2 24.6 24.5 - 0.1 92 92 4 1.4 335 0.7 0 0 336 1.2 330 4.7 - - 0 0 0 0 0 0 - -
2014-8-10 4:00:0024.6 23.4 25.3 24.6 - 0.4 93 92 18 1.9 343 2.3 331 1.1 331 1.1 319 4.9 - - 0 0 0 0 0 0 - -
2014-8-10 3:00:0025.3 23.9 25.6 25.3 - 0.1 92 91 23 2.7 340 1.1 343 0.4 343 0.4 9 3.4 - - 0 0 0 0 0 0 - -
2014-8-10 2:00:0025.6 24.1 25.7 25.6 - 0 91 90 353 0 0 0 328 0 328 0 15 1.1 - - 0 0 0 0 0 0 - -
2014-8-10 1:00:0025.7 24.1 25.9 25.7 - 0 90 90 350 0 338 0 350 0 350 0 350 0 - - 0 0 0 0 0 0 - -
2014-8-10 00:00:0025.9 24.1 25.9 25.8 - 0 90 89 333 0 0 0 0 0 0 0 333 0 - - 0 0 0 0 0 0 - -
2014-8-9 23:00:0025.8 23.9 26.1 25.7 - 0 89 86 344 0 0 0 0 0 0 0 344 0 - - 0 0 0 0 0 0 - -
2014-8-9 22:00:0026.1 23.5 26.1 26 - 0 86 85 293 0 0 0 0 0 0 0 293 0 - - 0 0 0 0 0 0 - -
2014-8-9 21:00:0026 23.3 26.1 25.9 - 0 85 84 49 0 0 0 0 0 0 0 49 0 - - 0 0 0 0 0 0 - -
2014-8-9 20:00:0025.9 22.9 26 25.8 - 0 83 83 122 0 0 0 0 0 0 0 139 2.1 - - 0 0 0 0 0 0 - -
2014-8-9 19:00:0026 23.4 26.2 26 - 0 85 85 111 0 0 0 0 0 0 0 111 0 - - 0 0 0 0 0 0 - -
2014-8-9 18:00:0026.1 23.6 26.5 26.1 - 0 86 84 184 0 0 0 0 0 0 0 136 2.9 - - 0 0 0 0 0 0 - -
2014-8-9 17:00:0026.5 23.8 27.2 26.3 - 0 85 81 125 2.7 133 1.4 0 0 0 0 111 4.6 - - 0 0 0 0 0 0 - -
2014-8-9 16:00:0027.2 23.7 27.4 27.1 - 0 81 78 91 3.2 103 2.2 0 0 116 0.3 113 4 - - 0 0 0 0 0 0 - -
2014-8-9 15:00:0027.3 23.7 27.3 26.4 - 0 81 80 105 1.4 107 2.6 116 0.4 119 0.6 116 4.6 - - 0 0 0 0 0 0 - -
2014-8-9 14:00:0026.3 24.3 26.3 25.7 - 0.6 89 86 128 2.5 130 2.3 0 0 134 0.2 147 4.1 - - 0 0 0 0 0 0 - -
2014-8-9 13:00:0026.1 23.6 26.6 26.1 - 0.2 86 84 139 2 141 2.1 0 0 117 0.5 156 4 - - 0 0 0 0 0 0 - -
2014-8-9 12:00:0026.4 23.8 26.4 25.6 - 0.1 86 86 108 3.3 113 3.3 0 0 0 0 119 4.2 - - 0 0 0 0 0 0 - -
2014-8-9 11:00:0025.7 23.5 27.4 25.7 - 0 88 82 105 2.3 90 1.7 0 0 114 0.9 108 5.4 - - 0 0 0 0 0 0 - -
2014-8-9 10:00:0027.2 24.1 27.2 26.5 - 0 83 83 94 0 0 0 103 0 103 0 94 0 - - 0 0 0 0 0 0 - -
2014-8-9 9:00:0026.4 24.8 26.4 25.6 - 0 91 91 49 0 0 0 4 0 4 0 49 0 - - 0 0 0 0 0 0 - -
2014-8-9 8:00:0025.6 24.4 25.6 25.2 - 0 93 93 341 0 0 0 337 0 337 0 341 1.6 - - 0 0 0 0 0 0 - -
2014-8-9 7:00:0025.3 24.2 25.3 25 - 0 94 94 358 0 0 0 360 0 360 0 358 0 - - 0 0 0 0 0 0 - -
2014-8-9 6:00:0025.1 24 25.1 24.8 - 0 94 94 32 0 0 0 45 0 45 0 26 2 - - 0 0 0 0 0 0 - -
2014-8-9 5:00:0024.9 23.9 24.9 24.8 - 0.1 94 94 330 0 0 0 327 0 327 0 330 0 - - 0 0 0 0 0 0 - -
2014-8-9 4:00:0024.8 23.8 24.8 24.7 - 0.1 94 94 344 0 0 0 330 0 330 0 344 0 - - 0 0 0 0 0 0 - -
2014-8-9 3:00:0024.8 23.8 25.4 24.8 - 0.1 94 94 330 0 0 0 331 0 331 0 330 0 - - 0 0 0 0 0 0 - -
2014-8-9 2:00:0025.4 24.3 25.4 25.3 - 4.2 94 94 260 0 0 0 95 0 95 0 330 2 - - 0 0 0 0 0 0 - -
2014-8-9 1:00:0025.3 24.3 25.3 25.1 - 0.4 94 94 341 0 321 0 317 0 317 0 341 0 - - 0 0 0 0 0 0 - -
2014-8-9 00:00:0025 24 25.3 25 - 0.6 94 94 330 0 0 0 303 0.9 303 0.9 322 2.4 - - 0 0 0 0 0 0 - -
2014-8-8 23:00:0025.3 24.2 25.4 25.3 - 0.1 94 94 288 0 310 0.5 309 0.6 308 0.6 308 2.3 - - 0 0 0 0 0 0 - -
2014-8-8 22:00:0025.3 24.2 25.3 25 - 1.7 94 94 265 0 0 0 217 0.6 217 0.6 265 0 - - 0 0 0 0 0 0 - -
2014-8-8 21:00:0025 23.8 25.3 24.8 - 5.9 94 93 153 0 0 0 203 0.6 225 1.2 206 3.8 - - 0 0 0 0 0 0 - -
2014-8-8 20:00:0025.3 24.1 25.7 25.3 - 19.3 93 93 218 0 0 0 219 0.5 217 0.7 167 3.4 - - 0 0 0 0 0 0 - -
2014-8-8 19:00:0025.5 24.4 25.9 25.5 - 13.3 93 93 38 0 0 0 59 0.5 59 0.5 60 3.8 - - 0 0 0 0 0 0 - -
2014-8-8 18:00:0025.8 24.5 26.3 25.8 - 16.2 93 91 108 0 0 0 80 0.4 67 0.6 74 3.4 - - 0 0 0 0 0 0 - -
2014-8-8 17:00:0026.3 24.8 27.2 26.3 - 0.8 91 86 299 1.5 312 1.1 332 0.4 333 1.1 330 3.6 - - 0 0 0 0 0 0 - -
2014-8-8 16:00:0027.3 24.7 29 27.3 - 0.1 86 73 353 1.9 339 1.3 346 0.9 183 2.4 198 4.6 - - 0 0 0 0 0 0 - -
2014-8-8 15:00:0029.1 23.8 30.4 29.1 - 0 73 67 265 2.5 236 1.4 232 1.2 214 1.7 277 4.3 - - 0 0 0 0 0 0 - -
2014-8-8 14:00:0030.4 23.6 30.4 29.4 - 0 67 66 310 0.6 185 0.3 181 0.4 127 1.2 136 3.1 - - 0 0 0 0 0 0 - -
2014-8-8 13:00:0029.4 24.2 29.4 27.4 - 0 74 74 209 0 0 0 191 1 143 1.3 164 2.9 - - 0 0 0 0 0 0 - -
2014-8-8 12:00:0027.4 24.7 27.4 26.3 - 0.1 85 85 139 0 151 1.8 142 1.3 138 2.7 153 4.3 - - 0 0 0 0 0 0 - -
2014-8-8 11:00:0026.3 24.7 27 26.2 - 10.6 91 88 139 4.2 139 3 139 2.4 139 2.4 111 4.4 - - 0 0 0 0 0 0 - -
2014-8-8 10:00:0027 25 27.1 26.7 - 0.4 89 89 234 2.8 221 0.7 223 2 222 2.3 158 3.9 - - 0 0 0 0 0 0 - -
2014-8-8 9:00:0026.7 24.9 27.8 26.6 - 2.4 90 86 175 2 197 1.8 203 1.5 228 1.8 232 3.8 - - 0 0 0 0 0 0 - -
2014-8-8 8:00:0027.6 25 27.6 27.1 - 0.1 86 86 35 0 0 0 3 0.9 127 1.7 108 3.5 - - 0 0 0 0 0 0 - -
2014-8-8 7:00:0027.2 24.9 27.7 27.2 - 1 87 83 119 2.5 126 2.5 125 1.7 125 1.7 128 3.2 - - 0 0 0 0 0 0 - -
2014-8-8 6:00:0027.5 24.6 27.5 27.3 - 0 84 84 111 0 0 0 104 1.7 149 3.3 150 4.6 - - 0 0 0 0 0 0 - -
2014-8-8 5:00:0027.3 24.8 27.5 27.1 - 0.2 86 84 108 2.3 100 2 91 2 91 2 91 3 - - 0 0 0 0 0 0 - -
2014-8-8 4:00:0027.4 24.5 28 27.3 - 0.4 84 78 119 1.3 129 1.6 151 1.6 140 2 66 2.8 - - 0 0 0 0 0 0 - -
2014-8-8 3:00:0028 23.8 28.4 28 - 0 78 73 181 0 0 0 166 1.9 157 3.7 170 4.4 - - 0 0 0 0 0 0 - -
2014-8-8 2:00:0028.3 23.2 28.3 28.2 - 0 74 73 164 3.1 157 3 158 3.7 157 3.9 161 5.8 - - 0 0 0 0 0 0 - -
2014-8-8 1:00:0028.3 22.9 28.4 28.3 - 0 73 72 147 3.6 155 3.6 159 3.4 143 3.8 150 5.3 - - 0 0 0 0 0 0 - -
2014-8-8 00:00:0028.4 22.8 28.4 28.3 - 0 72 72 156 3.5 165 3.1 166 3 155 3.1 156 5 - - 0 0 0 0 0 0 - -
2014-8-7 23:00:0028.3 23.6 28.6 28.3 - 0 76 75 164 2.9 159 3 157 3 156 3 173 4.6 - - 0 0 0 0 0 0 - -
2014-8-7 22:00:0028.6 23.7 29.2 28.5 - 0 75 74 119 2.6 120 2 130 2.8 132 3.5 130 4.9 - - 0 0 0 0 0 0 - -
2014-8-7 21:00:0029.3 24.1 29.4 29.2 - 0 74 71 130 3.5 122 2.7 114 2.8 109 3.5 99 4.6 - - 0 0 0 0 0 0 - -
2014-8-7 20:00:0029.3 23.9 29.4 29.3 - 0 72 72 108 3.7 107 3.1 108 3.6 116 4 113 5.5 - - 0 0 0 0 0 0 - -
2014-8-7 19:00:0029.4 24 30.4 29.4 - 0 73 68 142 5.5 121 3.4 114 4.1 116 4.3 113 7.1 - - 0 0 0 0 0 0 - -
2014-8-7 18:00:0030.5 24.1 32 30.5 - 0 69 58 105 2.3 117 3.3 113 3.4 151 4.4 133 6.4 - - 0 0 0 0 0 0 - -
2014-8-7 17:00:0032 22.7 32.9 32 - 0 58 52 142 3.1 142 4.3 142 4 161 4.1 142 6.3 - - 0 0 0 0 0 0 - -
2014-8-7 16:00:0032.9 21.7 34.3 32.9 - 0 52 48 164 4.4 164 3.4 167 3.9 154 4.8 164 7.1 - - 0 0 0 0 0 0 - -
2014-8-7 15:00:0034.2 22 34.4 33.9 - 0 49 48 161 4.3 157 3.4 151 3.8 155 4.4 173 6.3 - - 0 0 0 0 0 0 - -
2014-8-7 14:00:0034.3 21.9 35.4 34.2 - 0 48 46 128 4.6 138 3.8 144 3.8 155 4.4 153 6.6 - - 0 0 0 0 0 0 - -
2014-8-7 13:00:0034.8 21.9 34.9 34 - 0 47 47 139 3.7 164 3.8 146 4.1 144 4.1 130 5.6 - - 0 0 0 0 0 0 - -
2014-8-7 12:00:0034 23 34 33.3 - 0 53 52 119 2 138 3.1 139 3.3 137 4 142 5.9 - - 0 0 0 0 0 0 - -
2014-8-7 11:00:0033.3 23.5 33.5 32.3 - 0 57 56 139 3.8 146 3.5 145 3.2 165 3.7 150 5.9 - - 0 0 0 0 0 0 - -
2014-8-7 10:00:0032.6 24 32.7 31 - 0 61 60 142 3.2 178 2.2 171 2.5 167 3.3 153 4.9 - - 0 0 0 0 0 0 - -
2014-8-7 9:00:0031.1 24.3 31.1 29.9 - 0 67 66 187 3.1 162 3 165 3 136 3.7 147 5.2 - - 0 0 0 0 0 0 - -
2014-8-7 8:00:0029.9 24.5 29.9 28.7 - 0 73 73 142 2.7 136 3.5 162 3.3 156 3.8 150 5.5 - - 0 0 0 0 0 0 - -
2014-8-7 7:00:0028.6 24.5 28.6 27.6 - 0 78 78 153 4.3 157 3.7 156 3.7 155 3.8 167 5.7 - - 0 0 0 0 0 0 - -
2014-8-7 6:00:0027.6 24.4 27.6 27.3 - 0 82 82 144 4 151 2.9 152 3.1 152 3.1 156 4.4 - - 0 0 0 0 0 0 - -
2014-8-7 5:00:0027.4 24.2 27.5 27.4 - 0 83 83 144 0 149 0.5 144 1.6 150 3 150 4.3 - - 0 0 0 0 0 0 - -
2014-8-7 4:00:0027.5 24.4 27.6 27.5 - 0 83 82 139 2.8 151 2.5 149 3 146 3.1 142 4.8 - - 0 0 0 0 0 0 - -
2014-8-7 3:00:0027.6 24.3 27.8 27.6 - 0 82 81 139 2.8 139 2 143 2 148 3 150 3.9 - - 0 0 0 0 0 0 - -
2014-8-7 2:00:0027.8 24.2 28 27.8 - 0 81 80 144 3.7 148 2.7 149 2.9 148 3.5 147 5 - - 0 0 0 0 0 0 - -
2014-8-7 1:00:0028 24.3 28.2 28 - 0 80 79 119 3.4 141 2.9 146 2.9 147 3.1 144 4.6 - - 0 0 0 0 0 0 - -
2014-8-7 00:00:0028.3 24.2 28.6 28.3 - 0 79 76 147 2.6 157 2 158 3.3 153 3.8 133 4.8 - - 0 0 0 0 0 0 - -
2014-8-6 23:00:0028.6 24.1 29.1 28.6 - 0 77 74 142 3.1 138 2.7 151 3.6 154 4.4 153 4.2 - - 0 0 0 0 0 0 - -
2014-8-6 22:00:0029.1 24 29.6 29.1 - 0 74 71 156 3.4 153 3.4 157 4.3 167 5.2 142 5.6 - - 0 0 0 0 0 0 - -
2014-8-6 21:00:0029.6 23.8 30.3 29.6 - 0 71 69 184 4.1 166 3.6 166 5 159 5.1 142 5.9 - - 0 0 0 0 0 0 - -
2014-8-6 20:00:0030.3 24.1 31.1 30.3 - 0 69 67 156 3.7 156 3.8 160 5.2 160 5.2 173 6.7 - - 0 0 0 0 0 0 - -
2014-8-6 19:00:0031.2 24.2 32.3 31.2 - 0 67 63 195 3 181 2.6 180 4.1 178 5 175 5.7 - - 0 0 0 0 0 0 - -
2014-8-6 18:00:0032.3 24.4 33.6 32.3 - 0 63 59 158 3.7 176 3.3 183 4.6 147 5.4 158 5.6 - - 0 0 0 0 0 0 - -
2014-8-6 17:00:0033.6 24.3 33.7 33.3 - 0 58 58 158 3.5 152 4.1 151 5.1 152 5.6 164 6.3 - - 0 0 0 0 0 0 - -
2014-8-6 16:00:0033.5 24.4 33.6 31.3 - 0 59 56 178 3.8 167 3.2 179 4.2 169 4.3 150 4.3 - - 0 0 0 0 0 0 - -
2014-8-6 15:00:0031.2 22.5 31.2 27.6 - 0 60 60 164 0 0 0 182 2.6 149 4.4 203 5.1 - - 0 0 0 0 0 0 - -
2014-8-6 14:00:0027.6 23.1 34.3 27.6 - 0.1 77 57 142 3.1 136 3.2 149 4.4 149 7.8 156 11.4 - - 0 0 0 0 0 0 - -
2014-8-6 13:00:0034.3 24.9 35.8 34.3 - 0 58 50 94 2.6 97 3 55 3.8 62 4.5 333 6.5 - - 0 0 0 0 0 0 - -
2014-8-6 12:00:0035.8 23.6 36 34.4 - 0 49 49 74 1.4 93 0.9 135 2.6 140 3.2 133 3.9 - - 0 0 0 0 0 0 - -
2014-8-6 11:00:0035.3 24.9 35.3 33.5 - 0 55 55 220 2.2 197 1 154 2.3 149 2.4 209 3.3 - - 0 0 0 0 0 0 - -
2014-8-6 10:00:0033.9 24.9 33.9 32.3 - 0 59 59 97 1.3 125 1.5 154 1.6 176 2.3 119 4 - - 0 0 0 0 0 0 - -
2014-8-6 9:00:0032.2 24.8 32.2 30.4 - 0 65 65 215 0.8 191 0.8 190 1.3 174 3 178 4.7 - - 0 0 0 0 0 0 - -
2014-8-6 8:00:0030.3 24.8 30.3 29.3 - 0 72 72 203 3.2 195 2.8 184 2.3 160 2.9 158 4.3 - - 0 0 0 0 0 0 - -
2014-8-6 7:00:0029.3 24.8 29.3 28 - 0 77 76 184 2 167 2.8 171 2 162 2.2 153 4.4 - - 0 0 0 0 0 0 - -
2014-8-6 6:00:0028 24.7 28 27.6 - 0 82 82 170 0 0 0 156 1.2 148 2 150 3.3 - - 0 0 0 0 0 0 - -
2014-8-6 5:00:0027.7 24.7 27.9 27.7 - 0 84 83 144 1.7 147 2.4 150 1.8 166 2.5 184 4.2 - - 0 0 0 0 0 0 - -
2014-8-6 4:00:0027.9 24.6 27.9 27.9 - 0 83 83 133 2.2 168 2.2 164 2 163 2.5 144 4.6 - - 0 0 0 0 0 0 - -
2014-8-6 3:00:0027.9 24.9 28.1 27.9 - 0 84 82 158 0 0 0 159 2.2 148 2.7 144 3.8 - - 0 0 0 0 0 0 - -
2014-8-6 2:00:0028.1 24.8 28.4 28.1 - 0 82 80 175 2 163 2.3 157 2.6 146 3.2 153 5.3 - - 0 0 0 0 0 0 - -
2014-8-6 1:00:0028.4 24.6 28.8 28.4 - 0 80 77 150 2.4 153 3.1 152 3.1 150 3.3 142 4.9 - - 0 0 0 0 0 0 - -
2014-8-6 00:00:0028.8 24.3 29.4 28.8 - 0 77 75 142 3.1 141 2.7 0 0 141 0.1 153 4.1 - - 0 0 0 0 0 0 - -
2014-8-5 23:00:0029.4 24.5 29.9 29.4 - 0 75 74 139 2 151 1.9 0 0 177 0.3 187 4.6 - - 0 0 0 0 0 0 - -
2014-8-5 22:00:0029.9 25 30.7 29.9 - 0 75 69 144 3.1 164 2.8 0 0 175 0.9 173 5.5 - - 0 0 0 0 0 0 - -
2014-8-5 21:00:0030.7 24.4 31.4 30.7 - 0 69 65 164 2 175 2.9 173 0.3 169 0.4 156 4.5 - - 0 0 0 0 0 0 - -
2014-8-5 20:00:0031.4 24.1 32.5 31.4 - 0 65 56 173 3.9 167 2.9 168 0.4 171 0.8 167 5.6 - - 0 0 0 0 0 0 - -
2014-8-5 19:00:0032.5 22.7 33.9 32.5 - 0 56 53 147 2.9 136 2.8 0 0 117 1.4 128 6.6 - - 0 0 0 0 0 0 - -
2014-8-5 18:00:0034 23.4 34.9 34 - 0 54 53 119 2.9 125 4 118 1 83 1.8 80 7.7 - - 0 0 0 0 0 0 - -
2014-8-5 17:00:0034.9 23.9 36.5 34.9 - 0 53 48 54 5 81 3.9 94 1.5 95 1.7 113 6.8 - - 0 0 0 0 0 0 - -
2014-8-5 16:00:0036.5 23.9 36.7 36.1 - 0 48 45 130 4.5 129 4.6 113 0.9 84 1.7 77 6.8 - - 0 0 0 0 0 0 - -
2014-8-5 15:00:0036.4 23.1 36.8 36.1 - 0 46 45 71 3.9 75 4.3 85 1.4 84 1.6 83 7.9 - - 0 0 0 0 0 0 - -
2014-8-5 14:00:0036.1 23.8 36.6 36 - 0 49 47 74 2.9 72 2.7 79 0.5 89 1 97 5.8 - - 0 0 0 0 0 0 - -
2014-8-5 13:00:0036.3 24.7 36.6 35.7 - 0 51 42 60 4.6 81 3.7 97 0.6 97 0.6 83 5.5 - - 0 0 0 0 0 0 - -
2014-8-5 12:00:0035.8 23.1 35.9 34.7 - 0 48 47 91 3.4 93 2.6 0 0 0 0 91 4.1 - - 0 0 0 0 0 0 - -
2014-8-5 11:00:0034.9 23 35 33 - 0 50 50 139 0.9 121 1.9 0 0 0 0 142 4.3 - - 0 0 0 0 0 0 - -
2014-8-5 10:00:0033.1 24.6 33.1 31.8 - 0 61 60 142 1.3 135 1.9 0 0 0 0 116 4.7 - - 0 0 0 0 0 0 - -
2014-8-5 9:00:0031.7 25.1 31.7 30.4 - 0 68 67 130 1 154 1.9 0 0 165 0.1 173 4.3 - - 0 0 0 0 0 0 - -
2014-8-5 8:00:0030.4 25 30.4 29 - 0 73 72 147 2.8 155 3.1 0 0 169 0.8 170 5 - - 0 0 0 0 0 0 - -
2014-8-5 7:00:0029 25.2 29 28 - 0 80 80 209 4.3 181 3 170 0.1 170 0.1 209 4.4 - - 0 0 0 0 0 0 - -
2014-8-5 6:00:0028 25.3 28 27.8 - 0 85 85 164 0 0 0 0 0 156 0.5 153 3.3 - - 0 0 0 0 0 0 - -
2014-8-5 5:00:0027.9 25.1 28 27.9 - 0 85 85 150 1.9 146 1.9 145 0.3 146 0.3 153 2.7 - - 0 0 0 0 0 0 - -
2014-8-5 4:00:0028 25.3 28.5 28 - 0 85 83 130 0 0 0 0 0 164 0.5 158 3.7 - - 0 0 0 0 0 0 - -
2014-8-5 3:00:0028.5 25.3 29 28.5 - 0 83 79 164 2.2 159 2.1 0 0 0 0 164 3.1 - - 0 0 0 0 0 0 - -
2014-8-5 2:00:0029 25 29.2 29 - 0 79 74 142 0 0 0 153 0 153 0 167 2.2 - - 0 0 0 0 0 0 - -
2014-8-5 1:00:0029.2 24.2 29.6 29.2 - 0 74 70 153 0 151 0 129 0 129 0 153 0 - - 0 0 0 0 0 0 - -
2014-8-5 00:00:0029.7 23.5 30.2 29.7 - 0 70 66 113 0 0 0 127 0.3 127 0.3 113 0 - - 0 0 0 0 0 0 - -
2014-8-4 23:00:0030.2 23 30.7 30.2 - 0 65 64 150 0 0 0 153 0.3 154 1.5 156 3.6 - - 0 0 0 0 0 0 - -
2014-8-4 22:00:0030.7 23.2 31.5 30.7 - 0 64 63 153 2.8 157 2.5 154 1.5 162 2.6 144 5.5 - - 0 0 0 0 0 0 - -
2014-8-4 21:00:0031.5 23.6 32.3 31.5 - 0 63 56 150 3.6 162 2.9 162 1.8 162 1.8 164 4.4 - - 0 0 0 0 0 0 - -
2014-8-4 20:00:0032.3 22.9 33 32.2 - 0 58 55 156 2.3 154 3.1 158 1.3 153 1.6 164 4.2 - - 0 0 0 0 0 0 - -
2014-8-4 19:00:0033 22.8 34 33 - 0 55 52 164 3.1 153 2.6 153 1.6 151 2.4 150 4.7 - - 0 0 0 0 0 0 - -
2014-8-4 18:00:0034 22.6 34.6 34 - 0 51 51 153 2.3 144 2.2 142 1.6 140 3.3 144 7.5 - - 0 0 0 0 0 0 - -
2014-8-4 17:00:0034.6 23.3 35.5 34.6 - 0 52 44 161 4.3 142 4.2 134 2.7 131 2.8 125 6.4 - - 0 0 0 0 0 0 - -
2014-8-4 16:00:0035.3 22 37 35.3 - 0 46 43 85 4 91 3.4 93 2.5 93 2.5 94 5.4 - - 0 0 0 0 0 0 - -
2014-8-4 15:00:0036.3 22.4 36.9 35.5 - 0 45 44 40 1.3 358 0.6 356 0.6 16 2.2 9 5 - - 0 0 0 0 0 0 - -
2014-8-4 14:00:0036.8 22.6 37.1 36.5 - 0 44 39 35 0.8 345 1.6 314 0.7 307 1 316 3.2 - - 0 0 0 0 0 0 - -
2014-8-4 13:00:0036.5 21.3 36.7 35.9 - 0 41 38 128 0 0 0 292 0.6 19 1.9 15 3.7 - - 0 0 0 0 0 0 - -
2014-8-4 12:00:0036.8 20.5 37 35.3 - 0 39 39 254 0 315 1.6 330 1 360 2.3 12 4.7 - - 0 0 0 0 0 0 - -
2014-8-4 11:00:0035.6 21.9 35.6 34.6 - 0 45 44 344 2.2 357 2.6 328 1 306 1.5 338 3.7 - - 0 0 0 0 0 0 - -
2014-8-4 10:00:0034.6 23.2 34.7 33.9 - 0 52 51 316 2.5 315 1.7 325 0.8 325 0.8 310 3.4 - - 0 0 0 0 0 0 - -
2014-8-4 9:00:0033.8 24.4 33.8 32.1 - 0 58 58 263 0 255 0.9 0 0 0 0 308 2.4 - - 0 0 0 0 0 0 - -
2014-8-4 8:00:0032 25.4 32 28.8 - 0 68 68 268 0 0 0 0 0 0 0 268 0 - - 0 0 0 0 0 0 - -
2014-8-4 7:00:0028.8 25.8 28.8 27.7 - 0 84 84 167 0 0 0 0 0 0 0 167 0 - - 0 0 0 0 0 0 - -
2014-8-4 6:00:0027.7 25.2 27.7 27.6 - 0 86 85 142 0 0 0 0 0 0 0 142 0 - - 0 0 0 0 0 0 - -
2014-8-4 5:00:0027.6 24.9 28 27.6 - 0 85 83 223 0 0 0 0 0 0 0 223 0 - - 0 0 0 0 0 0 - -
2014-8-4 4:00:0028 24.8 28.2 27.9 - 0 83 80 203 0 0 0 0 0 0 0 203 0 - - 0 0 0 0 0 0 - -
2014-8-4 3:00:0028.1 24.4 28.1 27.9 - 0 80 80 150 0 179 0.6 0 0 187 0.3 158 2.8 - - 0 0 0 0 0 0 - -
2014-8-4 2:00:0028 24.3 28.1 27.9 - 0 80 79 175 0 168 0 176 0 176 0 175 0 - - 0 0 0 0 0 0 - -
2014-8-4 1:00:0028.1 24.1 28.5 28.1 - 0 79 76 142 0 158 0 158 0 158 0 142 0 - - 0 0 0 0 0 0 - -
2014-8-4 00:00:0028.5 23.9 28.8 28.5 - 0 76 74 147 0 0 0 162 0.3 153 1 142 3 - - 0 0 0 0 0 0 - -
2014-8-3 23:00:0028.8 23.8 29.2 28.8 - 0 75 75 150 1.4 155 2.1 152 0.8 152 0.8 150 2.9 - - 0 0 0 0 0 0 - -
2014-8-3 22:00:0029.3 24.7 30.4 29.3 - 0 76 68 173 0 0 0 168 0.8 181 1.5 173 4.6 - - 0 0 0 0 0 0 - -
2014-8-3 21:00:0030.4 23.8 31.1 30.4 - 0 68 65 147 2.6 169 2.7 171 0.9 171 0.9 184 3.9 - - 0 0 0 0 0 0 - -
2014-8-3 20:00:0031.1 23.9 32.1 31.1 - 0 65 62 158 0 0 0 151 0.9 151 0.9 158 0 - - 0 0 0 0 0 0 - -
2014-8-3 19:00:0032.1 23.9 32.9 32.1 - 0 62 53 54 0 0 0 63 0.9 63 0.9 54 0 - - 0 0 0 0 0 0 - -
2014-8-3 18:00:0032.8 22.3 33.6 32.8 - 0 54 52 83 0 0 0 45 0.9 19 2.1 35 3.6 - - 0 0 0 0 0 0 - -
2014-8-3 17:00:0033.3 22.3 33.7 33.2 - 0 52 51 40 2.7 34 2.5 6 2 4 2.1 353 4.4 - - 0 0 0 0 0 0 - -
2014-8-3 16:00:0033.3 22.5 34.3 33.3 - 0 53 50 338 3.2 349 1.7 347 1.8 359 2.6 305 4.8 - - 0 0 0 0 0 0 - -
2014-8-3 15:00:0033.6 22.3 34.5 33.6 - 0 51 46 7 2.3 357 2.7 357 2.6 358 3.3 353 7.1 - - 0 0 0 0 0 0 - -
2014-8-3 14:00:0034.5 21.9 34.5 33.1 - 0 48 48 353 4 351 2.7 354 2.4 331 3.6 347 6.2 - - 0 0 0 0 0 0 - -
2014-8-3 13:00:0033.1 22.5 33.4 32.3 - 0 54 53 15 2.6 328 4.1 328 3.5 327 4.3 327 8.6 - - 0 0 0 0 0 0 - -
2014-8-3 12:00:0033 24.2 33 32.4 - 0 60 57 305 4.6 316 3.2 304 3.9 307 4.5 308 9.6 - - 0 0 0 0 0 0 - -
2014-8-3 11:00:0032.7 23.8 32.8 31.4 - 0 60 59 336 3.1 304 4 304 3.8 307 4.5 341 9.3 - - 0 0 0 0 0 0 - -
2014-8-3 10:00:0031.5 24 31.5 30.4 - 0 64 64 302 5.3 293 4.7 296 4.2 302 4.4 305 8.3 - - 0 0 0 0 0 0 - -
2014-8-3 9:00:0030.3 24.2 30.3 29 - 0 70 69 296 5.1 308 3.5 301 3.7 299 3.7 288 6.7 - - 0 0 0 0 0 0 - -
2014-8-3 8:00:0028.9 24.5 28.9 27.6 - 0 77 77 310 2.8 292 2.4 292 2.8 281 3.2 296 6.8 - - 0 0 0 0 0 0 - -
2014-8-3 7:00:0027.6 24.6 27.6 27.4 - 0 84 81 271 4.2 278 3.4 280 2.7 280 2.9 288 6.1 - - 0 0 0 0 0 0 - -
2014-8-3 6:00:0027.4 24 27.4 27.2 - 0 81 81 279 1.8 268 1.1 271 2.1 273 2.2 288 5.3 - - 0 0 0 0 0 0 - -
2014-8-3 5:00:0027.2 23.6 27.3 27.1 - 0 81 80 299 2.9 268 2.2 279 1.9 292 2 299 4 - - 0 0 0 0 0 0 - -
2014-8-3 4:00:0027.1 23.7 27.1 26.9 - 0 82 82 271 1.9 295 1.9 290 1.9 283 2.2 271 4.6 - - 0 0 0 0 0 0 - -
2014-8-3 3:00:0026.9 23.7 26.9 26.6 - 0 82 82 282 1.4 285 1.6 284 2.3 276 2.4 277 5.3 - - 0 0 0 0 0 0 - -
2014-8-3 2:00:0026.7 23.5 26.9 26.7 - 0 83 81 293 1.7 277 2.6 278 2.2 277 2.2 277 4.8 - - 0 0 0 0 0 0 - -
2014-8-3 1:00:0026.9 23.4 27 26.9 - 0 81 81 277 1.4 277 1.7 283 1.9 284 2.6 305 5.1 - - 0 0 0 0 0 0 - -
2014-8-3 00:00:0027 23.6 27.1 26.9 - 0 82 81 302 0 294 1.6 283 3.1 293 3.5 274 5.9 - - 0 0 0 0 0 0 - -
2014-8-2 23:00:0027 23.6 27.1 27 - 0 81 79 274 4.9 296 1.8 295 2.9 297 3.5 305 6 - - 0 0 0 0 0 0 - -
2014-8-2 22:00:0027 23.1 27.4 27 - 0 79 76 246 2.5 304 1.4 303 2.1 303 2.1 291 4.6 - - 0 0 0 0 0 0 - -
2014-8-2 21:00:0027.4 23 28.1 27.4 - 0 77 69 308 2.2 318 1.9 315 1.7 336 3.2 333 6.3 - - 0 0 0 0 0 0 - -
2014-8-2 20:00:0028.1 22 28.4 28.1 - 0 69 69 322 3.8 338 2.6 337 2.9 334 3.7 336 7.7 - - 0 0 0 0 0 0 - -
2014-8-2 19:00:0028.3 22.5 29.2 28.3 - 0 71 67 308 1.6 345 2.6 343 2.8 329 4.6 330 8.8 - - 0 0 0 0 0 0 - -
2014-8-2 18:00:0029.3 22.6 29.7 29.3 - 0 67 66 330 6.5 331 5.2 329 4.1 342 4.8 338 9.6 - - 0 0 0 0 0 0 - -
2014-8-2 17:00:0029.6 22.8 29.8 28.8 - 0 67 65 358 2.5 339 3.8 341 4.9 338 5.6 338 9.7 - - 0 0 0 0 0 0 - -
2014-8-2 16:00:0028.8 24.3 29.3 28.4 - 0 77 73 336 8.7 310 4.2 318 4.6 322 5.3 313 11.4 - - 0 0 0 0 0 0 - -
2014-8-2 15:00:0028.4 24.7 28.4 26.5 - 0.7 80 80 319 4.6 319 4.7 322 4.1 330 4.2 344 8.4 - - 0 0 0 0 0 0 - -
2014-8-2 14:00:0027.1 23.7 27.9 27 - 0.1 82 77 350 3.5 351 3 1 3.7 1 4.5 29 8.9 - - 0 0 0 0 0 0 - -
2014-8-2 13:00:0027.5 24.1 27.5 26 - 0.1 81 81 355 5.8 340 4.3 346 4.1 360 4.5 322 10.6 - - 0 0 0 0 0 0 - -
2014-8-2 12:00:0026.2 24.2 26.5 25.9 - 0.3 89 86 1 3.4 356 4.3 349 3.1 357 4.8 4 7.5 - - 0 0 0 0 0 0 - -
2014-8-2 11:00:0025.9 24.3 27.2 25.9 - 0.9 91 82 9 3.7 355 5 353 4.6 334 5.1 319 9.4 - - 0 0 0 0 0 0 - -
2014-8-2 10:00:0027.2 23.9 27.2 26.5 - 0 82 82 338 7.1 321 5.2 334 4.8 343 5 324 10.3 - - 0 0 0 0 0 0 - -
2014-8-2 9:00:0026.5 23.7 26.5 25.6 - 0 85 85 291 3.6 3 4.6 354 4.7 350 4.8 1 9.4 - - 0 0 0 0 0 0 - -
2014-8-2 8:00:0025.6 23.8 25.6 25 - 0.3 90 90 23 6.5 343 4.2 341 4 341 4 344 7.1 - - 0 0 0 0 0 0 - -
2014-8-2 7:00:0025 23.8 25.1 24.9 - 1.9 93 93 338 5.8 337 2.9 349 3 350 3.4 322 7.1 - - 0 0 0 0 0 0 - -
2014-8-2 6:00:0024.9 23.7 24.9 24.9 - 1 93 92 355 0 356 1.5 351 2.7 351 4 7 7.2 - - 0 0 0 0 0 0 - -
2014-8-2 5:00:0024.9 23.5 25.2 24.9 - 1.1 92 90 350 2.3 354 3.3 351 3.2 351 4 319 7.1 - - 0 0 0 0 0 0 - -
2014-8-2 4:00:0025 23.5 25 24.7 - 0.5 92 92 26 4.6 350 3.5 353 3.7 354 4.5 358 9.1 - - 0 0 0 0 0 0 - -
2014-8-2 3:00:0024.8 23.5 25.3 24.8 - 0.7 92 89 355 5 350 3.9 354 3.8 355 4.4 322 8 - - 0 0 0 0 0 0 - -
2014-8-2 2:00:0025.3 23.3 26.5 25.3 - 0 88 80 9 2 345 3.3 352 3.8 7 4.6 23 8.7 - - 0 0 0 0 0 0 - -
2014-8-2 1:00:0026.5 22.7 26.7 26.5 - 0 80 77 344 5.2 9 4.1 2 4.3 10 4.8 15 8.6 - - 0 0 0 0 0 0 - -
2014-8-2 00:00:0026.7 22.4 27 26.7 - 0 77 75 1 2.3 16 4.3 16 4.4 20 5.3 4 9.8 - - 0 0 0 0 0 0 - -
2014-8-1 23:00:0026.9 22.3 26.9 26.8 - 0 76 76 7 3.8 13 3.6 12 4.2 9 4.6 4 8.3 - - 0 0 0 0 0 0 - -
2014-8-1 22:00:0026.8 22.4 26.8 26.7 - 0 77 77 18 6.3 9 4.5 9 4.5 9 4.5 7 9.1 - - 0 0 0 0 0 0 - -
2014-8-1 21:00:0026.7 22.6 26.7 26.5 - 0 78 78 15 3.6 20 3.5 19 3.1 16 4 7 7.9 - - 0 0 0 0 0 0 - -
2014-8-1 20:00:0026.5 22.6 26.5 26.3 - 0 79 79 350 3.1 11 2.8 15 3.5 29 4.4 46 8.5 - - 0 0 0 0 0 0 - -
2014-8-1 19:00:0026.5 22.7 26.9 26.5 - 0 79 78 49 3.6 28 3.7 33 3.9 41 4.4 21 7.6 - - 0 0 0 0 0 0 - -
2014-8-1 18:00:0026.9 22.7 27.4 26.9 - 0 78 75 29 6.4 42 3.6 42 4.3 54 5.5 46 9 - - 0 0 0 0 0 0 - -
2014-8-1 17:00:0027.4 22.9 27.5 27 - 0 77 76 71 4 64 4.5 51 4.8 62 5.7 60 9.4 - - 0 0 0 0 0 0 - -
2014-8-1 16:00:0027 23.1 27.1 26.6 - 0 79 78 57 5.7 62 5.9 63 5.3 51 5.9 49 9.3 - - 0 0 0 0 0 0 - -
2014-8-1 15:00:0026.6 23.3 26.6 26 - 0 82 82 71 3.3 38 4.9 49 4.8 57 5.5 29 9.3 - - 0 0 0 0 0 0 - -
2014-8-1 14:00:0026 23.5 26.1 25.8 - 0.2 86 86 74 6.5 56 6.8 57 5.2 59 5.9 68 10.3 - - 0 0 0 0 0 0 - -
2014-8-1 13:00:0025.8 23.9 25.8 25.4 - 0.3 89 89 54 3.3 59 3.2 61 4.4 63 6.1 66 9.9 - - 0 0 0 0 0 0 - -
2014-8-1 12:00:0025.5 24 26 25.5 - 2.7 92 89 83 5.2 61 6.1 60 6 66 6.2 71 11.8 - - 0 0 0 0 0 0 - -
2014-8-1 11:00:0026.1 24.1 26.4 25.9 - 0.4 89 88 63 6.1 54 5.6 55 5.7 64 5.9 40 10 - - 0 0 0 0 0 0 - -
2014-8-1 10:00:0025.8 24.4 26 25.8 - 2.4 92 91 63 5.6 64 5.8 61 5.7 60 5.8 54 9.4 - - 0 0 0 0 0 0 - -
2014-8-1 9:00:0026 24.5 26.1 25.6 - 1.2 91 91 99 6.4 73 6.1 69 5.1 64 5.1 66 9.4 - - 0 0 0 0 0 0 - -
2014-8-1 8:00:0025.6 24.4 26.1 25.5 - 14.8 93 90 83 5 74 3.4 65 4.5 61 4.8 60 8.7 - - 0 0 0 0 0 0 - -
2014-8-1 7:00:0026.1 24.3 26.5 26.1 - 1.2 90 87 63 4.8 52 4.5 49 4.4 49 4.4 29 7.4 - - 0 0 0 0 0 0 - -
2014-8-1 6:00:0026.3 24.2 26.3 25.9 - 0 88 88 85 5.3 74 3.8 72 3.7 73 3.7 57 6.1 - - 0 0 0 0 0 0 - -
2014-8-1 5:00:0025.8 24.5 25.9 25.7 - 1.7 92 91 91 2.9 71 3.2 82 2.8 64 4 40 6.1 - - 0 0 0 0 0 0 - -
2014-8-1 4:00:0025.8 24.1 26.3 25.8 - 0.4 90 87 74 3.8 71 3.5 66 3.8 63 4.6 88 7.8 - - 0 0 0 0 0 0 - -
2014-8-1 3:00:0026.2 24.1 26.5 26.2 - 0.8 89 86 54 2.9 70 2.9 73 3.1 81 4.1 80 7 - - 0 0 0 0 0 0 - -
2014-8-1 2:00:0026.3 23.9 27.5 26.3 - 2.2 87 78 83 3.5 92 4.1 88 4 93 4.5 85 8.6 - - 0 0 0 0 0 0 - -
2014-8-1 1:00:0027.5 23.4 27.6 27.4 - 0 78 78 74 3.1 87 3.1 86 3.6 87 4.8 91 9 - - 0 0 0 0 0 0 - -
