2014-9-1 1:00:0024.2 24.2 24.9 24.2 1,008.7 1.8 100 95 83 1.3 99 1.5 98 1.7 109 1.9 93 2.9 3593 2487 24.5 24.6 24.4 25.2 25.5 25.7 26 -
2014-9-1 00:00:0024.9 24.2 25.6 24.9 1,008.8 0.7 96 90 103 1.7 119 1.5 128 1.6 137 2.6 129 4.4 4347 2034 24.6 24.7 24.5 25.3 25.6 25.8 26 -
2014-8-31 23:00:0025.5 23.9 25.7 25.5 1,008.6 0 91 90 152 2 138 2.3 134 2.5 150 3.8 138 6.2 5001 5001 24.7 24.8 24.6 25.4 25.7 25.9 26.1 -
2014-8-31 22:00:0025.7 23.9 25.7 25.5 1,008.8 0 90 90 146 4.3 151 3.8 149 3.7 145 4.4 138 8 4843 1125 24.7 24.9 24.7 25.5 25.9 26.1 26.2 -
2014-8-31 21:00:0025.5 24.1 25.6 25.4 1009 0 92 91 157 3.3 147 3.1 146 3.4 150 3.9 151 6.9 6626 2276 24.9 25.1 24.8 25.7 26 26.1 26.3 -
2014-8-31 20:00:0025.5 24.3 25.6 25.1 1009 0 93 89 131 3.9 140 3.6 140 3.4 128 3.6 128 7.2 7705 2732 25 25 24.8 25.9 26.2 26.3 26.3 -
2014-8-31 19:00:0025.1 23.5 25.1 24.9 1,008.6 0 91 91 133 6.7 126 3.6 125 3 125 3 133 6.7 11024 2238 25 25.9 25 26.3 26.5 26.4 26.4 -
2014-8-31 18:00:0025 24 25.6 25 1,008.5 0 94 92 86 0.9 113 1.9 117 2.2 110 3.2 122 6 28073 1350 25.9 27.3 25.9 26.8 26.7 26.4 26.3 -
2014-8-31 17:00:0025.6 24.2 25.6 25.3 1,008.6 0 92 92 107 3.1 108 3.4 109 3.1 109 3.1 122 6 4460 1893 27.3 27.5 26.9 27.1 26.7 26.4 26.2 -
2014-8-31 16:00:0025.3 24.4 25.6 25.3 1009 0 95 94 123 2.3 113 3.3 117 2.8 117 2.8 128 5.1 8398 2069 27.1 28.4 27.1 27.2 26.7 26.3 26.2 -
2014-8-31 15:00:0025.4 25.1 25.5 25.2 1009 0.3 98 94 119 2 112 1.5 113 1.9 112 2.5 125 4.4 4367 2246 28.3 28.5 27.7 27.2 26.6 26.2 26.1 -
2014-8-31 14:00:0025.3 24.3 25.3 23.8 1,009.6 0.1 94 94 137 1.3 118 2.4 111 2.4 112 2.7 113 4.9 5911 2602 28.5 29.1 26.4 27 26.4 26.1 26 -
2014-8-31 13:00:0023.8 23.3 25.9 23.8 1,009.9 6 97 88 109 2.6 104 2.4 98 2.4 108 2.5 95 4.5 7643 506 26.3 26.8 25.4 26.3 26.2 26 25.9 -
2014-8-31 12:00:0025.8 23.7 26.6 25.8 1,011.2 0 88 85 214 0.5 190 1 209 0.7 101 2.5 83 4.1 7836 2475 26.8 29.6 26.7 26.8 26.3 25.9 25.8 -
2014-8-31 11:00:0026.5 24 26.5 25.9 1,010.8 0 86 86 59 1.2 86 1.8 92 2.5 96 2.7 81 4.4 6897 2011 29.6 29.8 27.7 26.8 26 25.7 25.8 -
2014-8-31 10:00:0025.9 23.8 26 25.4 1011 0 88 86 111 2.7 106 2.8 104 2.5 89 3.2 83 5.5 6051 2259 28.5 29.5 27.5 26.3 25.7 25.5 25.7 -
2014-8-31 9:00:0025.3 23.9 25.3 24.5 1,010.7 0 92 91 90 2.9 96 2.7 93 2.3 87 3.3 85 5 10706 1599 27.6 27.6 26.1 25.6 25.3 25.3 25.7 -
2014-8-31 8:00:0024.6 23.9 24.6 23.4 1,010.4 0 96 95 81 2.6 78 2.2 78 2 78 2 85 4.2 4575 2167 26.4 26.5 24.8 25.1 25.1 25.3 25.7 -
2014-8-31 7:00:0023.4 23.4 23.4 22.8 1,010.2 0 100 100 54 1.6 62 1.1 64 1.3 66 1.3 62 2.1 3545 1244 24.8 24.9 23.7 24.6 24.9 25.3 25.8 -
2014-8-31 6:00:0022.9 22.9 22.9 22.7 1,010.4 0 100 100 29 0.8 24 0.7 40 0.8 354 1 355 1.5 2582 2444 23.7 23.8 23.2 24.5 25 25.5 26 -
2014-8-31 5:00:0022.8 22.8 22.9 22.7 1,010.3 0 100 100 314 0.9 327 1 342 1 63 1.1 73 1.7 3313 1438 23.5 23.7 23.4 24.5 25.1 25.6 26 -
2014-8-31 4:00:0022.8 22.8 22.8 22.6 1,009.9 0 100 100 39 0.5 98 0.3 33 0.5 28 1.1 49 1.6 3475 2060 23.6 23.7 23.4 24.6 25.2 25.7 26.2 -
2014-8-31 3:00:0022.7 22.7 22.8 22.2 1,009.9 0 100 100 79 0.4 50 0.8 54 1 23 1.1 50 1.8 4117 1643 23.6 23.6 23.1 24.6 25.3 25.9 26.3 -
2014-8-31 2:00:0022.3 22.3 22.4 22.1 1,010.4 0 100 99 17 0.6 44 0.7 48 0.6 40 1.1 44 1.6 3380 1747 23 23.1 22.9 24.7 25.6 26.1 26.6 -
2014-8-31 1:00:0022.4 22.2 22.6 22.3 1,010.7 0 99 99 36 1.2 45 1 36 0.9 30 0.9 24 1.5 3788 1465 23 23.4 23 25 25.9 26.4 26.8 -
2014-8-31 00:00:0022.5 22.3 22.9 22.5 1,011.5 0 99 98 49 0.4 43 0.7 31 0.7 48 1.1 52 2 5346 1246 23.4 23.8 23.4 25.3 26.2 26.6 26.9 -
2014-8-30 23:00:0022.8 22.5 23 22.8 1,011.8 0 98 97 64 1 51 0.9 49 1.1 54 1.6 67 2.7 4528 1865 23.8 24.2 23.8 25.7 26.5 26.9 27.1 -
2014-8-30 22:00:0023 22.7 23.4 23 1,012.3 0 98 96 38 1.2 49 1.6 45 1.5 47 1.9 48 3 8643 1848 24.2 24.6 24.2 26.1 26.9 27.2 27.2 -
2014-8-30 21:00:0023.3 22.6 23.8 23.3 1,012.5 0 96 93 32 2.2 51 1.6 48 1.6 59 2.1 28 4.2 6078 2262 24.5 25.1 24.5 26.6 27.4 27.5 27.4 -
2014-8-30 20:00:0023.7 22.7 24.5 23.7 1012 0 94 90 49 2 65 1.6 63 1.8 62 2 78 3.6 8277 2526 25.1 25.9 25.1 27.3 27.9 27.9 27.5 -
2014-8-30 19:00:0024.5 22.9 25.5 24.5 1,011.7 0 91 85 35 1.2 57 2.1 53 1.8 78 2.3 68 4.2 2353 1278 25.8 27.3 25.8 28.2 28.6 28.1 27.6 -
2014-8-30 18:00:0025.5 22.8 27.2 25.5 1,011.2 0 85 78 62 1.5 56 1.5 55 2.1 50 3.5 62 6 6889 1299 27.3 30.5 27.3 29.3 29.2 28.4 27.5 -
2014-8-30 17:00:0027.3 22.9 28.1 27.3 1,011.2 0 77 74 51 3.8 42 4.1 42 3.4 33 4 13 6.6 7611 2627 30.6 32.8 30.6 30.5 29.7 28.4 27.4 -
2014-8-30 16:00:0027.6 22.8 29.6 27.5 1,011.5 0 75 65 59 3 43 2.7 54 2.6 40 4.2 48 6.8 10608 1933 32 38 32 31.5 29.9 28.1 27.1 -
2014-8-30 15:00:0029.1 22.3 29.7 29 1,011.7 0 67 66 23 3 30 2.7 35 2.8 44 4.2 48 7.5 7286 2846 36.7 39.7 35.6 32.2 29.6 27.6 26.6 -
2014-8-30 14:00:0029.5 23 29.6 28.7 1012 0 68 66 23 1.8 37 4 38 4.1 28 4.5 18 7.8 9457 1371 39.5 39.5 36.1 31.7 28.8 27 26.2 -
2014-8-30 13:00:0028.9 22.9 29.1 28 1,012.6 0 70 65 50 5.6 43 4.2 45 3.8 41 3.8 39 6.8 21729 2491 38.1 38.2 32.3 30.3 27.8 26.4 25.8 -
2014-8-30 12:00:0028.2 22 29 27.1 1013 0 69 67 43 1.3 38 2 21 3.2 8 3.8 13 5.6 7863 2852 32.7 38.2 30 29.1 27 25.9 25.6 -
2014-8-30 11:00:0027.3 22 27.8 27.1 1,013.5 0 73 72 48 2.5 2 2.6 24 2.7 28 2.8 14 5.3 21594 3614 30.7 35 30.1 28.1 26.4 25.5 25.3 -
2014-8-30 10:00:0027.6 23 27.6 25.9 1,013.7 0 76 75 19 1 34 2.5 8 2.5 29 3.1 43 5.4 4892 2960 33.2 34.6 29.4 27.4 25.6 24.9 25.1 -
2014-8-30 9:00:0026.1 22.8 26.1 24.2 1014 0 82 82 6 2.3 9 2.4 344 2.7 359 2.9 353 4.9 6375 1771 30.1 31.7 26 25.7 24.7 24.6 25.1 -
2014-8-30 8:00:0024.2 23 24.4 22.8 1,013.9 0 93 92 6 1.1 346 2.3 346 2.9 346 3.2 340 5 3480 2490 26.1 28 25 24.5 24.2 24.5 25 -
2014-8-30 7:00:0022.6 22.6 22.7 21.5 1,013.7 0 100 100 351 2.4 349 2.2 351 2.2 352 2.7 358 3.8 3239 1666 25 25 22 23.4 23.9 24.5 25.1 -
2014-8-30 6:00:0021.5 21.5 21.5 21.1 1,013.5 0 100 100 343 2.1 350 2 351 1.9 345 2.3 345 3.6 2437 1221 22 22 21.4 23.1 24 24.7 25.3 -
2014-8-30 5:00:0021.3 21.3 21.6 21.2 1,013.3 0 100 100 321 1.4 326 0.9 327 1.1 347 2 345 3.1 1737 1302 21.5 21.8 21.5 23.3 24.2 24.9 25.5 -
2014-8-30 4:00:0021.5 21.5 21.6 21.5 1,013.4 0 100 100 319 1.3 317 1.4 328 1.4 349 2.1 332 3.1 1870 1319 21.8 22 21.7 23.6 24.4 25.1 25.6 -
2014-8-30 3:00:0021.4 21.4 21.9 21.4 1,013.5 0 100 100 353 2 350 1.5 343 1.3 347 2 347 2.9 2325 918 22 22.3 21.9 23.7 24.6 25.2 25.7 -
2014-8-30 2:00:0021.8 21.8 22.1 21.8 1,013.5 0 100 100 0 1.7 349 1.8 346 2.1 350 2.3 347 3.4 1635 1247 22.3 22.6 22.3 24 24.9 25.4 25.9 -
2014-8-30 1:00:0022.1 22.1 22.4 22 1,013.6 0 100 100 345 2 340 1.7 343 1.9 343 1.9 358 2.9 1997 1542 22.6 22.8 22.5 24.4 25.2 25.7 26.1 -
2014-8-30 00:00:0022.4 22.4 22.7 22.2 1,013.9 0 100 99 345 1.7 346 1.8 344 1.4 323 1.5 354 2.4 2569 1624 22.8 23.2 22.7 24.7 25.5 25.9 26.2 -
2014-8-29 23:00:0022.6 22.6 22.9 22.6 1,013.8 0 100 99 324 0.7 328 0.9 319 1.2 323 1.9 323 3 4463 2393 23.2 23.6 23.2 25 25.8 26.1 26.3 -
2014-8-29 22:00:0022.9 22.7 23.5 22.8 1,013.8 0 99 96 333 0.8 320 1.1 316 1.2 313 1.3 314 2 5857 1657 23.6 24.2 23.6 25.5 26.2 26.4 26.5 -
2014-8-29 21:00:0023.4 22.7 24.1 23.4 1,014.2 0 96 94 319 0.6 321 0.5 334 1 356 1.5 12 2.7 4491 1788 24.2 25.3 24.2 26 26.5 26.5 26.5 -
2014-8-29 20:00:0024 23.3 24.3 24 1,013.7 0 96 94 2 1.5 355 1.4 349 1.2 9 1.6 7 3.1 4795 3738 25.3 25.4 25.1 26.4 26.8 26.7 26.6 -
2014-8-29 19:00:0024.3 23.3 24.7 24.3 1,012.8 0 94 93 350 1.9 0 1.4 15 1.5 27 2.2 25 3.8 8238 1884 25.5 26.6 25.5 27 27.2 26.9 26.6 -
2014-8-29 18:00:0024.7 23.5 25.2 24.7 1,012.3 0 93 90 31 2.5 26 2 26 1.7 13 2.6 8 4.2 7804 3071 26.7 27.5 26.7 27.7 27.5 27 26.6 -
2014-8-29 17:00:0025.2 23.6 27 25.1 1,012.4 0 91 84 294 1.6 7 1.8 12 2.7 26 2.9 27 4.9 8302 4460 27.4 30.5 27.4 28.5 27.9 27 26.4 -
2014-8-29 16:00:0026.7 24.4 27.3 26.4 1,012.1 0 87 83 294 2.5 308 2.3 298 2.5 292 3.1 309 4.8 - - 30.3 33.5 29.8 29.2 27.9 26.7 26.2 -
2014-8-29 15:00:0027 24.1 27.9 26.4 1,012.3 0 84 79 264 3.8 271 3.1 271 2.8 261 3.3 265 4.9 - - 32.1 36.5 31.1 29.3 27.5 26.3 25.9 -
2014-8-29 14:00:0026.4 24.3 26.6 25.9 1,012.3 0 88 84 288 1.6 246 1.5 251 1.7 287 2.3 275 3.6 - - 31 31.6 30.5 28.3 26.9 26 25.7 -
2014-8-29 13:00:0026 24 26.3 25.7 1,012.6 0 89 88 284 1.4 271 2.2 287 2.3 286 2.3 274 3.1 - - 30.5 31.5 29.3 27.8 26.5 25.7 25.6 -
2014-8-29 12:00:0025.7 24.1 26.1 25.1 1013 0 91 87 259 1.4 287 1.4 270 1.4 212 2.2 184 3 - - 30.4 30.7 28.4 27.2 26 25.4 25.4 -
2014-8-29 11:00:0026 24.2 26 24.4 1,013.3 0 90 89 300 2 355 0.8 312 0.9 288 1 300 2 - - 30.6 32 26.9 26.5 25.4 25.1 25.3 -
2014-8-29 10:00:0024.4 23.9 24.5 23.5 1,013.6 0 97 97 137 0.8 132 0.7 133 0.5 39 1 60 1.3 - - 27.5 27.9 25.3 25.4 25 24.9 25.3 -
2014-8-29 9:00:0023.6 23.6 23.6 23.1 1,013.5 0.3 100 100 8 0.6 21 0.9 21 0.8 353 1.4 346 2.4 - - 25.3 25.6 24.5 24.9 24.8 24.9 25.3 -
2014-8-29 8:00:0023.2 23.2 23.3 22.9 1,013.5 1 100 100 184 0.3 204 0.5 185 0.7 0 1.3 6 2 - - 24.6 25.1 23.9 24.5 24.6 24.9 25.3 -
2014-8-29 7:00:0023 23 23.1 22.9 1,012.8 1.6 100 100 63 0.6 46 0.7 53 1 24 1.5 34 2.6 - - 23.9 23.9 23.4 24.2 24.6 24.9 25.3 -
2014-8-29 6:00:0023 23 23.1 22.9 1,012.5 4.4 100 100 42 1.2 7 1.2 13 1.4 331 2.2 347 2.8 - - 23.5 23.6 23.4 24.3 24.8 25.1 25.4 -
2014-8-29 5:00:0023.1 23.1 23.7 23 1,012.9 18.1 100 100 340 2.5 336 2 331 2.4 357 3.7 353 6 - - 23.4 24.2 23.2 24.6 25.1 25.2 25.4 -
2014-8-29 4:00:0023.6 23.6 23.8 23.6 1,012.1 0.5 100 98 49 2.3 54 2 46 2.1 46 2.1 59 3.4 - - 24.2 24.4 24.1 24.9 25.2 25.4 25.7 -
2014-8-29 3:00:0023.8 23.5 23.8 23.6 1012 0 98 98 353 2 356 1.5 17 1.1 48 1.2 353 2 - - 24.5 24.5 24.3 25 25.3 25.5 25.7 -
2014-8-29 2:00:0023.7 23.4 23.8 23.6 1,012.4 0 98 97 53 0.6 47 0.9 47 1.3 35 1.4 31 2.2 - - 24.5 24.6 24.4 25 25.3 25.5 25.8 -
2014-8-29 1:00:0023.8 23.3 23.9 23.7 1,012.7 0 97 96 39 1.7 48 1.1 48 1.2 48 1.2 39 2 - - 24.5 24.6 24.5 25.1 25.4 25.6 25.9 -
2014-8-29 00:00:0023.8 23.3 23.9 23.7 1,013.7 0 97 96 81 0.7 86 0.7 69 0.8 54 0.9 60 1.4 - - 24.6 24.7 24.5 25.2 25.5 25.7 25.9 -
2014-8-28 23:00:0023.8 23.1 23.9 23.7 1,014.1 0 96 95 32 0.7 47 0.8 59 0.6 36 1.3 86 2.2 - - 24.6 24.7 24.5 25.3 25.7 25.9 26 -
2014-8-28 22:00:0023.9 23 23.9 23.7 1014 0 95 94 26 1 29 1.4 35 1.2 36 1.2 29 1.8 - - 24.6 24.9 24.6 25.4 25.8 25.9 26.1 -
2014-8-28 21:00:0023.9 23 24.1 23.9 1014 0 95 93 81 0.7 97 0.7 117 1 66 1.3 61 2.2 - - 24.9 25.1 24.8 25.6 25.9 26 26.1 -
2014-8-28 20:00:0024 22.8 24.2 24 1,013.8 0 93 92 53 0.5 54 0.5 78 1.1 71 1.6 79 2.7 - - 25.1 25.3 24.9 25.9 26.2 26.1 26.1 -
2014-8-28 19:00:0024.2 22.8 24.5 24.1 1,013.5 0 92 91 28 1.7 34 1.8 40 1.4 85 1.7 93 3.3 - - 25.3 25.9 25.2 26.3 26.5 26.3 26.2 -
2014-8-28 18:00:0024.5 22.9 25.2 24.5 1013 0 91 88 114 2 93 1.1 73 1.5 63 2.5 51 4.2 - - 26 27.1 25.9 26.8 26.7 26.4 26.1 -
2014-8-28 17:00:0025.1 23.3 25.6 25.1 1,012.9 0 90 87 13 1.1 35 2.3 54 2.1 63 2.6 70 3.9 - - 27 28.2 27 27.2 26.8 26.3 26 -
2014-8-28 16:00:0025.5 23.4 26.3 25.5 1,012.8 0 88 84 55 1.7 49 1.9 54 2.3 52 3 57 4.5 - - 28.2 31.1 28.2 27.8 26.9 26.1 25.8 -
2014-8-28 15:00:0026.3 23.4 26.7 25.4 1,012.8 0 84 82 59 2.5 65 2.8 56 2.8 80 3.2 86 5.7 - - 31 32.7 28 28 26.6 25.9 25.7 -
2014-8-28 14:00:0025.6 23.1 25.9 25.5 1,013.4 0 86 85 81 2.4 73 2.1 53 2.2 64 2.7 64 4.2 - - 28.1 29.9 28.1 27.3 26.4 25.6 25.4 -
2014-8-28 13:00:0025.6 23.3 25.9 25.5 1,013.9 0 87 85 64 3.5 61 2.5 63 2.4 63 2.4 90 3.9 - - 29.2 29.8 29 27.2 26.1 25.3 25.2 -
2014-8-28 12:00:0025.8 23.1 26.2 25.6 1014 0 85 83 131 1.9 77 1.6 89 1.8 90 2.8 97 4.7 - - 29.9 33 29.9 27.2 25.6 24.9 25 -
2014-8-28 11:00:0025.6 22.9 25.6 23.9 1,014.1 0 85 85 38 1.3 64 1.9 93 2.5 97 3.2 81 5.9 - - 30.7 31.3 25.6 25.8 24.7 24.6 24.9 -
2014-8-28 10:00:0023.8 22.1 24 23.4 1,014.7 0 90 89 89 3.3 91 2.7 76 2.4 66 2.9 58 5 - - 25.5 26 24.9 24.5 24.2 24.4 24.8 -
2014-8-28 9:00:0023.5 22.1 23.5 23 1,014.9 0 92 91 96 2.9 83 2.2 74 2.4 71 2.7 60 4.6 - - 24.8 25.1 23.8 24.1 24.1 24.3 24.8 -
2014-8-28 8:00:0023 21.8 23.1 22.5 1,014.4 0 93 91 70 1.8 66 1.9 53 1.6 53 2.1 74 4.4 - - 24 24 23.4 23.7 23.9 24.3 24.8 -
2014-8-28 7:00:0022.5 21.1 22.6 22 1,013.7 0 92 91 63 1.9 63 2.1 67 1.9 71 2.2 83 4 - - 23.4 23.4 22.5 23.4 23.8 24.2 24.9 -
2014-8-28 6:00:0022 21.2 22 21.5 1,013.3 0 95 95 84 4.1 81 2.4 78 2.1 78 2.1 84 4.1 - - 22.5 22.6 22.3 23.3 23.8 24.3 24.9 -
2014-8-28 5:00:0021.5 21.2 21.5 21.3 1,013.3 0 98 97 43 1.7 58 1.6 56 1.8 45 2.1 34 3.9 - - 22.4 22.4 22.2 23.3 23.8 24.4 25 -
2014-8-28 4:00:0021.3 21.1 21.4 21.1 1,013.3 0 99 98 47 2.3 50 2 39 1.7 45 2 20 3.3 - - 22.4 22.5 22.3 23.3 23.9 24.4 25.1 -
2014-8-28 3:00:0021 21 21.2 21 1,013.5 0 100 99 31 2.4 45 1.9 44 1.7 17 2.6 46 4.5 - - 22.4 22.4 22.2 23.3 23.9 24.5 25.1 -
2014-8-28 2:00:0021.2 21.2 21.2 21 1,013.9 0 100 99 6 1.8 13 2.2 19 1.9 20 1.9 8 3.3 - - 22.3 22.5 22.2 23.4 24 24.6 25.2 -
2014-8-28 1:00:0021 21 21.1 20.9 1,014.2 0.1 100 99 85 1.4 51 1.8 31 1.5 25 1.8 32 3.1 - - 22.4 22.4 22.2 23.4 24 24.7 25.3 -
2014-8-28 00:00:0020.9 20.7 21 20.8 1,014.7 0.1 99 96 29 2 28 1.3 29 1.3 73 2 77 4 - - 22.3 22.3 22.2 23.4 24.1 24.8 25.4 -
2014-8-27 23:00:0020.9 20.2 20.9 20.7 1,014.7 0 96 94 57 2 46 1.6 40 1.7 38 1.9 42 3.2 - - 22.3 22.3 22.2 23.5 24.2 24.9 25.5 -
2014-8-27 22:00:0020.7 19.7 20.8 20.4 1,014.6 0 94 94 50 1.3 33 1.6 47 1.8 58 2.2 53 3.9 - - 22.3 22.3 22.1 23.5 24.3 25 25.6 -
2014-8-27 21:00:0020.5 19.7 20.5 20.1 1,014.6 0 95 95 56 2.6 58 1.7 52 1.7 58 2.7 54 4.9 - - 22.1 22.2 22 23.7 24.5 25.2 25.8 -
2014-8-27 20:00:0020.2 19.5 20.7 20.2 1,014.8 0 96 96 49 3 48 2.6 42 2.5 63 3.9 79 7.3 - - 22.1 22.6 22 23.9 24.8 25.3 25.9 -
2014-8-27 19:00:0020.8 20.6 21.4 20.7 1014 0.3 99 98 15 1.2 29 2.4 35 2.7 48 3.2 58 5.4 - - 22.5 23 22.5 24.2 24.9 25.5 26 -
2014-8-27 18:00:0021.4 21.1 21.7 21.3 1,013.9 0.7 98 97 38 2.4 55 1.8 55 2.2 355 3.1 339 5.5 - - 22.9 23.4 22.8 24.5 25.1 25.6 26.1 -
2014-8-27 17:00:0021.6 21.1 21.7 21.5 1,013.7 0 97 95 4 2.3 0 3 25 3 47 3.5 52 5.4 - - 23.4 23.7 23.3 24.7 25.3 25.7 26.1 -
2014-8-27 16:00:0021.6 20.8 22 21.6 1,013.7 0 95 95 59 2.5 56 2.6 36 3.1 67 3.3 80 6.1 - - 23.7 24.5 23.6 25.1 25.5 25.8 26.2 -
2014-8-27 15:00:0021.8 21.1 22.3 21.8 1,013.5 0.1 96 94 61 2.9 64 2.5 70 2.6 66 2.8 65 5.8 - - 24.2 24.7 24.1 25.2 25.6 25.8 26.2 -
2014-8-27 14:00:0022.1 21.4 22.3 21.8 1,014.1 0 96 94 55 5.4 53 2.3 50 2.6 42 3 55 5.4 - - 24.6 25 24.6 25.4 25.6 25.8 26.2 -
2014-8-27 13:00:0021.8 21 22.2 21.8 1,014.5 0.5 95 94 79 3.7 56 2.7 62 2.7 36 3.1 25 5.5 - - 24.9 25.7 24.3 25.5 25.7 25.9 26.3 -
2014-8-27 12:00:0022.1 21.4 22.4 22 1,015.5 0.4 96 94 0 3.1 4 3.1 16 2.8 20 3.3 20 5.7 - - 24.7 25.3 24.7 25.4 25.7 25.9 26.3 -
2014-8-27 11:00:0022.4 21.4 23.3 22.4 1,015.4 1.6 94 88 38 2.3 24 2.4 27 2.2 26 2.6 8 4.4 - - 24.9 25.5 24.4 25.4 25.6 25.9 26.3 -
2014-8-27 10:00:0023.1 21.2 23.2 22.7 1,014.9 0 89 88 43 1.2 43 2.1 45 2.1 40 2.3 57 3.8 - - 25.4 25.7 25.1 25.4 25.5 25.9 26.4 -
2014-8-27 9:00:0022.7 21.9 22.7 22.3 1,014.6 0 95 94 70 2.7 69 2 55 2 58 2.3 46 3.8 - - 25.2 25.2 24.2 25 25.5 25.9 26.5 -
2014-8-27 8:00:0022.3 21.6 22.3 21.5 1,014.2 0 96 94 71 2.4 52 2.4 58 1.9 58 1.9 73 3.9 - - 24.7 24.7 23.4 24.8 25.4 26 26.6 -
2014-8-27 7:00:0021.6 20.8 21.6 21 1,013.9 0.1 95 94 66 1.8 56 1.6 51 1.7 62 2.5 73 4.5 - - 23.4 23.5 22.9 24.8 25.6 26.3 26.8 -
2014-8-27 6:00:0021 20.2 21.9 20.9 1,013.8 0.1 95 91 35 2.2 53 2.2 53 1.9 31 2.4 28 3.8 - - 23 23.2 22.9 24.9 25.8 26.4 26.9 -
2014-8-27 5:00:0021.9 20.7 22.3 21.9 1,013.8 0.2 93 88 2 1.1 7 1.7 351 2.2 344 2.3 349 3.9 - - 23.2 23.9 23.2 25.2 26.1 26.6 27.1 -
2014-8-27 4:00:0022.3 20.8 22.3 22.1 1,013.5 0 91 87 38 1.4 34 1.4 21 1.5 9 1.5 8 2.7 - - 23.8 24 23.7 25.5 26.3 26.8 27.3 -
2014-8-27 3:00:0022.3 20 23.6 22.2 1,013.7 0.1 87 82 72 1.3 84 1.6 94 1.5 174 3.7 174 5.2 - - 23.8 24.3 23.8 25.7 26.5 27 27.4 -
2014-8-27 2:00:0023.7 21.2 24.2 23.7 1,014.1 0 86 86 167 4.5 175 3.1 181 3.5 182 3.5 198 7.3 - - 24.3 25 24.3 26.2 26.8 27.2 27.5 -
2014-8-27 1:00:0024.1 23.2 24.4 24.1 1014 0.2 95 92 129 1 119 1.3 118 1.6 119 1.7 117 2.8 - - 24.9 25.2 24.9 26.4 27 27.4 27.7 -
2014-8-27 00:00:0024.4 23 24.5 24.3 1,014.7 0 92 90 126 1 130 0.6 106 0.8 98 1.4 93 2.5 - - 25.2 25.5 25.1 26.7 27.2 27.6 27.9 -
2014-8-26 23:00:0024.4 23.4 24.7 24.4 1,014.5 0 94 91 29 1.3 88 0.9 108 0.8 112 1.7 121 3.3 - - 25.4 25.6 25.3 26.9 27.5 27.8 28 -
2014-8-26 22:00:0024.7 23.3 25.1 24.7 1,014.2 0 92 90 92 2 91 1 107 1.6 111 2 75 3.4 - - 25.6 25.9 25.5 27.2 27.9 28.1 28.2 -
2014-8-26 21:00:0025.1 23.5 25.2 25 1,014.4 0 91 90 52 1.4 35 1.1 60 1.2 81 1.5 84 2.8 - - 25.9 26.4 25.8 27.6 28.2 28.3 28.3 -
2014-8-26 20:00:0025 23.4 25.7 25 1014 0 91 87 83 1.8 89 1.3 93 1.4 97 1.6 97 2.6 - - 26.4 27 26.3 28 28.6 28.6 28.4 -
2014-8-26 19:00:0025.7 23.4 26 25.7 1,013.7 0 87 86 88 0.6 105 1.3 104 1.3 108 1.6 101 2.8 - - 26.9 27.7 26.9 28.6 29 28.9 28.6 -
2014-8-26 18:00:0026 23.9 26.7 26 1013 0 88 85 117 2.8 107 1.8 113 1.5 110 2.1 117 2.8 - - 27.7 29 27.7 29.3 29.5 29 28.6 -
2014-8-26 17:00:0026.7 24 27.3 26.7 1,012.9 0 85 83 103 2.4 111 1.7 111 2.1 111 2.6 89 4.3 - - 29 30.6 29 30.1 29.9 29.2 28.5 -
2014-8-26 16:00:0027.3 24.2 27.7 27.3 1,012.7 0 83 78 92 1.1 112 1.8 111 1.8 119 2 108 3 - - 30.8 32.4 30.8 30.9 30.1 29.1 28.4 -
2014-8-26 15:00:0027.5 23.3 27.6 26.5 1,012.8 0.5 78 77 87 0.1 122 0.3 115 0.9 199 2.1 192 2.6 - - 32.1 32.9 29.6 31 30.1 29.1 28.2 -
2014-8-26 14:00:0026.7 23 28.6 26.7 1,013.3 0 80 69 209 1.9 199 2 197 2.1 205 2.7 230 3.6 - - 29.6 35.9 29.6 31.7 30.6 29 28 -
2014-8-26 13:00:0028.7 22.9 29.8 28.6 1,013.7 0 71 64 210 2.2 207 2.9 205 2.6 205 2.6 197 4.5 - - 36.1 40.6 36.1 33 30.4 28.5 27.5 -
2014-8-26 12:00:0029.6 22.6 30.3 29.3 1,014.2 0 66 59 163 1.1 124 1.3 145 1.7 171 2.3 167 3.8 - - 39.7 41.9 39.3 32.8 29.6 27.8 27.1 -
2014-8-26 11:00:0030 21.7 30 29 1,014.7 0 61 61 38 1.4 62 1.5 27 1.7 99 2.5 83 4.4 - - 40 40 37.4 31.2 28.4 27 26.8 -
2014-8-26 10:00:0029.6 22.3 29.6 28.2 1,014.7 0 65 64 104 2.1 93 2 71 1.8 23 2.1 68 3.5 - - 37.5 37.6 33.9 29.3 27.2 26.4 26.5 -
2014-8-26 9:00:0028.2 21.5 28.3 26.8 1,014.6 0 67 66 23 1.1 2 2 21 2.2 22 3 14 4.2 - - 33.7 33.7 30.3 27.4 26.2 26 26.4 -
2014-8-26 8:00:0026.8 23.3 26.8 24.1 1,014.4 0 81 80 38 1.4 21 1.1 41 1.2 33 1.6 30 2.7 - - 30.2 30.2 25.3 25.8 25.5 25.9 26.5 -
2014-8-26 7:00:0024.2 23.7 24.2 22.5 1014 0 97 97 10 1 15 1 40 0.9 7 1.1 7 1.8 - - 26 26.4 23 24.7 25.2 25.9 26.6 -
2014-8-26 6:00:0022.6 22.6 22.6 22.2 1,013.4 0 100 100 50 0.8 43 0.9 47 0.8 355 1.2 6 1.5 - - 23.1 23.1 22.3 24.4 25.3 26.1 26.8 -
2014-8-26 5:00:0022.3 22.3 22.5 22.3 1,012.9 0 100 99 6 0.9 12 0.8 23 0.9 12 1 19 1.3 - - 22.3 22.5 22.2 24.5 25.6 26.3 27 -
2014-8-26 4:00:0022.3 22.3 22.6 22.3 1,012.8 0 100 100 18 0.8 18 0.8 5 0.9 358 1.1 7 1.4 - - 22.5 22.7 22.4 24.8 25.8 26.6 27.2 -
2014-8-26 3:00:0022.3 22.3 23 22.3 1,012.8 0 100 99 54 0.6 51 0.5 66 0.4 351 1 8 1.4 - - 22.7 23.1 22.7 25.1 26.2 26.9 27.4 -
2014-8-26 2:00:0022.9 22.9 23.1 22.9 1,012.7 0 100 98 345 1 345 0.6 341 0.7 341 1 347 1.4 - - 23.1 23.5 23.1 25.4 26.4 27.1 27.6 -
2014-8-26 1:00:0023.2 23 23.5 23.1 1,012.6 0 99 98 335 0.5 326 0.3 322 0.4 345 0.9 348 1.1 - - 23.4 23.9 23.4 25.8 26.8 27.4 27.8 -
2014-8-26 00:00:0023.5 23.3 24.1 23.5 1,012.9 0 99 96 58 0.3 69 0.4 85 0.4 355 0.7 356 1.4 - - 23.9 24.4 23.8 26.2 27.1 27.7 28 -
2014-8-25 23:00:0024.1 23.6 24.6 24.1 1013 0 97 94 189 0.7 198 0.7 162 0.5 42 1.3 64 1.9 - - 24.4 24.9 24.3 26.6 27.5 28 28.2 -
2014-8-25 22:00:0024.6 23.7 25.2 24.6 1,012.8 0 95 90 40 1.6 51 1 41 1.2 32 2 55 3 - - 24.9 25.3 24.8 27.1 27.9 28.3 28.4 -
2014-8-25 21:00:0025.1 23.2 25.7 25 1,012.4 0 89 82 23 3.4 32 2.2 25 1.6 25 1.6 23 3.4 - - 25.3 25.8 25.3 27.6 28.4 28.6 28.6 -
2014-8-25 20:00:0025.6 22.3 26.4 25.5 1,011.6 0 82 76 68 0.6 38 1 24 1 355 1.5 0 2.5 - - 25.8 26.5 25.8 28.2 29 29 28.8 -
2014-8-25 19:00:0026.4 22 27.8 26.4 1,010.8 0 77 71 354 1.6 3 1.1 3 1.4 345 2.2 345 3.4 - - 26.5 28.4 26.5 29.1 29.5 29.3 28.8 -
2014-8-25 18:00:0027.8 22.7 28.6 27.8 1,010.3 0 74 72 349 2 349 1.4 346 1.8 326 2.9 293 5.3 - - 28.5 30.8 28.5 30.2 30.1 29.5 28.8 -
2014-8-25 17:00:0028.4 23.8 28.8 28.1 1,009.8 0 76 71 314 1 303 1.7 311 2.1 304 3.8 308 5.8 - - 30.3 32.7 30.3 31 30.6 29.6 28.8 -
2014-8-25 16:00:0028.5 23 29.7 28.5 1,009.2 0 72 68 295 3.5 292 3.3 280 3.2 280 4.1 305 6.4 - - 32.1 36.5 32 32 31 29.6 28.5 -
2014-8-25 15:00:0029.2 22.4 30.2 29.2 1,009.4 0 67 65 300 3.2 266 4.1 277 4 291 4.5 280 7 - - 34.8 40 34.8 33.2 31 29.2 28.3 -
2014-8-25 14:00:0029.8 23.5 29.8 29 1,009.6 0 69 67 280 2 302 4 286 4.3 298 4.8 304 7.6 - - 39.7 39.8 38.1 33 30.5 28.7 27.9 -
2014-8-25 13:00:0029.1 23.5 29.1 28.5 1,009.8 0 72 71 308 5.2 303 4.2 299 4.3 284 4.3 302 7.3 - - 39.5 40.1 37.8 32.4 29.7 28.2 27.6 -
2014-8-25 12:00:0029.1 23.3 29.2 28 1,010.1 0 71 71 297 5.7 293 4.5 283 4.2 290 4.4 297 7.3 - - 39.3 40.4 34.7 31.1 28.8 27.6 27.3 -
2014-8-25 11:00:0028.7 23.6 28.9 26.5 1,010.3 0 74 74 312 4.1 306 3.9 307 4.2 298 4.4 296 7.2 - - 36.1 39.2 29.5 29.4 27.9 27.2 27.2 -
2014-8-25 10:00:0026.4 24.1 27.5 26.4 1,010.4 0 87 83 282 2.8 270 3.8 273 3.4 268 4.2 295 6.9 2960 2960 29.5 33.4 29.3 28.5 27.4 26.9 27 -
2014-8-25 9:00:0027.2 24.5 27.2 26.3 1,010.1 0 85 84 286 3.8 280 3 288 3.4 311 3.8 297 6.2 4984 2642 32.2 32.5 28.9 27.5 26.8 26.7 27 -
2014-8-25 8:00:0026.5 24.3 26.5 25.3 1,009.3 0 88 88 300 4.9 303 3.7 311 3.2 300 4 326 7.6 4903 3419 29 29.5 26.2 26.6 26.4 26.6 27.1 -
2014-8-25 7:00:0025.3 24.1 25.3 24.9 1,008.6 0 93 93 301 2.4 299 3.1 303 3.4 305 4.5 295 7 3914 2009 26.3 26.3 24.9 25.9 26.3 26.7 27.2 -
2014-8-25 6:00:0024.8 23.9 24.9 24.7 1008 0 95 94 287 4 308 3.6 302 4.1 302 4.3 295 7 3303 3303 24.9 24.9 24.6 25.7 26.3 26.8 27.3 -
2014-8-25 5:00:0024.7 23.8 24.8 24.5 1,007.5 0 95 94 303 3.9 291 3.5 289 3 294 3.7 251 6.9 4343 2774 24.6 24.7 24.5 25.8 26.5 27 27.5 -
2014-8-25 4:00:0024.6 23.6 25 24.6 1,006.9 0 94 92 269 2.2 290 3.1 294 3.8 294 5.1 283 8.8 5456 1685 24.6 24.9 24.5 26 26.7 27.3 27.6 -
2014-8-25 3:00:0025 23.6 25.1 24.6 1,006.9 0 92 90 293 3.8 294 3.9 292 4.1 291 5.7 304 9.7 6653 2734 24.8 24.9 24.6 26.2 27 27.4 27.8 -
2014-8-25 2:00:0024.7 23.5 25.4 24.3 1,006.6 0 93 89 268 3.8 287 4.5 292 5.1 274 6.8 275 11.9 8793 5311 24.7 25.2 24.7 26.5 27.3 27.7 28 -
2014-8-25 1:00:0025.4 23.6 26.1 25.4 1,006.3 0 90 88 248 7.5 270 5.1 274 5.4 273 5.5 272 9.4 11153 7173 25.2 25.6 25.1 26.8 27.5 27.9 28.1 -
2014-8-25 00:00:0026.1 24.3 26.5 26.1 1,006.6 0 90 89 256 4.3 267 4.7 261 4 249 4.1 274 8.3 8337 4329 25.6 26.3 25.5 27.2 27.8 28.2 28.3 -
2014-8-24 23:00:0026.4 25.7 26.8 26.4 1,006.5 0 96 91 230 3.1 220 2.9 215 3.5 211 4.5 185 8.1 7870 4693 26.2 26.3 26.1 27.4 28 28.4 28.5 -
2014-8-24 22:00:0026.7 25.3 26.8 25.5 1,006.4 0.6 92 90 174 4.4 207 4.5 211 4.7 202 5.9 210 9.6 8529 4745 26.1 26.2 26 27.6 28.4 28.7 28.7 -
2014-8-24 21:00:0025.5 25.3 25.6 24 1006 5.8 99 97 268 4.1 240 2.7 254 3 256 6.5 239 8.3 8801 633 26.2 26.2 24.7 28 28.9 29.1 28.9 -
2014-8-24 20:00:0024.2 23.5 29.7 24.2 1,006.4 7.7 96 81 248 4 263 6.9 253 6.6 253 6.6 278 12 661 411 24.6 29.3 24.5 29.4 29.9 29.6 29 -
2014-8-24 19:00:0029.6 27.2 30.1 29.6 1,004.1 0 87 83 132 2.4 168 2.3 160 2.3 160 2.3 137 3.8 4120 2408 29.2 30.1 29.2 30.3 30.3 29.7 29.1 -
2014-8-24 18:00:0030.1 26.9 31.6 30.1 1004 0 83 78 183 1.1 163 1.6 168 1.3 147 1.7 154 2.7 4875 1119 30.1 31.9 30.1 31 30.7 29.8 29.1 -
2014-8-24 17:00:0031.6 27.3 32 31.5 1,003.2 0 78 75 124 0.7 122 0.5 113 0.6 160 0.8 161 1 3526 3249 31.8 32.6 31.8 31.6 30.9 29.9 29 -
2014-8-24 16:00:0032 27 32.9 31.9 1,003.1 0 75 68 144 0.7 169 0.7 188 0.8 285 1.2 308 1.8 4360 2727 32.7 34.4 32.7 32.3 31.2 29.9 28.9 -
2014-8-24 15:00:0032.9 26.2 33.5 32.9 1,003.4 0 68 65 303 1.2 282 0.8 237 0.8 198 1.7 198 3 6738 2527 34.5 37.6 34.5 32.9 31.2 29.7 28.6 -
2014-8-24 14:00:0033.2 26.2 33.2 32.5 1,003.7 0 67 66 238 1.1 218 1.3 189 1.1 185 2.1 177 3.2 2257 2257 37.3 37.9 36.2 32.9 31 29.3 28.3 -
2014-8-24 13:00:0032.7 26.5 32.9 32.1 1,004.3 0 70 70 175 2.3 185 2 205 1.6 187 2.2 184 3.3 4413 1477 37.6 38.7 37.2 32.8 30.6 28.9 28 -
2014-8-24 12:00:0032.3 26.8 32.3 31.6 1005 0 73 72 219 1.7 232 2 233 1.8 197 2.3 221 3.5 4064 1907 38.3 38.3 36.2 32.3 30.1 28.5 27.7 -
2014-8-24 11:00:0031.6 26.8 31.8 30.5 1,005.2 0 76 75 186 2.5 197 2.3 201 2.2 201 2.2 209 3.9 4029 2866 37.7 40.4 37.1 32 29.4 27.9 27.3 -
2014-8-24 10:00:0030.4 27.2 30.6 30 1,005.7 0 83 82 188 2.2 167 1.5 165 1.8 171 2.5 164 4.1 2985 1845 37 38.5 35.8 30.7 28.4 27.3 27.1 -
2014-8-24 9:00:0029.9 27.5 30.1 28.4 1,005.7 0 87 85 187 2.4 172 2.2 166 2.2 165 2.3 150 3.8 4289 3412 36.3 36.3 31.5 28.9 27.3 26.9 26.9 -
2014-8-24 8:00:0028.4 27.3 28.4 25.9 1,005.7 0 94 94 177 1.6 159 2.2 167 2.2 167 2.2 161 3 3212 1030 31.3 31.3 26.3 27.2 26.7 26.8 27.1 -
2014-8-24 7:00:0025.9 25.9 25.9 25.5 1,005.5 0 100 100 86 0.4 106 0.4 105 0.7 110 1.1 126 1.6 1338 949 26.2 26.3 25.4 26.3 26.6 26.9 27.1 -
2014-8-24 6:00:0025.5 25.5 25.6 25.2 1,005.4 0 100 100 94 0.4 102 0.5 100 0.8 97 1 109 1.3 1149 821 25.4 25.4 25.1 26.2 26.7 27 27.2 -
2014-8-24 5:00:0025.2 25.2 25.3 25.1 1,004.9 0 100 99 85 0.3 111 0.5 118 0.9 94 1.2 77 1.7 1875 1577 25.3 25.4 25.1 26.3 26.9 27.2 27.4 -
2014-8-24 4:00:0025.1 24.9 25.2 24.9 1005 0 99 98 97 0.7 97 0.8 96 0.8 115 1.3 115 1.8 2989 1392 25.3 25.6 25.2 26.5 27 27.3 27.5 -
2014-8-24 3:00:0025 24.7 25.3 25 1,005.2 0 98 96 54 0.4 61 0.5 76 0.6 315 0.8 79 0.9 6066 1627 25.3 26 25.3 26.8 27.3 27.5 27.7 -
2014-8-24 2:00:0025.3 24.8 25.4 25.1 1,005.9 0 97 95 315 0.5 299 0.5 317 0.9 358 1.4 352 2.7 3647 2452 26 26.1 25.8 27 27.5 27.7 27.8 -
2014-8-24 1:00:0025.2 24.7 25.2 24.9 1,006.3 0 97 95 40 0.5 61 0.4 58 0.7 40 1.8 64 3 6061 2888 25.9 26.2 25.9 27.2 27.7 27.9 28 -
2014-8-24 00:00:0024.9 24.2 25.6 24.9 1,006.9 0 96 93 47 1.8 39 1.7 33 1.7 354 2.4 10 3.7 4455 2604 26 26.4 26 27.5 28 28.1 28.1 -
2014-8-23 23:00:0025.6 24.2 27.4 25.6 1,007.1 0 92 90 342 2 344 1.6 337 2.2 313 4 298 7.4 5151 1976 26.3 27.6 26.3 28 28.4 28.3 28.2 -
2014-8-23 22:00:0027.3 26.8 27.7 27.3 1007 0 97 95 148 0.3 157 0.9 142 1.3 86 1.9 81 3.2 2290 1567 27.5 27.7 27.4 28.4 28.6 28.5 28.4 -
2014-8-23 21:00:0027.5 26.8 27.7 27.5 1,007.2 0 96 93 110 1.7 124 1.6 125 1.6 129 2.5 133 5 3026 2443 27.6 27.9 27.5 28.6 28.9 28.8 28.5 -
2014-8-23 20:00:0027.7 26.5 27.9 27.6 1,006.9 0 93 91 118 1.7 119 1.9 117 2 111 2.1 107 3.5 7316 6031 27.8 28.4 27.8 29.1 29.3 29 28.6 -
2014-8-23 19:00:0027.9 26.3 28.5 27.9 1,006.4 0 91 86 121 2.1 117 1.9 113 1.9 119 2.3 123 3.9 8432 7784 28.3 29 28.3 29.7 29.7 29.3 28.7 -
2014-8-23 18:00:0028.4 25.8 28.9 28.4 1,005.4 0 86 85 116 2.5 117 2.3 121 1.8 118 2.9 137 3.9 12599 6734 29.1 30.6 29.1 30.4 30.2 29.4 28.6 -
2014-8-23 17:00:0029 26.4 29.4 28.9 1,005.5 0 86 84 112 1.8 121 2.5 115 3 115 3 111 4.8 10090 2917 30.7 33 30.7 31.3 30.6 29.6 28.6 -
2014-8-23 16:00:0029.2 26.2 30.4 29.2 1,005.7 0 84 76 117 2.6 131 2.4 135 1.9 146 3.6 148 6.3 5022 4045 32 37.9 32 32.1 31 29.6 28.4 -
2014-8-23 15:00:0030.1 25.4 30.9 30.1 1,005.7 0 76 67 128 5.1 144 3 142 2.7 144 2.8 128 5.1 7171 2719 34.2 36.7 34.1 32.7 31.1 29.3 28.1 -
2014-8-23 14:00:0030.8 24.2 31.3 30.7 1,006.3 0 68 65 139 1.8 118 1.9 108 2.3 165 2.5 142 4.1 10940 5697 36.8 40 36.8 33.6 31 28.9 27.7 -
2014-8-23 13:00:0030.8 24.9 31.2 30.4 1,006.6 0 71 69 191 3.2 168 2.5 165 2.5 157 3.2 188 5.3 9276 4169 38.7 43.6 38.7 33.7 30.5 28.3 27.2 -
2014-8-23 12:00:0030.4 25.2 30.5 29.6 1,007.3 0 74 74 162 2.9 150 3.8 163 3.2 168 3.6 168 5.8 15236 4363 42.6 42.6 38.9 32.7 29.3 27.5 26.8 -
2014-8-23 11:00:0029.6 26 30.4 29.3 1008 0 81 78 151 1.6 179 2.9 181 3.5 179 3.6 183 5 7620 4752 40.3 41 37.4 31 28 26.8 26.5 -
2014-8-23 10:00:0029.3 27.3 29.3 26.5 1,008.2 0 89 89 88 2.1 99 2.2 97 2.3 110 2.6 110 3.6 6752 1182 37.7 37.7 29.2 28.2 26.7 26.3 26.4 -
2014-8-23 9:00:0026.5 26.5 26.6 25.6 1,008.5 0 100 100 169 0.7 108 1.7 102 2 102 2 95 3.3 2107 994 29 29 26.3 26.5 26.2 26.2 26.4 -
2014-8-23 8:00:0025.8 25.8 25.8 25.3 1,008.5 0 100 100 115 1.7 117 2.2 103 1.7 103 1.7 122 2.9 1423 963 26.4 26.7 25.8 26.1 26.1 26.2 26.5 -
2014-8-23 7:00:0025.3 25.3 25.3 25 1,008.2 0 100 100 54 0.5 64 0.6 85 0.8 96 1.1 88 2 717 567 25.8 25.8 25.3 25.9 26 26.3 26.5 -
2014-8-23 6:00:0025.1 25.1 25.2 24.9 1,007.9 0 100 100 91 0.6 96 0.7 72 0.9 90 1.3 87 2 547 547 25.4 25.4 24.9 25.8 26.1 26.4 26.7 -
2014-8-23 5:00:0025 25 25 24.9 1,007.7 0 100 100 100 1.3 92 1.2 91 1.3 106 1.7 109 2.7 1079 935 24.9 25 24.7 25.8 26.3 26.6 26.9 -
2014-8-23 4:00:0025 25 25.1 24.9 1,007.5 0 100 100 113 1.5 107 1.6 109 1.7 105 1.8 87 2.8 1326 1095 24.8 25.1 24.8 25.9 26.4 26.7 27 -
2014-8-23 3:00:0025.1 25.1 25.2 25 1008 0 100 100 99 1.8 99 1.4 101 1.5 102 1.7 113 2.6 1520 938 25.1 25.4 25 26.2 26.6 26.9 27.1 -
2014-8-23 1:00:0025 25 25.3 25 1,008.6 0 100 99 119 1.9 100 1.7 104 1.6 108 1.7 113 2.5 2235 1422 25.2 25.4 25.1 26.4 27 27.2 27.4 -
2014-8-23 00:00:0025.2 25.2 25.6 25.2 1009 0 100 98 92 0.7 105 1.1 100 1.3 115 1.8 110 2.4 2832 1346 25.3 25.6 25.3 26.7 27.3 27.5 27.5 -
2014-8-22 23:00:0025.6 25.4 26.1 25.6 1,009.1 0 99 97 99 1.2 111 1.4 117 1.9 127 2.5 128 4.4 4668 2587 25.6 25.9 25.6 27.1 27.6 27.7 27.7 -
2014-8-22 22:00:0026.1 25.6 26.2 26 1,009.3 0 97 95 126 2.7 123 2.3 121 2.2 131 3 127 5.3 17739 2252 25.9 26.3 25.9 27.4 27.9 28 27.9 -
2014-8-22 21:00:0026.1 25.2 26.4 26 1,009.3 0 95 93 128 2.7 114 2.2 120 2.3 129 2.9 145 5.1 6170 2190 26.3 26.6 26.2 27.9 28.4 28.3 28 -
2014-8-22 20:00:0026.3 25.1 26.4 26.1 1009 0 93 93 123 1.4 135 1.9 138 2.7 140 3.2 131 6.1 4346 1315 26.6 27.1 26.5 28.5 28.9 28.7 28.2 -
2014-8-22 19:00:0026.3 25.3 27 26.3 1,008.5 0 94 90 144 4.1 120 2.4 128 2.6 123 3.3 149 5.3 8779 2325 27.2 28.4 27.1 29.2 29.5 28.9 28.2 -
2014-8-22 18:00:0027 25.2 28.4 27 1,008.4 0 90 82 111 3.5 117 3.1 125 3.2 139 4.1 143 7 9403 3546 28.5 32.4 28.5 30.4 30.1 29.1 28.1 -
2014-8-22 17:00:0028.3 24.9 28.8 28 1,008.2 0 82 80 123 4.4 138 3 142 3.9 142 4.6 119 7.8 7755 3302 32.3 35.1 31.9 31.5 30.5 29.2 28 -
2014-8-22 16:00:0028.1 25.1 29.6 28.1 1,008.2 0 84 78 134 3 142 3.7 142 3.5 143 4.4 142 6.6 6443 4441 31.8 38.1 31.7 32.2 30.9 29.1 27.7 -
2014-8-22 15:00:0029.5 25 30.6 29.5 1,008.2 0 77 74 128 6.7 132 4.3 147 3.5 147 3.5 128 6.7 6170 2863 37.8 41.5 36.3 33.4 30.9 28.7 27.3 -
2014-8-22 14:00:0030.3 25.1 30.7 29.8 1,008.9 0 74 71 122 1.2 158 2 160 2.7 134 3.3 122 5.8 12658 2673 39.9 42 39.8 33.5 30.2 28.1 26.9 -
2014-8-22 13:00:0029.7 25.7 30.2 29.4 1,009.6 0 79 75 147 4.3 155 3.4 160 2.8 166 3.9 192 5.7 10138 2482 39.8 40.9 36.4 32.2 29.4 27.4 26.4 -
2014-8-22 12:00:0029.6 25.4 30 29.1 1,010.3 0 78 73 148 3.8 161 2.8 166 3.5 165 3.7 188 5.6 8348 2603 39.7 41.8 36.7 31.4 28.4 26.7 26.1 -
2014-8-22 11:00:0029.1 24.9 29.2 28.2 1,010.6 0 78 77 163 2.2 138 2.1 149 3 128 3.2 119 5.3 10123 2496 36.4 38.2 34.9 29.9 27.3 26 25.7 -
2014-8-22 10:00:0028.5 25.3 28.5 27.3 1,011.1 0 83 82 150 1.4 165 2.3 141 2.5 145 3 145 5.3 5653 2499 35.4 35.4 31.3 28.2 26.3 25.5 25.5 -
2014-8-22 9:00:0027.5 25.1 27.5 25.9 1,011.1 0 87 87 134 3.3 133 3.5 143 2.8 143 2.8 122 4.8 8430 2358 32.5 32.5 27.9 26.5 25.5 25.2 25.4 -
2014-8-22 8:00:0026 24.8 26 24.1 1,010.9 0 93 93 113 2.4 117 1.9 103 1.9 103 1.9 115 2.7 3072 1017 27.9 28 25.3 25.4 25 25.1 25.5 -
2014-8-22 7:00:0024.1 23.9 24.1 22.8 1,010.7 0 99 99 89 1.6 89 1.3 91 1.4 105 1.6 97 2.7 2204 1137 25.3 25.3 23.4 24.5 24.7 25.1 25.6 -
2014-8-22 6:00:0022.8 22.8 22.8 22.3 1,010.5 0 100 100 64 0.9 68 1.2 53 1 102 1.2 84 1.9 1816 1099 23.4 23.4 22.3 24.1 24.7 25.3 25.7 -
2014-8-22 5:00:0022.4 22.4 22.8 22.4 1,010.4 0 100 99 35 1 59 0.9 62 0.9 59 1 63 1.6 1683 1160 22.4 22.7 22.4 24.1 24.9 25.5 25.9 -
2014-8-22 4:00:0022.8 22.8 23.1 22.7 1,010.6 0 100 98 79 1.3 54 0.9 53 0.8 101 1.4 114 2.2 1755 1287 22.7 23.1 22.6 24.5 25.2 25.7 26.1 -
2014-8-22 3:00:0023.1 22.9 23.7 23.1 1,010.7 0 99 97 99 1.1 102 1.1 100 1.3 101 1.6 108 2.5 2039 1130 23.1 23.7 23 24.8 25.5 25.9 26.2 -
2014-8-22 2:00:0023.8 23.1 24.6 23.7 1,010.8 0 96 93 107 0.7 92 1.1 104 1.3 137 1.5 130 2.5 2479 1280 23.6 23.9 23.5 25.1 25.7 26.1 26.4 -
2014-8-22 1:00:0024.5 23.5 24.9 24.5 1,011.1 0 94 92 106 0.6 142 1 142 1.5 157 2.3 158 3.8 4061 3008 23.9 24 23.8 25.3 25.9 26.3 26.5 -
2014-8-22 00:00:0024.9 23.5 25.1 24.9 1,011.1 0 92 90 164 1.6 162 2.2 157 2.1 155 3.1 150 6.2 4906 1495 24 24.3 24 25.6 26.3 26.6 26.7 -
2014-8-21 23:00:0025.1 23.9 25.1 25 1011 0 93 91 158 2.8 152 2.3 149 2.7 157 3.2 150 5.8 4656 1755 24.2 24.5 24.2 26 26.6 26.9 26.9 -
2014-8-21 22:00:0025 23.6 25.1 24.5 1011 0 92 91 131 1.5 149 2.4 147 2.6 146 2.9 152 4.9 4414 1646 24.5 24.7 24.4 26.3 27.1 27.2 27.1 -
2014-8-21 21:00:0024.5 23.3 24.7 24.3 1,010.7 0 93 91 109 2.6 126 2 125 1.9 123 2.3 140 4 3376 1639 24.7 25.3 24.7 26.9 27.6 27.6 27.3 -
2014-8-21 20:00:0024.7 23.3 25.7 24.7 1,010.3 0 92 86 105 1.9 120 2.3 111 1.8 129 3 122 5.2 5161 1523 25.3 26.2 25.3 27.7 28.2 27.9 27.3 -
2014-8-21 19:00:0025.6 23.3 27 25.6 1,009.7 0 87 81 162 1.9 129 2.4 125 2.4 124 2.6 122 4.4 4234 1391 26.2 28.4 26.2 28.7 28.9 28.2 27.4 -
2014-8-21 18:00:0027.2 23.7 29 27.1 1,009.4 0 81 64 98 1.6 129 2.6 134 2.2 155 2.3 173 4.2 6338 2301 28.4 31.4 28.4 30.1 29.6 28.4 27.3 -
2014-8-21 17:00:0029 21.8 29.8 29 1,009.3 0 65 60 164 1.5 171 1.4 180 1.6 186 2 174 2.9 5541 2341 31.5 34.6 31.4 31.2 29.9 28.3 27 -
2014-8-21 16:00:0029.6 21.3 29.9 29.4 1009 0 61 60 203 1.7 203 1.6 205 1.6 208 2.5 200 3.3 6648 1655 34.9 37.4 34.8 32.1 30.1 28.1 26.7 -
2014-8-21 15:00:0029.4 21.4 29.8 28.4 1,009.2 0 62 60 232 1.9 213 1.6 217 1.7 221 1.9 186 3.4 6704 3308 37.3 39.6 35.9 32.6 29.9 27.7 26.3 -
2014-8-21 14:00:0028.4 21.2 29.3 28.3 1,009.8 0 65 54 125 1.3 179 1.3 196 1.5 200 2.1 187 3.2 5085 3697 35.4 41.8 35.1 32.4 29.5 27 25.7 -
2014-8-21 13:00:0028.7 19.6 28.8 27.5 1,010.1 0 58 58 218 2.2 213 2.3 206 2.1 199 2.9 201 4.1 12565 4124 39.6 41.3 39.6 32.4 28.7 26.3 25.2 -
2014-8-21 12:00:0027.6 21.9 27.6 26.9 1,010.4 0 71 71 209 2.4 207 3 200 2.9 191 3 206 4.7 12228 4235 39.6 39.7 38.3 31.1 27.5 25.4 24.7 -
2014-8-21 11:00:0026.9 21.9 27 26.2 1011 0 74 74 218 2 207 2.3 203 2.3 207 2.9 205 4.1 6520 3052 38.2 38.5 35.5 29.4 26.1 24.5 24.2 -
2014-8-21 10:00:0026.3 22.6 26.3 25.2 1,011.2 0 80 79 224 2 181 2 194 2.2 194 2.3 200 3.6 6459 2273 35.6 35.7 29.1 27.1 24.7 23.9 24 -
2014-8-21 9:00:0025.4 22.7 25.5 24.3 1,011.1 0 85 85 203 2.5 197 1.6 288 0.9 251 1.5 203 2.5 4362 2610 29.7 31.4 27.9 25.2 23.8 23.4 23.8 -
2014-8-21 8:00:0024.4 23.7 24.4 22.5 1,010.8 0 96 95 270 1 239 1.2 346 0.9 300 0.9 281 1.8 4532 1611 29.7 29.7 24.4 23.5 22.9 23.1 23.7 -
2014-8-21 7:00:0022.4 22.4 22.4 20.2 1,010.4 0 100 100 320 0.2 348 0.3 3 0.4 54 0.7 52 0.9 3081 1192 24.4 24.4 20.6 22.1 22.4 23.1 23.8 -
2014-8-21 6:00:0020.3 20.3 20.3 19.9 1010 0 100 100 57 0.5 56 0.5 76 0.5 46 0.7 51 0.8 1052 710 20.5 20.5 19.7 21.6 22.5 23.3 24 -
2014-8-21 5:00:0020.2 20.2 20.5 20.1 1,009.6 0 100 100 53 0.5 59 0.6 51 0.5 346 0.9 9 1.3 978 673 19.8 20 19.7 21.7 22.7 23.5 24.1 -
2014-8-21 4:00:0020.4 20.4 20.8 20.3 1,009.3 0 100 100 347 0.7 345 0.7 342 0.7 301 1.2 296 1.7 1052 942 19.9 20.3 19.9 22 22.9 23.6 24.3 -
2014-8-21 3:00:0020.8 20.8 21.4 20.8 1,009.3 0 100 100 341 0.6 340 0.6 337 0.6 275 1 279 1.4 1522 982 20.3 20.7 20.2 22.2 23.1 23.8 24.4 -
2014-8-21 2:00:0021.4 21.4 21.8 21.2 1,009.3 0 100 100 275 1 284 0.8 275 1 272 2 248 3 2525 1542 20.7 21.3 20.7 22.5 23.3 23.9 24.5 -
2014-8-21 1:00:0021.2 21.2 21.2 20.9 1,009.4 0 100 100 303 2.2 293 1.8 290 1.7 290 1.7 276 2.5 5781 1241 21.2 21.2 20.9 22.7 23.5 24.1 24.6 -
2014-8-21 00:00:0021 21 21.2 20.9 1,009.6 0 100 100 282 1.4 279 0.9 277 1.1 295 1.5 300 1.8 6069 2582 21 21.5 21 22.9 23.7 24.3 24.8 -
2014-8-20 23:00:0021.2 21.2 21.5 21.1 1,009.8 0 100 100 297 1.4 294 1.4 295 1.5 297 1.5 293 1.9 5005 1351 21.5 21.9 21.4 23.2 23.9 24.4 24.9 -
2014-8-20 22:00:0021.4 21.4 21.7 21.4 1,009.6 0 100 100 298 1.1 290 1 286 0.8 298 1.6 304 2.5 4234 1241 21.9 22.3 21.8 23.5 24.1 24.5 24.9 -
2014-8-20 21:00:0021.6 21.6 21.8 21.6 1,009.6 0 100 100 305 1.5 303 1.4 308 1.5 292 2.1 280 3.6 3719 2036 22.2 22.9 22.2 23.8 24.4 24.7 25 -
2014-8-20 20:00:0021.7 21.7 21.9 21.7 1,009.5 0 100 100 290 2.7 274 1.8 283 1.7 311 1.7 290 2.7 4078 1413 22.8 23.1 22.8 24.1 24.6 24.8 25.1 -
2014-8-20 19:00:0021.7 21.7 21.9 21.7 1,008.6 0.1 100 99 27 1.4 353 1.2 324 1.4 339 2 350 3.2 3587 1455 23 23.4 23 24.3 24.8 24.9 25.1 -
2014-8-20 18:00:0021.8 21.8 21.9 21.5 1,008.7 0.2 100 99 313 1.6 311 1.9 313 1.8 355 3 339 3.9 3911 1976 23.4 23.9 23.3 24.7 25 25 25.1 -
2014-8-20 17:00:0021.5 21.5 22.2 21.4 1,008.6 2.3 100 97 345 3.3 1 2.6 349 2.8 354 3 353 5.5 2436 1473 23.4 25.3 23.4 25.1 25.3 25.1 25.1 -
2014-8-20 16:00:0022 21.3 22.8 21.9 1008 0.4 96 95 353 2.2 4 1.8 3 2.8 16 4 25 6.3 5962 2597 24.8 25.9 24.8 25.6 25.4 25.1 25.1 -
2014-8-20 15:00:0022.7 21.9 23.2 22.6 1,008.2 0.4 95 94 48 2.6 35 3 27 2.7 40 3.1 38 5.3 7079 3429 25.7 26.6 25.4 25.7 25.4 25.1 25 -
2014-8-20 14:00:0023.1 22.8 23.8 22.9 1,008.2 2 98 95 19 3 20 2 28 2.4 13 3.4 17 6.3 5314 3279 25.9 26.4 24.7 25.7 25.4 25 24.9 -
2014-8-20 13:00:0023.7 23 24.3 23.5 1,007.9 0.5 96 95 14 4.4 12 2.3 18 3.1 34 4.4 17 7.5 4283 2110 26 29.5 26 26.1 25.3 24.8 24.8 -
2014-8-20 12:00:0023.5 23.3 24.3 23.5 1,008.1 0.5 99 95 50 4.4 34 4 36 4 33 4.5 45 7.5 8474 2677 26.7 29.1 26.1 25.7 25 24.6 24.6 -
2014-8-20 11:00:0024 23.7 24.1 23.6 1,008.6 0.6 98 96 57 4.3 35 3.4 32 3.4 32 3.4 22 5.8 12298 4462 29 29 25.8 25.3 24.7 24.3 24.5 -
2014-8-20 10:00:0023.9 23.2 23.9 23.3 1,009.9 0.1 96 95 78 3 68 3.1 67 3.4 67 3.6 23 5.6 7593 3239 27.4 27.6 26.1 25.1 24.3 24.2 24.5 -
2014-8-20 9:00:0023.3 23.3 23.3 22.3 1,010.5 0.6 100 100 41 2.4 44 1.5 54 1.7 46 2.3 56 3.6 22685 3416 26.4 26.5 23.4 24 23.8 24.1 24.5 -
2014-8-20 8:00:0022.3 22.3 22.4 22.2 1,009.9 1.3 100 100 38 1.8 40 1.8 46 2.4 47 2.6 26 4.3 5000 1035 23.4 23.4 22.9 23.5 23.7 24.1 24.5 -
2014-8-20 7:00:0022.3 22.3 22.4 22.2 1,010.1 1.5 100 100 55 2.5 41 1.9 39 1.9 17 2.1 25 3.8 1044 1043 23 23 22.7 23.4 23.7 24.1 24.6 -
2014-8-20 6:00:0022.3 22.3 22.4 22.3 1,009.6 1.2 100 100 38 1.3 15 1.2 5 1.3 19 2.1 23 3.1 1750 1496 22.7 22.8 22.7 23.4 23.8 24.2 24.6 -
2014-8-20 5:00:0022.3 22.3 22.3 21.9 1,009.3 0.2 100 100 23 1.6 21 1.4 25 1.7 23 1.8 26 2.9 2501 1330 22.7 22.8 22.4 23.4 23.8 24.2 24.7 -
2014-8-20 4:00:0022 22 22.1 21.9 1,009.3 0 100 100 26 1.4 25 1.2 23 1.4 26 1.6 29 2.2 1522 1370 22.4 22.6 22.4 23.4 23.9 24.3 24.8 -
2014-8-20 3:00:0022 22 22.1 22 1,009.3 0 100 100 29 2.1 36 1.4 32 1.1 320 1.2 29 2.1 2362 1162 22.5 22.6 22.4 23.5 24 24.4 24.8 -
2014-8-20 2:00:0022.1 22.1 22.1 21.9 1010 0 100 100 322 1.3 318 1.3 321 1.1 321 1.1 323 1.6 3349 1539 22.6 22.7 22.3 23.5 24.1 24.5 24.9 -
2014-8-20 1:00:0022.1 22.1 22.2 22 1,010.3 0 100 100 282 0 0 0 302 0.1 66 0.6 97 0.6 1951 1004 22.6 22.7 22.5 23.7 24.2 24.7 25 -
2014-8-20 00:00:0022.2 22.2 22.2 22 1,010.3 0 100 100 51 0.2 61 0.6 69 0.6 358 1.4 353 1.8 2676 1817 22.7 22.8 22.6 23.9 24.4 24.8 25.1 -
2014-8-19 23:00:0022.1 22.1 22.4 22.1 1,010.4 0 100 100 27 1.3 26 1.2 30 1 36 1.1 47 1.7 4071 1910 22.8 23.1 22.7 24 24.6 24.9 25.1 -
2014-8-19 22:00:0022.4 22.4 22.7 22.4 1,010.8 0 100 99 71 0.8 64 0.8 38 0.6 91 0.9 97 1.3 4567 2331 23.1 23.4 23.1 24.3 24.8 25 25.3 -
2014-8-19 21:00:0022.6 22.6 22.9 22.6 1,011.1 0 100 99 341 0.4 25 0.3 55 0.5 88 0.8 74 1.4 3197 2331 23.4 23.7 23.3 24.6 25 25.1 25.3 -
2014-8-19 20:00:0022.8 22.8 23.3 22.8 1,010.8 0 100 98 103 0.2 95 0.2 70 0.6 55 1.2 65 2.1 3592 1778 23.6 24.1 23.6 24.9 25.2 25.3 25.3 -
2014-8-19 19:00:0023.3 23 23.7 23.2 1,010.7 0 98 97 63 0.8 58 0.8 42 0.5 85 1.4 86 2.6 3131 1369 24.1 24.9 24.1 25.3 25.5 25.4 25.4 -
2014-8-19 18:00:0023.6 23.3 24.1 23.6 1,010.3 0.1 98 95 45 0.7 50 0.8 78 0.9 37 1.4 8 2 4132 1229 25 25.7 24.9 25.7 25.6 25.4 25.3 -
2014-8-19 17:00:0024 23.1 24.2 23.9 1,010.5 0 95 93 17 0.8 71 0.7 83 0.7 45 1 52 1.6 3720 1804 25.6 26.6 25.6 26 25.7 25.4 25.2 -
2014-8-19 16:00:0024.2 23 24.4 24.2 1,010.6 0 93 93 96 1.3 105 1.1 107 0.6 43 1.9 46 2.7 8866 2731 26.7 27.3 26.6 26.3 25.7 25.2 25.1 -
2014-8-19 15:00:0024.3 23.4 24.4 24.1 1,010.7 0.2 95 90 18 1.2 344 1.5 324 1.4 324 1.4 358 2.2 6480 2250 27.1 27.6 26.6 26.2 25.6 25 24.9 -
2014-8-19 14:00:0024.4 22.8 24.7 24.2 1,010.7 0 91 90 353 1.5 6 0.5 339 0.7 342 2.1 337 3.3 3650 3083 27.6 29.4 27.6 26.4 25.4 24.7 24.7 -
2014-8-19 13:00:0024.2 23.3 24.3 23.4 1,010.8 0 95 94 318 2.2 313 2.4 346 2 357 2.4 8 3.7 5117 2007 28.3 28.7 27.5 25.9 24.9 24.5 24.6 -
2014-8-19 12:00:0023.4 23.2 23.4 22.7 1,010.9 0 99 98 358 2 358 2.4 355 2.3 352 2.6 349 3.9 4850 2280 27.5 27.5 25.7 25 24.4 24.2 24.5 -
2014-8-19 11:00:0022.7 22.5 22.8 22 1,012.1 1 99 99 302 1.6 342 1.5 322 1.3 322 1.3 317 1.9 2970 2568 26 26 24.5 24.4 24 24.1 24.5 -
2014-8-19 10:00:0022 22 22 21.6 1,012.2 1.8 100 99 347 0.4 317 0.5 311 0.8 326 0.9 335 1.2 3024 1690 24.5 24.5 23.2 23.8 23.8 24 24.5 -
2014-8-19 9:00:0021.7 21.7 21.8 21.4 1,011.8 0.3 100 100 336 0.9 348 1.1 334 0.8 352 1.5 5 2.3 2606 1750 23.2 23.6 23.1 23.4 23.6 24 24.5 -
2014-8-19 8:00:0021.5 21.5 21.5 21 1,011.3 0 100 100 350 1.8 360 1.3 1 1.2 22 1.7 22 2.6 2252 1658 23.2 23.2 22.5 23.3 23.6 24 24.5 -
2014-8-19 7:00:0021.1 21.1 21.1 20.8 1,010.8 0.1 100 100 24 1.4 9 1.5 15 1.6 1 2.1 4 3.2 2491 1980 22.5 22.6 22.1 23.1 23.6 24.1 24.7 -
2014-8-19 6:00:0020.9 20.9 20.9 20.7 1,010.5 0.6 100 100 6 1.3 0 2 4 1.9 358 2 353 3.7 2390 2390 22.2 22.2 21.9 23 23.7 24.2 24.8 -
2014-8-19 5:00:0020.8 20.8 20.9 20.7 1,010.1 0.4 100 100 349 1.3 358 1 14 1.1 353 2.2 353 3.5 5356 3826 22 22.1 21.9 23.1 23.7 24.3 24.8 -
2014-8-19 4:00:0020.8 20.8 21.1 20.7 1010 0.1 100 100 349 2.1 2 2.1 348 1.9 350 2.7 346 4 17426 2782 22 22.3 22 23.2 23.9 24.4 24.9 -
2014-8-19 3:00:0021 21 21.3 21 1,010.2 0 100 100 352 2.1 351 2.7 347 2.3 347 2.3 356 3.7 4401 1885 22.2 22.5 22.2 23.4 23.9 24.4 24.9 -
2014-8-19 2:00:0021.2 21.2 21.3 21.1 1,010.2 1 100 100 323 0.5 359 0.9 343 1.4 350 1.8 347 2.8 3314 2333 22.3 22.5 22.3 23.4 24 24.6 25.1 -
2014-8-19 1:00:0021.2 21.2 21.3 20.9 1,010.5 0.2 100 100 319 2 318 1.5 335 1.3 335 1.3 42 2.3 8559 2893 22.6 22.6 22.4 23.6 24.2 24.6 25.1 -
2014-8-19 00:00:0020.9 20.9 21.4 20.8 1,010.5 0.2 100 100 6 1.4 355 1.4 1 1.3 355 2.4 346 3.8 13719 2689 22.5 22.7 22.3 23.7 24.3 24.8 25.3 -
2014-8-18 23:00:0021.2 21.2 21.9 21.2 1,010.6 1.5 100 100 345 1.6 4 1.6 5 1.7 350 2.4 344 3.9 9597 3816 22.5 23 22.5 23.9 24.5 24.9 25.4 -
2014-8-18 22:00:0021.8 21.8 21.8 21.6 1,011.1 1.4 100 100 330 1.4 329 1.4 334 1.2 356 1.3 4 2 3290 3290 23 23.1 23 24.1 24.7 25.1 25.4 -
2014-8-18 21:00:0021.7 21.7 22.2 21.6 1011 2.1 100 100 7 1 2 1 357 1.1 350 2.8 349 4.4 8128 2891 23.1 23.3 23 24.3 24.9 25.2 25.6 -
2014-8-18 20:00:0022.1 22.1 23.1 22.1 1,010.5 5.1 100 100 339 1.8 346 2.3 343 2.8 359 3 327 4.7 4310 1200 23.4 23.9 23.4 24.6 25.1 25.4 25.6 -
2014-8-18 19:00:0023 23 23.2 22.9 1,010.1 3.6 100 100 344 2.4 352 2.3 357 2.2 6 2.3 32 3.4 1793 1139 23.9 24.3 23.8 25.1 25.4 25.6 25.7 -
2014-8-18 18:00:0023.1 23.1 23.4 23.1 1,009.4 3 100 100 12 1.8 359 2 1 1.9 1 1.9 5 3.2 2888 1760 24.3 25.1 24.3 25.4 25.7 25.7 25.7 -
2014-8-18 17:00:0023.2 23.2 23.5 23.1 1,009.4 2.4 100 99 4 0.6 318 0.4 8 0.5 23 2.7 19 3 4705 1238 25.1 25.4 25 25.8 25.9 25.8 25.8 -
2014-8-18 16:00:0023.5 23.3 24.1 23.5 1009 1.3 99 99 28 1.4 21 2.2 19 2.9 15 2.9 10 4.6 3449 1881 25.4 26.4 25.3 26.2 26 25.8 25.8 -
2014-8-18 15:00:0023.9 23.7 24.1 23.7 1,009.3 1.5 99 97 339 1.3 316 1 312 1.4 325 2 315 3.3 2265 2055 26.2 26.4 26.1 26.3 26.1 25.8 25.7 -
2014-8-18 14:00:0024 23.5 24.8 23.9 1,009.5 1.6 97 93 332 1.2 331 1.4 330 1.6 326 2.6 339 4.3 3477 1959 26.3 27.2 26.2 26.5 26.2 25.7 25.6 -
2014-8-18 13:00:0024.8 23.6 25.5 24.7 1,009.9 0 93 91 336 2.1 340 2 325 2.7 322 2.7 320 4.2 4279 1400 27 28.9 27 26.8 26.1 25.6 25.4 -
2014-8-18 12:00:0025.4 23.8 25.4 24.6 1,009.9 0 91 91 353 2.2 322 1.6 332 1.9 294 2.1 305 3.3 5069 1523 28.7 28.7 27.3 26.7 25.9 25.3 25.2 -
2014-8-18 11:00:0024.8 23.6 25 24.2 1,010.2 0 93 93 340 0.7 304 1.2 296 1.6 312 2.5 300 3.8 3173 1054 28.4 29.5 27.7 26.6 25.5 25 25.1 -
2014-8-18 10:00:0024.5 23.8 24.5 23.6 1010 0.6 96 95 23 0.8 303 1.2 310 1.7 329 2.1 322 3.1 3412 1826 29.5 30.2 25.9 25.9 24.9 24.7 24.9 -
2014-8-18 9:00:0023.6 23.1 24.1 23.6 1,009.9 0.1 97 93 332 1.4 319 2.2 326 1.9 302 2.7 308 4 3445 2243 26 27.3 25.7 25 24.6 24.6 24.9 -
2014-8-18 8:00:0023.7 22.9 23.7 22.7 1,009.6 0 95 95 295 1.4 314 1.7 316 2 305 2.6 293 4.6 2990 1472 26.4 26.5 23.8 24.4 24.2 24.5 25 -
2014-8-18 7:00:0022.7 22.5 22.7 22.5 1,009.1 0.4 99 98 278 2 304 1.4 309 1.5 307 2.6 320 3.8 4758 2734 23.7 23.7 22.8 23.7 24.1 24.5 25 -
2014-8-18 6:00:0022.5 22.3 22.6 22.3 1,008.7 0.1 99 98 313 1.9 311 2.2 306 2.7 305 2.9 306 4.8 4524 1920 22.9 22.9 22.7 23.6 24 24.5 25 -
2014-8-18 5:00:0022.4 22.2 22.5 22.2 1,008.4 0 99 98 300 2.3 308 1.9 312 1.9 304 2.7 309 4.3 3280 1091 22.8 22.9 22.7 23.7 24.2 24.6 25.1 -
2014-8-18 4:00:0022.3 22.1 22.3 22.1 1,008.3 0 99 99 295 1.9 302 2.1 296 2.2 301 2.5 290 3.8 3315 1922 22.8 23 22.7 23.7 24.2 24.7 25.2 -
2014-8-18 3:00:0022.2 22.2 22.3 22.1 1,008.5 0 100 99 319 1.9 300 1.9 295 1.7 296 2.3 281 3.8 4020 1284 22.9 23 22.7 23.8 24.3 24.7 25.2 -
2014-8-18 2:00:0022.3 22.3 22.4 22.2 1,007.8 0 100 100 322 1.4 300 1.6 301 1.6 325 2.3 305 4 4305 1792 22.8 23.1 22.8 23.9 24.4 24.8 25.3 -
2014-8-18 1:00:0022.3 22.3 22.4 22.2 1,007.8 0 100 100 330 1.6 313 1.9 324 2 306 2.9 302 4.8 7739 2281 22.9 23.2 22.8 23.9 24.4 24.8 25.3 -
2014-8-18 00:00:0022.2 22.2 22.3 22.1 1,007.9 0 100 100 296 3.5 306 2.9 306 2.8 316 3 329 5.3 3789 1254 23 23.1 22.9 24 24.5 24.9 25.4 -
2014-8-17 23:00:0022.2 22.2 22.3 22.1 1008 0.2 100 99 310 2.1 311 2.2 314 2.5 302 2.8 313 5 2442 1612 23 23.1 23 24 24.6 25 25.5 -
2014-8-17 22:00:0022.2 22.2 22.3 22.1 1,008.3 0 100 99 310 3.5 304 2.4 303 2.8 302 2.8 293 4.7 2175 1663 23.1 23.2 23 24.1 24.7 25.1 25.6 -
2014-8-17 21:00:0022.2 22.2 22.4 22.2 1,007.8 0 100 96 289 1.8 303 2.4 300 2.4 313 2.9 337 4.9 6998 1457 23.2 23.3 23.1 24.3 24.8 25.2 25.6 -
2014-8-17 20:00:0022.3 22 22.4 22.2 1,007.1 0 98 96 303 1.7 319 2.5 318 2.4 337 3.5 337 6.4 9950 3706 23.3 23.4 23.2 24.4 24.9 25.3 25.6 -
2014-8-17 19:00:0022.3 22 22.4 22.2 1,006.5 0 98 97 6 3.5 346 3.6 342 3.3 345 4.3 353 6.4 8940 1559 23.4 24 23.4 24.6 25.1 25.4 25.8 -
2014-8-17 18:00:0022.4 21.9 22.4 22.2 1,006.1 0 97 96 333 2.6 339 4.4 344 4 344 4 356 6.8 4468 2630 24 24.5 24 24.9 25.3 25.5 25.8 -
2014-8-17 17:00:0022.4 21.7 22.8 22.3 1,006.1 0 96 91 340 5.6 352 3.4 354 3.9 2 5.3 355 9.4 5358 1242 24.5 25.8 24.4 25.2 25.4 25.5 25.8 -
2014-8-17 16:00:0022.6 21.1 23.1 22.4 1,005.7 0 91 91 16 4.9 355 5.7 3 4.8 10 5.7 3 10.2 4478 2271 25.1 25.8 24.5 25.3 25.4 25.5 25.8 -
2014-8-17 15:00:0023.1 21.7 23.2 22.8 1,005.4 0 92 92 8 7.2 12 5.1 13 4.9 21 5.9 29 10.5 4637 2350 25.2 25.7 24.6 25.3 25.4 25.5 25.8 -
2014-8-17 14:00:0023 21.6 23.2 22.6 1,005.7 0 92 92 46 5 26 6 18 5.6 18 5.6 22 9.4 4770 2139 25.2 26 25.1 25.4 25.4 25.5 25.7 -
2014-8-17 13:00:0022.7 22 22.9 22.7 1,005.9 0 96 96 12 4.2 15 4.5 22 5.5 23 5.6 27 10 3751 2028 25.2 26.1 24.9 25.4 25.4 25.4 25.7 -
2014-8-17 12:00:0022.9 22.7 23.4 22.9 1,006.1 0.1 99 98 38 2 21 4.7 17 5.2 19 6.2 9 10.9 4144 1880 26 27.2 25.5 25.4 25.2 25.3 25.7 -
2014-8-17 11:00:0023.1 23.1 23.3 23 1,006.1 0 100 100 14 2.8 6 5.2 5 4.6 12 5.3 22 9.3 3694 1815 25.5 25.5 24.6 25 25 25.3 25.7 -
2014-8-17 10:00:0023 23 23 22.4 1,006.5 0.2 100 100 9 4.1 357 3 357 3.1 355 4.3 345 7.3 2760 2452 24.8 24.8 23.9 24.7 24.9 25.3 25.8 -
2014-8-17 9:00:0022.5 22.5 22.7 22.3 1,006.5 0.1 100 99 351 4.9 346 3.2 346 3.4 349 4 358 6.9 2681 1868 24.1 24.4 23.6 24.5 24.8 25.3 25.8 -
2014-8-17 8:00:0022.3 22.3 22.4 21.9 1,006.9 0.3 100 98 2 3.6 0 3.2 349 2.3 26 2.9 15 5.3 3307 2355 23.6 23.7 23.1 24.2 24.8 25.4 25.9 -
2014-8-17 7:00:0022 21.7 22.5 21.8 1,006.4 1.2 98 98 33 2 28 2.9 26 3 27 3.6 17 6.4 12205 1806 23.1 23.3 23 24.3 25 25.6 26.1 -
2014-8-17 6:00:0022.5 22.5 22.6 22 1,006.4 3.1 100 98 28 2.1 29 1.7 26 2.1 24 2.5 29 5 3526 869 23.3 23.4 23 24.4 25.1 25.7 26.2 -
2014-8-17 5:00:0022.1 21.8 22.1 21.5 1,006.5 0 98 96 31 0.6 23 0.8 13 0.8 40 1.4 46 1.9 4224 1831 23.3 23.3 23 24.5 25.3 25.8 26.4 -
2014-8-17 4:00:0021.6 21.1 21.6 21 1,006.3 0.1 97 95 40 1.4 44 1.2 40 1.5 37 3.5 47 5 6345 2172 23.1 23.1 22.6 24.6 25.5 26 26.5 -
2014-8-17 3:00:0020.9 20.1 23.2 20.9 1,006.5 0.5 95 89 55 4.8 34 3.3 36 3.4 36 3.6 68 6.6 1638 1638 22.7 23.9 22.6 24.9 25.7 26.2 26.6 -
2014-8-17 2:00:0023.1 22.9 23.4 23.1 1007 0.9 99 97 49 3 49 2.5 51 2.6 38 3.2 28 5 3059 1154 23.9 24.1 23.7 25.3 25.9 26.3 26.7 -
2014-8-17 1:00:0023.4 23.1 23.9 23.4 1,007.1 0.2 98 92 62 2.2 49 2.2 50 2.2 86 2.7 74 4.8 4733 2724 24 24.3 23.9 25.5 26.1 26.6 26.9 -
2014-8-17 00:00:0023.8 22.4 24 23.8 1,007.6 0 92 90 48 1.4 61 2 64 2 63 2 71 3.4 8977 2857 24.3 24.5 24.3 25.7 26.3 26.7 27 -
2014-8-16 23:00:0023.9 22.3 24.2 23.9 1008 0 91 90 75 2.1 72 1.9 73 1.6 70 2 79 3.5 4698 2145 24.5 24.7 24.5 25.9 26.6 26.9 27.2 -
2014-8-16 22:00:0024.1 22.5 24.4 24.1 1,008.4 0 91 88 74 3.1 69 2.5 77 2 77 2 69 3.8 7173 1575 24.7 25 24.7 26.2 26.9 27.2 27.3 -
2014-8-16 21:00:0024.4 22.3 24.7 24.4 1,008.8 0 88 86 83 1.3 51 1.8 66 1.7 92 2.1 78 4.1 3307 2377 25 25.3 24.9 26.5 27.2 27.4 27.5 -
2014-8-16 20:00:0024.6 22.3 24.9 24.6 1,008.5 0 87 85 84 2.2 89 1.7 93 1.9 99 2.9 97 4.9 4353 2197 25.3 25.6 25.3 27 27.6 27.7 27.7 -
2014-8-16 19:00:0024.8 22.3 25.7 24.8 1,007.9 0 86 81 88 2.9 103 3.3 102 2.6 102 3.7 93 6.9 3655 1522 25.7 27.4 25.6 27.6 28.1 27.9 27.7 -
2014-8-16 18:00:0025.7 22.2 26 25.7 1,008.1 0 81 81 117 2.5 102 2 97 2.7 92 3.6 71 6.3 6556 1573 27.5 29 27.5 28.5 28.5 28.1 27.7 -
2014-8-16 17:00:0025.9 22.4 26.7 25.9 1,008.3 0 81 77 78 1.6 83 2 79 2.9 80 3 73 5.2 5119 3155 28.8 31.1 28.5 29.1 28.9 28.3 27.7 -
2014-8-16 16:00:0026.6 22.2 27.2 26.2 1,008.9 0 77 73 98 2.4 73 2.3 95 2.1 98 4.1 86 6.5 6867 2412 31.2 32.9 29.7 29.8 29.2 28.3 27.6 -
2014-8-16 15:00:0027.1 21.8 27.7 27.1 1,008.5 0 73 69 105 2.8 100 4 100 4 99 4 86 6.5 5980 2536 33 34.5 32.7 30.7 29.4 28.2 27.3 -
2014-8-16 14:00:0027.8 21.6 29.2 27.7 1,008.8 0 69 66 93 2.8 110 2.4 92 2.8 102 4.2 90 7.5 6095 2551 34.3 41.4 34 31.1 29.4 27.8 27 -
2014-8-16 13:00:0029 23 29.1 28 1,009.3 0 70 67 109 3.3 109 4 107 4 107 4 109 6.7 7899 5134 41.4 41.5 33.4 31 28.8 27.3 26.6 -
2014-8-16 12:00:0028.5 22 28.9 28.2 1,009.7 0 68 66 64 3.3 73 3.5 68 3.6 64 3.9 32 6.6 2650 1689 35.3 40.2 35.3 30.9 28.3 26.7 26.2 -
2014-8-16 11:00:0028.4 22.2 28.8 27.8 1,009.9 0 69 68 127 3.4 116 2.5 109 2.6 110 2.9 86 5.2 7218 4694 36.3 38.9 36 29.9 27.3 26.1 25.9 -
2014-8-16 10:00:0027.9 22.6 28 26.8 1010 0 73 73 98 1.4 103 1.7 110 2.2 110 2.5 121 4.5 8917 4141 36 36.4 30.6 27.8 26.2 25.6 25.8 -
2014-8-16 9:00:0026.8 23.5 26.8 25.5 1,010.1 0 82 81 100 2.3 113 1.9 109 2.4 104 2.5 89 3.9 6340 2803 30.5 30.9 26.9 26.3 25.5 25.3 25.7 -
2014-8-16 8:00:0025.6 23.1 25.7 25.2 1,009.8 0 86 85 98 2.6 108 1.9 103 2.2 97 2.6 97 4.3 5473 2225 27.1 28 26.2 25.4 25 25.2 25.6 -
2014-8-16 7:00:0025.4 23.1 25.4 22.6 1,009.8 0 87 87 105 3.6 101 2.6 96 2.1 96 2.1 105 3.6 4552 2206 27.3 27.3 23.5 24.5 24.6 25.1 25.7 -
2014-8-16 6:00:0022.6 22.6 22.6 22.3 1,009.9 0 100 100 59 1.9 59 1.3 57 1 51 1.3 60 2 3030 1474 23.5 23.5 22.3 23.9 24.6 25.2 25.8 -
2014-8-16 5:00:0022.4 22.4 22.6 22.3 1,009.5 0 100 100 50 1.7 44 1.1 48 1 61 1.3 50 1.7 1632 1236 22.3 22.9 22.3 24 24.8 25.4 25.9 -
2014-8-16 4:00:0022.4 22.4 22.7 22.4 1,009.3 0 100 99 28 1.3 42 1 69 1.3 102 1.5 82 2.1 2777 2162 22.5 22.7 22.4 24.1 24.9 25.5 26.1 -
2014-8-16 3:00:0022.6 22.6 23 22.6 1,009.3 0 100 98 29 0.3 21 0.3 54 0.5 101 1.5 95 2.2 3403 1337 22.7 23.1 22.6 24.4 25.1 25.7 26.2 -
2014-8-16 2:00:0023 22.7 23.3 23 1,009.4 0 98 97 107 1.5 101 1.3 101 1.5 97 1.7 83 2.7 4849 2063 23.1 23.6 23.1 24.7 25.4 25.9 26.3 -
2014-8-16 1:00:0023.1 22.6 23.3 23.1 1,009.6 0 97 96 125 1.3 100 1.4 101 1.5 99 1.8 115 2.7 16814 1610 23.4 23.6 23.3 24.8 25.5 26 26.4 -
2014-8-16 00:00:0023.3 22.6 23.6 23.3 1,009.7 0 96 95 135 1.2 104 1.3 104 1.3 101 1.6 127 2.5 6209 1507 23.6 24 23.5 25.1 25.8 26.2 26.6 -
2014-8-15 23:00:0023.6 22.8 23.9 23.5 1,009.8 0 95 93 82 1.4 94 1 96 1.2 107 1.6 110 2.6 3652 1614 23.9 24.4 23.8 25.4 26 26.4 26.8 -
2014-8-15 22:00:0023.8 23 23.8 23.4 1,009.7 0 95 94 106 1.1 101 0.9 93 1 112 1.3 113 2.3 6746 2635 24.4 24.4 23.8 25.5 26.2 26.6 26.8 -
2014-8-15 21:00:0023.7 22.9 24.2 23.6 1,009.9 0 95 92 84 1.3 92 1 95 1.3 118 1.8 122 2.9 6125 2204 24.1 24.6 24 25.8 26.5 26.8 26.9 -
2014-8-15 20:00:0024.2 22.8 24.8 24.2 1,009.8 0 92 88 79 1.2 106 1.2 115 1.3 97 1.8 96 2.9 4154 2289 24.5 25.2 24.5 26.3 26.9 27 27.1 -
2014-8-15 19:00:0024.8 22.9 25.6 24.8 1,009.6 0 89 86 111 1.2 108 1.2 107 1.6 100 1.8 95 3.8 6136 2522 25.3 26.8 25.2 26.9 27.2 27.1 27.1 -
2014-8-15 18:00:0025.6 23.1 25.9 25.6 1,009.3 0 86 84 135 1.4 133 1.4 129 1.6 127 1.6 124 2.6 7662 2331 26.8 27.8 26.8 27.5 27.4 27.2 27.1 -
2014-8-15 17:00:0025.7 23.2 25.9 25.7 1,009.3 0 86 84 129 1 136 0.8 130 0.9 145 1.5 139 2.6 4599 1657 27.5 28.3 27.2 27.6 27.5 27.2 27.1 -
2014-8-15 16:00:0025.8 23.3 25.9 25.5 1,009.2 0 86 85 139 0.7 123 1.2 137 1.6 138 1.6 128 2.6 4356 2269 28.3 28.4 27.6 27.8 27.6 27.2 27 -
2014-8-15 15:00:0025.6 24.2 25.9 25.4 1,009.3 0 92 86 163 1 156 0.9 156 1.2 90 2.3 98 3.6 4805 3258 27.7 27.9 27.3 27.9 27.7 27.2 26.9 -
2014-8-15 14:00:0025.9 23.4 27.1 25.9 1,009.6 0 86 80 88 2.3 93 2.3 84 2 76 2.4 61 4.5 8697 1789 28 31.5 27.9 28.5 27.9 27.2 26.8 -
2014-8-15 13:00:0026.5 23.2 26.6 26.2 1,009.8 0 82 82 57 1.3 54 1.6 58 1.7 46 2.5 48 3.4 11300 1711 30 30.2 28.9 28.6 27.9 27.1 26.6 -
2014-8-15 12:00:0026.6 23.3 28 26.5 1,010.1 0 82 76 54 2.9 49 2.6 46 2.4 58 2.9 38 5 6483 1295 30.1 34.9 30.1 29.3 27.9 26.8 26.4 -
2014-8-15 11:00:0028.1 23.7 28.1 26.9 1,010.1 0 77 74 356 0.6 36 1.3 30 1.7 1 2.2 329 4.2 5407 1077 34.8 38.2 33.3 29.4 27.2 26.2 26.1 -
2014-8-15 10:00:0027.1 23.4 27.2 26 1,010.4 0 80 79 6 0.9 12 2.4 354 2 354 2.3 343 3.9 4426 2521 33.5 34.5 31.6 28 26.3 25.7 25.9 -
2014-8-15 9:00:0026 23.5 26 24.1 1,010.2 0 86 86 300 0.7 34 1.5 11 1.9 354 2.9 331 4.1 7135 1219 31.2 31.2 26.2 26.2 25.5 25.4 25.8 -
2014-8-15 8:00:0024.1 23.1 24.2 23.3 1,010.4 0 94 94 353 3.3 358 2.5 349 2.1 349 2.1 353 3.3 3539 1481 26.3 26.3 24.9 25.1 25.1 25.4 25.8 -
2014-8-15 7:00:0023.3 23.1 23.3 22.9 1,010.1 0 99 99 346 2 339 2 339 1.8 358 1.9 325 2.8 3085 1201 24.9 24.9 23.8 24.7 25 25.4 25.9 -
2014-8-15 6:00:0022.9 22.9 23 22.9 1,009.5 0 100 100 353 1.6 344 1.1 346 1.6 348 2.3 347 3.9 2516 1957 23.9 23.9 23.5 24.5 25 25.4 25.9 -
2014-8-15 5:00:0023 23 23.1 22.9 1009 0 100 100 353 1.9 356 1.9 353 1.9 344 2.7 349 4.2 3140 1673 23.6 23.8 23.6 24.6 25.1 25.6 26 -
2014-8-15 4:00:0023.1 23.1 23.2 23 1,009.1 0 100 100 2 2.4 344 2.9 343 2.6 343 2.6 354 4 4050 1347 23.8 23.9 23.8 24.7 25.2 25.7 26.1 -
2014-8-15 3:00:0023 23 23.2 23 1,008.9 0 100 100 358 2.3 345 2.3 345 2.3 346 2.5 339 4.1 2898 1269 23.8 24 23.8 24.8 25.2 25.6 26.1 -
2014-8-15 2:00:0023.1 23.1 23.3 23.1 1,008.6 0 100 100 332 1.4 346 1.2 339 1.2 336 1.8 357 2.8 4271 1772 23.9 24.1 23.9 24.9 25.3 25.8 26.2 -
2014-8-15 1:00:0023.3 23.3 23.3 23.1 1,008.5 0 100 100 328 1.4 328 1.2 319 1.3 324 1.7 285 3 2395 1975 24 24.1 23.9 25 25.5 25.9 26.4 -
2014-8-15 00:00:0023.2 23.2 23.4 23.1 1,008.6 0 100 100 303 0.9 315 0.8 319 1 310 2.1 327 3.3 3453 1414 24 24.1 24 25 25.5 25.9 26.3 -
2014-8-14 23:00:0023.3 23.3 23.4 23.2 1,008.3 0 100 100 321 2.9 312 2.2 310 2.1 337 2.5 328 4.2 3235 1115 24.1 24.2 24 25.1 25.6 26 26.4 -
2014-8-14 22:00:0023.2 23.2 23.5 23.2 1,008.1 0 100 99 332 1.9 336 2.1 341 2.6 344 2.6 345 3.9 4069 1513 24.1 24.4 24.1 25.2 25.7 26.1 26.5 -
2014-8-14 21:00:0023.5 23.5 23.5 23.4 1,008.4 0 100 99 308 1.7 297 1.5 297 1.2 328 1.4 308 2.3 4793 1813 24.4 24.5 24.3 25.4 25.9 26.2 26.6 -
2014-8-14 20:00:0023.5 23.5 23.5 23.3 1,007.9 0 100 99 346 1 335 0.9 338 0.9 343 1.1 330 1.6 6786 2794 24.5 24.7 24.4 25.6 26 26.3 26.7 -
2014-8-14 19:00:0023.5 23.3 23.5 23.3 1,007.2 0 99 99 341 1 350 0.9 354 1 27 1.7 24 2.5 9724 3128 24.7 24.9 24.5 25.7 26.2 26.4 26.8 -
2014-8-14 18:00:0023.4 23.4 23.4 23.2 1,006.7 0.3 100 99 43 1.9 38 1.7 32 1.7 44 2.7 35 4.4 6803 3095 24.9 25.4 24.8 25.9 26.3 26.5 26.8 -
2014-8-14 17:00:0023.2 23 23.7 23.2 1,006.3 0.7 99 98 45 2.7 55 2.5 44 2.7 45 3.8 73 7.8 9524 3731 24.8 25.5 24.7 26 26.4 26.5 26.8 -
2014-8-14 16:00:0023.6 23.4 23.8 23.4 1,005.7 0.1 99 98 31 3.3 44 3 48 3.3 54 4.4 58 7.8 6293 2846 25.2 25.9 25.1 26.2 26.5 26.6 26.9 -
2014-8-14 15:00:0023.5 23.3 23.6 23.3 1,005.3 0.3 99 99 44 4.6 52 3.8 50 4.3 41 5.4 39 9.7 12522 2590 25.8 26 25.1 26.2 26.5 26.7 26.9 -
2014-8-14 14:00:0023.4 23.2 24.4 23.3 1,005.3 1.2 99 99 55 3.8 39 3.8 40 4.6 43 6 34 10.9 8467 2153 25.4 26 25.3 26.5 26.7 26.8 27 -
2014-8-14 13:00:0024.4 24.2 26.1 24.3 1005 0.9 99 98 50 2.3 36 3.9 34 4.1 35 4.7 38 7.9 4162 3573 26 27.8 25.9 26.9 26.9 26.8 26.9 -
2014-8-14 12:00:0026.1 25.9 26.1 25.7 1,004.3 0 99 99 56 1.8 59 1.6 41 1.6 41 1.9 40 2.8 5404 1594 27.6 28 27.4 27 26.7 26.7 27 -
2014-8-14 11:00:0025.8 25.8 25.8 25.2 1,004.5 1.3 100 100 308 1.1 315 1.7 318 1.4 69 2.6 71 4.2 5219 799 27.9 28.1 26.1 26.6 26.6 26.7 26.9 -
2014-8-14 10:00:0025.2 25.2 25.6 25.2 1,004.4 7.9 100 99 73 4.3 70 2.3 68 2.7 83 3.9 82 6.7 759 524 26.1 26.8 25.7 26.4 26.5 26.6 26.9 -
2014-8-14 9:00:0025.6 25.6 25.8 25.5 1,003.7 0 100 100 67 3 92 3.1 86 3.8 83 4.2 94 7 5779 1842 26.7 26.9 26.2 26.5 26.6 26.7 27 -
2014-8-14 8:00:0025.7 25.7 25.8 25.7 1,003.7 0.4 100 99 85 2.3 92 2.4 85 2.9 88 3.1 97 6.5 5167 1853 26.1 26.3 25.9 26.4 26.6 26.7 27 -
2014-8-14 7:00:0025.8 25.8 25.9 25.7 1,003.7 0 100 99 68 3.4 82 3 79 2.8 81 2.9 83 5.5 2889 1973 26.1 26.1 25.8 26.3 26.5 26.8 27.1 -
2014-8-14 6:00:0025.8 25.6 25.8 25.6 1,003.7 0 99 98 67 1.5 75 2 83 2.4 84 2.5 89 4.4 3301 1985 25.9 25.9 25.7 26.3 26.5 26.8 27.1 -
2014-8-14 5:00:0025.6 25.4 25.7 25.5 1,003.5 0 99 98 58 1.8 72 1.5 73 2.4 71 2.7 70 5 3045 1490 25.8 25.8 25.6 26.3 26.6 26.8 27.2 -
2014-8-14 4:00:0025.5 25.3 25.6 25.4 1,003.5 0 99 97 76 1.2 85 1.6 83 1.9 84 3.1 94 5.1 4593 1470 25.6 25.7 25.5 26.2 26.7 26.9 27.3 -
2014-8-14 3:00:0025.5 25.2 25.6 25.4 1,003.7 0 98 97 118 1.4 85 1.7 85 2.7 86 3.4 83 5.6 3424 1593 25.5 25.7 25.4 26.3 26.8 27.1 27.4 -
2014-8-14 2:00:0025.5 25 25.6 25.4 1,003.9 0 97 96 79 3.3 87 2.1 87 2 87 2.7 90 5.1 4191 1575 25.6 25.7 25.5 26.4 26.9 27.2 27.5 -
2014-8-14 1:00:0025.4 24.9 25.5 25.4 1,004.5 0 97 95 55 1.5 73 1.7 68 1.7 85 3.1 90 4.8 5011 1376 25.5 25.5 25.4 26.5 27 27.4 27.6 -
2014-8-14 00:00:0025.4 24.5 25.5 25.4 1,004.7 0 95 94 92 2 84 2.7 85 3.1 84 3.2 84 6 4025 2156 25.4 25.6 25.4 26.6 27.2 27.5 27.8 -
2014-8-13 23:00:0025.5 24.5 25.5 25.4 1,005.2 0 94 94 70 2.5 86 2.7 86 3.3 92 3.6 95 6.4 6568 2062 25.6 25.6 25.5 26.8 27.4 27.7 28 -
2014-8-13 22:00:0025.5 24.6 25.8 25.5 1005 0 95 93 86 3.5 88 3.3 88 3.2 89 3.9 95 6.8 3380 2271 25.6 26 25.5 27.1 27.7 28 28 -
2014-8-13 21:00:0025.7 24.7 25.9 25.7 1,005.2 0 94 92 100 3.1 83 3.4 84 3.3 89 3.3 98 6.3 4524 1128 26 26.4 26 27.5 28 28.2 28.2 -
2014-8-13 20:00:0025.9 24.5 26.2 25.9 1,004.9 0 92 90 89 2.2 84 3.3 82 3.5 81 3.8 83 6.9 4320 2565 26.2 26.8 26.2 27.9 28.4 28.5 28.3 -
2014-8-13 19:00:0026.3 24.5 27 26.2 1,004.2 0 90 87 87 2.3 90 3.1 85 3.5 90 4.4 85 7.8 4045 2219 26.8 28.1 26.8 28.5 28.9 28.6 28.3 -
2014-8-13 18:00:0027 24.6 27.7 26.9 1004 0 87 83 87 2 86 2.3 89 3.2 92 4.3 99 7.7 4476 1990 28.1 29.7 28.1 29.3 29.3 28.8 28.4 -
2014-8-13 17:00:0027.7 24.7 28.9 27.7 1,003.4 0 84 77 121 2.7 101 2.8 89 3.3 91 4.8 100 8.2 4759 2166 29.7 33.9 29.7 30.1 29.7 28.9 28.3 -
2014-8-13 16:00:0028.7 24.5 29.2 28.7 1,002.8 0 78 74 83 4.8 95 3.2 93 3.3 92 4.4 116 7.2 6846 1683 33.1 35.5 32.5 30.8 29.8 28.7 28.1 -
2014-8-13 15:00:0028.9 24 29.6 28.8 1,002.8 0 75 74 83 4 69 3.5 82 3.8 90 4.9 75 8.5 6257 2468 33.6 39.7 32.9 31.2 29.8 28.5 27.7 -
2014-8-13 14:00:0029.5 24.6 30.6 29.2 1,003.2 0 75 65 113 3 84 5.1 82 4.5 82 4.5 84 8.8 7823 3159 38.5 41.9 35.7 31.5 29.4 28 27.4 -
2014-8-13 13:00:0030.2 22.4 30.4 29 1,003.7 0 63 62 117 2.5 99 2.9 103 2.7 124 3.3 96 5.8 8738 1889 39.8 42.2 34.6 30.8 28.5 27.4 27.1 -
2014-8-13 12:00:0029.2 23.6 29.2 28.2 1,004.2 0 72 70 116 3.4 131 2.9 146 3.1 125 3.4 133 5.4 7765 3392 35.4 36.8 32.1 29.3 27.8 27.1 27 -
2014-8-13 11:00:0028.2 22.9 28.2 27.3 1,004.4 0 73 72 110 3.2 120 3.1 123 3.3 112 3.5 90 6.6 18347 2054 31.9 32.2 29.1 28.3 27.3 26.8 26.9 -
2014-8-13 10:00:0027.8 24.4 28.1 27 1,004.7 0 82 80 160 2.5 124 2.9 109 3.2 101 3.8 94 6.3 2999 2286 29.9 31.6 29.3 27.7 26.8 26.6 26.8 -
2014-8-13 9:00:0027 25 27 25.7 1,004.6 0 89 89 75 3.3 82 2.8 94 2.7 92 3.5 77 6.3 2519 1506 29.7 29.7 26.8 26.7 26.2 26.4 26.7 -
2014-8-13 8:00:0025.6 24.6 25.7 25 1,004.4 0 94 93 82 1.5 69 1.5 80 2 93 2.7 87 5.2 3692 1921 26.9 26.9 25.6 26 26 26.3 26.8 -
2014-8-13 7:00:0025.1 24.2 25.1 24.6 1004 0 95 94 118 2.2 101 2.1 99 2.2 96 2.5 93 4.3 2077 1782 25.6 25.8 25.1 25.8 26 26.4 26.9 -
2014-8-13 6:00:0024.6 23.7 24.6 24.5 1,004.1 0 95 93 132 1.7 119 2.1 113 1.9 105 2.6 98 4.2 2674 1224 25.1 25.1 24.8 25.7 26 26.5 26.9 -
2014-8-13 5:00:0024.4 23.2 24.6 24.4 1,003.8 0 93 90 108 2.7 105 2.2 108 2.1 110 2.6 129 4.1 2958 1689 24.9 25 24.8 25.7 26.1 26.6 27 -
2014-8-13 4:00:0024.6 22.7 24.6 24.4 1,004.3 0 89 89 111 1.8 102 2 104 1.7 101 2.3 94 4 2863 2161 25 25.1 24.9 25.9 26.3 26.7 27.1 -
2014-8-13 3:00:0024.5 23.1 24.6 24.4 1,004.6 0 92 90 93 1.3 105 1.5 103 1.7 101 1.8 91 2.7 2521 1995 25.1 25.2 25 26 26.4 26.8 27.3 -
2014-8-13 2:00:0024.5 22.8 24.7 24.5 1,004.7 0 90 90 109 1.1 69 1.3 68 1.8 80 2.3 71 3.7 3619 1486 25.1 25.2 25.1 26.1 26.5 26.9 27.3 -
2014-8-13 1:00:0024.6 22.8 24.8 24.5 1,004.9 0 90 89 76 2.7 89 2.2 79 1.9 90 2.2 88 4.2 4297 1701 25.2 25.3 25.1 26.2 26.6 27 27.4 -
2014-8-13 00:00:0024.7 22.8 24.7 24.3 1,005.5 0 89 89 80 2.5 88 2.3 94 2.1 101 2.3 94 4.7 3230 991 25.3 25.4 25.1 26.4 26.8 27.2 27.5 -
2014-8-12 23:00:0024.4 22.8 24.6 24.3 1,005.7 0 91 89 106 1.2 101 1.4 103 1.5 103 1.5 83 2.3 2992 1682 25.4 25.7 25.3 26.6 27 27.4 27.6 -
2014-8-12 22:00:0024.5 22.8 25 24.5 1,006.1 0 90 86 103 1.1 103 1.2 99 1.2 116 1.5 98 2.4 3235 1097 25.6 26 25.5 26.8 27.2 27.5 27.7 -
2014-8-12 21:00:0025 22.5 25.1 24.9 1,006.1 0 86 86 100 1.3 107 1.2 104 1.4 116 1.8 122 3.3 3263 1974 26 26.3 26 27.1 27.4 27.6 27.8 -
2014-8-12 20:00:0025.1 22.8 25.4 25 1,005.8 0 87 85 113 1.5 116 1.7 121 1.6 121 1.6 119 2.4 2632 1965 26.3 26.7 26.3 27.4 27.7 27.8 27.9 -
2014-8-12 19:00:0025.4 22.7 25.8 25.3 1,005.3 0 85 81 117 2 109 1.1 104 1.1 105 1.2 117 2 4391 1965 26.7 27.3 26.7 27.8 28 27.9 27.9 -
2014-8-12 18:00:0025.8 22.5 26.2 25.7 1005 0 82 81 108 0.9 104 1.1 106 1.3 112 1.5 115 2.8 4430 1537 27.3 28.4 27.2 28.2 28.2 28 27.9 -
2014-8-12 17:00:0026.1 23 26.5 26.1 1,004.6 0 83 80 166 1 138 1.3 137 1.5 101 2.3 111 3.5 4314 1807 28.5 29.7 28.5 28.7 28.3 27.9 27.7 -
2014-8-12 16:00:0026.5 23.2 27 26.4 1,004.3 0 82 80 98 3.2 99 2.1 108 1.9 131 2.1 108 3.9 5382 1608 29.5 31.9 29.5 29.1 28.3 27.9 27.7 -
2014-8-12 15:00:0026.9 23.6 27 26.5 1,004.6 0 82 80 117 1.3 123 1.7 135 1.9 146 2.4 161 4.4 2087 2087 31.5 31.8 29.3 28.9 28.1 27.7 27.6 -
2014-8-12 14:00:0026.6 22.4 26.9 26.5 1,004.7 0 78 76 128 2.7 128 2.1 120 2.2 117 2.7 118 4.4 7297 1647 29.2 30.2 29.2 28.6 27.9 27.6 27.5 -
2014-8-12 13:00:0026.7 23 27 26.6 1,005.2 0 80 75 115 2.1 118 2.1 119 1.7 97 1.9 111 3.7 2485 1528 29.7 30.4 29.6 28.5 27.8 27.5 27.4 -
2014-8-12 12:00:0026.8 22.4 26.9 26.5 1,005.4 0 77 72 102 1.4 97 1.9 96 1.9 103 2 94 3.4 4233 2428 30.2 30.2 29.5 28.3 27.5 27.3 27.4 -
2014-8-12 11:00:0026.7 22.3 27 26 1,005.7 0 77 74 96 1.8 96 1.8 105 1.9 99 2.2 121 3.5 7997 2454 30 30.7 28.7 27.9 27.2 27.1 27.3 -
2014-8-12 10:00:0026.1 23.4 26.1 25.6 1,005.7 0 85 85 118 1.4 126 1 135 1.6 150 2.2 150 3.7 4862 3459 28.8 29.2 27.6 27.3 26.9 27 27.3 -
2014-8-12 9:00:0025.6 23.1 25.6 24.9 1005 0 86 86 115 1.4 127 1.6 82 1.5 2 4 346 6 6481 3026 27.7 27.7 26.2 26.6 26.7 27 27.3 -
2014-8-12 8:00:0024.9 23 25 24.7 1,004.9 0 89 85 20 3.4 15 2.6 16 2.2 16 2.2 27 3.5 5603 1565 26.4 26.4 26 26.5 26.6 27 27.4 -
2014-8-12 7:00:0024.7 22.6 24.8 24.2 1,005.2 0 88 86 167 0.2 107 0.1 82 0.6 70 1 67 1.8 6024 2305 26.1 26.1 25.3 26.3 26.6 27.1 27.5 -
2014-8-12 6:00:0024.3 22.4 24.3 24.1 1,004.5 0 89 88 119 0.5 110 0.9 87 0.9 79 1.3 75 2.3 5467 1240 25.4 25.4 25.2 26.3 26.7 27.2 27.6 -
2014-8-12 5:00:0024.2 22.5 24.4 24.1 1,004.2 0 90 88 60 0.8 89 0.8 88 1 87 1 34 1.7 13683 3172 25.3 25.5 25.2 26.4 26.9 27.4 27.8 -
2014-8-12 4:00:0024.4 22.1 24.6 24.3 1,004.4 0 87 86 29 0.4 45 0.6 84 0.9 89 1.5 85 2.7 6524 2464 25.5 25.6 25.4 26.6 27 27.6 27.9 -
2014-8-12 3:00:0024.5 22.2 24.6 24.4 1,004.3 0 87 86 83 0.8 76 0.8 85 1.2 89 1.4 89 2.7 4473 4473 25.5 25.7 25.5 26.7 27.2 27.7 28 -
2014-8-12 2:00:0024.5 22.6 24.8 24.5 1,004.6 0 89 87 81 1.1 87 1 91 1.2 89 1.6 86 2.2 7447 2289 25.7 25.9 25.7 26.9 27.4 27.8 28.1 -
2014-8-12 1:00:0024.7 22.6 24.9 24.5 1,004.4 0 88 85 79 1.6 87 1.2 89 1.6 90 1.7 92 2.7 6007 1265 25.8 26 25.8 27.1 27.6 28.1 28.3 -
2014-8-12 00:00:0024.8 22.5 24.9 24.6 1005 0 87 86 104 1 90 1.3 92 1.3 89 1.8 93 3.1 6024 2137 26.1 26.4 26 27.3 27.8 28.2 28.4 -
2014-8-11 23:00:0024.7 22.8 24.9 24.7 1005 0 89 87 92 1.2 101 1.3 102 1 90 1.6 85 2.8 12117 2763 26.3 26.6 26.3 27.6 28.1 28.4 28.6 -
2014-8-11 22:00:0024.8 22.9 25.3 24.8 1,004.7 0 89 85 89 1 113 1.2 129 1.5 136 1.9 147 3.1 5090 2065 26.5 26.9 26.5 28 28.4 28.6 28.7 -
2014-8-11 21:00:0025.2 22.7 25.3 25.1 1,005.2 0 86 85 85 1.3 95 1.5 95 1.3 93 1.5 94 2.5 1197 1197 26.9 27.2 26.8 28.3 28.8 28.9 28.9 -
2014-8-11 20:00:0025.3 22.8 25.7 25.2 1,004.7 0 86 82 125 0.8 103 0.9 103 1.1 99 1.9 95 3.3 4944 2897 27.2 27.7 27.2 28.8 29.2 29.2 29 -
2014-8-11 19:00:0025.8 22.5 26.5 25.7 1,003.9 0 82 77 112 0.9 104 2 97 1.9 90 2.5 107 4.1 6668 1554 27.6 28.8 27.6 29.5 29.7 29.4 29 -
2014-8-11 18:00:0026.5 22.1 27.4 26.5 1,003.5 0 77 71 126 2.7 100 1.5 97 1.7 93 2.6 90 4.3 5763 2397 28.8 30.8 28.8 30.3 30.2 29.6 29 -
2014-8-11 17:00:0027.4 21.9 28.4 27.4 1,003.3 0 72 67 108 2.7 101 2.3 75 2.3 84 3.4 84 6 2407 2407 30.6 33.5 30.6 31.3 30.5 29.6 28.8 -
2014-8-11 16:00:0028.4 21.9 29 28.4 1,003.2 0 68 61 14 0.9 79 2.1 79 2.2 76 2.6 50 4.2 5638 4317 33.5 34.5 33.2 31.9 30.6 29.4 28.6 -
2014-8-11 15:00:0028.9 21.4 29.4 28.7 1,003.3 0 64 60 27 2.9 42 2.1 81 2.7 91 2.9 77 5.1 5851 3765 34.5 37 34.5 32.4 30.5 29.1 28.3 -
2014-8-11 14:00:0029.3 21.5 29.8 28.7 1,003.5 0 63 61 56 1.3 56 2.4 80 2.1 45 2.4 62 4.4 6559 2978 36.7 39.8 36.3 32.6 30 28.6 27.9 -
2014-8-11 13:00:0028.6 23.1 28.6 27.9 1,004.1 0 72 71 83 1.1 74 2.2 63 1.6 52 2.6 38 4.2 50000 4415 37.9 38.3 34.6 31.3 29.1 28.1 27.7 -
2014-8-11 12:00:0028 22.9 28.1 27.4 1,004.6 0 74 72 60 2.7 45 2.2 48 2.1 55 2.4 63 4.1 6938 1251 34.7 36.2 32.9 30.1 28.5 27.7 27.5 -
2014-8-11 11:00:0027.5 23.1 27.6 27 1,005.2 0 77 75 66 1.5 56 1.4 49 1.8 57 2.7 29 4.7 9524 2633 35.3 35.3 31.9 29.3 27.9 27.3 27.2 -
2014-8-11 10:00:0027.6 23.2 27.6 26.6 1,005.3 0 77 76 12 1.4 40 2.1 24 2.2 31 3.4 35 5.1 6261 2573 32.5 33 30 28.6 27.3 27 27.1 -
2014-8-11 9:00:0027 23.7 27 25.8 1,005.1 0 82 80 49 2.9 15 2.2 37 2.4 42 2.6 39 4.5 6279 2909 32.8 32.8 29 27.6 26.6 26.7 27.1 -
2014-8-11 8:00:0025.8 23.5 25.8 24.1 1,005.2 0 87 87 344 1.1 342 1.9 352 2.2 352 2.2 347 3.3 3368 3368 29.8 29.9 25.8 26.2 26.2 26.6 27.1 -
2014-8-11 7:00:0024.1 22.9 24.1 22.9 1,004.6 0 93 93 346 1.1 353 1 357 1.1 351 1.3 344 1.9 4354 1516 25.9 26.1 24.9 25.8 26.1 26.7 27.3 -
2014-8-11 6:00:0022.9 22.6 22.9 22.6 1,004.3 0 98 98 308 0.4 339 0.7 328 1.1 355 2 357 2.8 2714 2108 24.8 24.8 24.1 25.4 26.1 26.8 27.4 -
2014-8-11 5:00:0022.7 22.5 22.7 22.5 1004 0 99 99 336 1.1 344 1.3 346 1.6 348 1.8 351 3.1 3279 1365 24.1 24.2 24 25.5 26.2 26.9 27.5 -
2014-8-11 4:00:0022.5 22.5 22.6 22.4 1,003.7 0 100 98 339 1.9 322 1.6 320 1.5 348 1.7 350 2.4 3084 1070 24.2 24.2 23.8 25.6 26.3 27.1 27.6 -
2014-8-11 3:00:0022.5 22.5 22.9 22.5 1,003.4 0 100 98 356 0.9 345 1.2 346 1.4 348 2 338 3.1 3283 1239 23.8 24.3 23.8 25.8 26.6 27.3 27.8 -
2014-8-11 2:00:0022.9 22.7 23 22.7 1,003.7 0 99 98 319 1.1 313 0.9 321 0.9 344 2 343 3.4 3339 1685 24.2 24.5 24.1 26.1 26.9 27.6 28 -
2014-8-11 1:00:0023 22.7 23.2 22.9 1,003.8 0 98 97 346 2.1 346 2 338 1.6 340 1.7 355 2.7 2635 1274 24.4 24.8 24.4 26.4 27.2 27.8 28.2 -
2014-8-11 00:00:0023.3 23 23.6 23.2 1004 0 98 96 358 1.2 333 1 342 1.2 325 1.4 344 2.2 3736 1708 24.8 25.2 24.7 26.7 27.5 28 28.3 -
2014-8-10 23:00:0023.6 23.1 24.2 23.6 1,004.3 0 97 93 349 1.2 346 1.2 349 1.3 349 1.8 342 2.8 2761 1482 25.2 25.7 25.2 27.1 27.8 28.2 28.4 -
2014-8-10 22:00:0024.1 22.9 24.8 24.1 1,004.6 0 93 91 319 1 326 1.2 344 1.6 357 2.1 13 3.1 3490 1762 25.7 26.4 25.6 27.6 28.1 28.5 28.6 -
2014-8-10 21:00:0024.8 23.2 24.9 24.8 1,004.4 0 91 89 7 2.4 356 1.1 355 2.1 354 2.3 340 3.8 3515 2240 26.4 26.9 26.4 28.1 28.5 28.7 28.7 -
2014-8-10 20:00:0024.8 23.2 25.2 24.8 1,004.1 0 91 88 3 1.5 351 1.6 346 1.5 17 2 38 3.4 5068 2386 26.8 27.4 26.7 28.4 28.9 28.9 28.8 -
2014-8-10 19:00:0025.1 23 25.7 25 1,003.5 0 88 86 15 2.7 6 2 4 2 2 2.7 21 4.6 7090 2383 27.4 28.7 27.2 29 29.3 29.1 28.8 -
2014-8-10 18:00:0025.7 23.2 26.3 25.7 1,003.2 0 86 84 1 1.5 346 1.6 2 1.7 4 3 346 5 7513 2486 28.7 30.4 28.7 29.8 29.7 29.2 28.8 -
2014-8-10 17:00:0025.9 23.6 26.6 25.8 1,002.8 0 87 84 3 3.4 351 3.1 359 2.5 350 3.3 347 4.6 5326 3074 30.1 31.5 29.8 30.4 29.9 29.2 28.7 -
2014-8-10 16:00:0026.6 23.5 27.5 26.2 1,002.5 0 83 80 347 1.8 353 2.5 349 3.1 354 4.1 342 5.6 11093 2024 31.5 34.4 31.5 31.4 30.2 29.2 28.5 -
2014-8-10 15:00:0026.6 23.5 29.5 26.6 1,002.3 0 83 72 351 4.8 355 4 352 4 291 4.1 341 6.8 12223 4953 32.3 39.5 32.3 32.3 30.1 28.7 28.2 -
2014-8-10 14:00:0028.5 23.9 28.8 27.1 1,002.3 0 76 75 293 3.7 285 3.5 290 4.1 291 4.2 299 7 6871 2849 37.9 38.6 34 31.4 29.2 28.3 27.9 -
2014-8-10 13:00:0027.1 23.6 28.1 26.9 1,002.8 0 81 77 297 3.5 302 3.1 298 3.8 323 4.4 313 6.9 5792 4507 33.7 36.7 32.9 30.2 28.6 27.9 27.7 -
2014-8-10 12:00:0026.9 23.8 26.9 25.9 1,003.3 0 83 82 288 4.4 306 3 300 4.1 298 4.3 317 7 5958 2767 32.9 34 30.5 29.3 28 27.6 27.6 -
2014-8-10 11:00:0025.9 23.6 26.2 25.6 1,003.8 0 87 85 306 4.5 312 3.9 308 4 304 4.4 301 7.2 4474 3416 30.7 32.9 30.1 28.5 27.5 27.4 27.5 -
2014-8-10 10:00:0025.8 24 25.8 24.6 1,003.9 0 90 89 293 3.1 305 3.4 313 3.2 318 3.4 319 5.8 7240 2026 31.6 31.6 27.8 27.6 27.1 27.2 27.5 -
2014-8-10 9:00:0024.7 23.7 24.8 24.1 1,003.6 0 94 94 308 2.1 320 2.7 319 3.1 324 4.3 322 7.2 3266 2346 28 28.7 27 27.1 27 27.2 27.5 -
2014-8-10 8:00:0024.2 23.5 24.3 23.9 1,003.5 0 96 96 311 4.4 300 4.6 301 3.8 318 4.3 327 7.1 2641 1186 27 27.4 26.5 26.9 26.9 27.2 27.6 -
2014-8-10 7:00:0024.1 24.1 24.3 23.9 1,002.8 0 100 100 345 3.4 336 2.9 330 2.7 330 3.7 313 6.9 1516 1148 26.4 26.4 25.9 26.6 26.9 27.3 27.7 -
2014-8-10 6:00:0024.1 24.1 24.2 24 1,002.7 0 100 100 323 1.1 328 1.8 324 2 324 2.9 324 5.2 1477 1315 25.9 25.9 25.7 26.6 26.9 27.3 27.8 -
2014-8-10 5:00:0024.2 24.2 24.2 23.9 1,002.6 0.1 100 100 341 1.4 319 1.8 328 1.8 328 1.8 316 2.9 3357 1022 25.8 25.9 25.8 26.6 27 27.5 27.9 -
2014-8-10 4:00:0024 24 24.4 23.9 1,002.4 2.7 100 100 330 1.3 333 1.1 322 1 336 2.3 316 4 2720 1023 25.8 26 25.5 26.7 27.2 27.6 28 -
2014-8-10 3:00:0024.3 24.3 24.5 24.3 1,002.2 1.5 100 99 328 2.5 331 1.6 340 2.1 340 2.1 348 3.7 1301 1032 26 26.3 26 27 27.3 27.7 28 -
2014-8-10 2:00:0024.5 24.5 25.3 24.5 1,002.1 0.2 100 99 96 0.5 97 0.4 106 1 124 1.4 105 2.2 4325 1863 26.2 26.6 26.2 27.2 27.4 27.8 28.1 -
2014-8-10 1:00:0025.3 25.1 25.5 25.2 1,002.3 0 99 99 108 0.9 127 0.9 106 0.7 31 1.1 25 1.4 3927 2312 26.6 26.8 26.6 27.3 27.5 27.9 28.2 -
2014-8-10 00:00:0025.5 25.5 25.5 25.3 1,002.8 0 100 99 46 0.4 51 0.3 47 0.1 23 1.4 29 2.2 4254 1786 26.7 26.8 26.6 27.4 27.7 28 28.2 -
2014-8-9 23:00:0025.5 25.3 25.5 25.3 1,003.2 0 99 99 27 2.1 23 1.4 22 1.2 34 1.2 27 2.1 3184 2008 26.8 26.8 26.7 27.5 27.8 28.1 28.3 -
2014-8-9 22:00:0025.3 25.1 25.5 25.3 1,003.2 0 99 97 38 1.5 37 1.2 43 1.1 39 1.3 38 2 3118 1223 26.7 27 26.7 27.6 27.9 28.1 28.3 -
2014-8-9 21:00:0025.5 25.3 25.6 25.4 1,003.6 0.2 99 98 10 1.4 20 1.1 17 1.2 17 1.2 39 1.8 3578 1471 27 27.2 26.9 27.8 28 28.2 28.4 -
2014-8-9 20:00:0025.5 25.2 25.6 25.4 1,003.2 0 98 98 75 0.6 86 1 97 0.7 114 1.3 132 1.5 3407 1476 27.2 27.3 27.2 28 28.2 28.4 28.5 -
2014-8-9 19:00:0025.5 25.2 26.1 25.4 1,002.8 0 98 94 184 0.7 131 1.1 111 1.3 111 1.3 88 1.9 3409 3409 27.3 27.8 27.3 28.2 28.4 28.5 28.6 -
2014-8-9 18:00:0026 25 26.1 25.9 1,002.7 0 94 92 54 1 37 1.2 33 1.1 92 1.5 87 2.2 7444 2255 27.9 28.4 27.8 28.5 28.6 28.6 28.5 -
2014-8-9 17:00:0025.8 24.8 26 25.8 1,002.3 0 94 92 83 1.2 88 1.1 94 1.5 132 2.1 83 3.4 7263 2595 28.4 29.2 28.4 28.8 28.7 28.5 28.5 -
2014-8-9 16:00:0025.9 24.7 26 25.6 1,002.5 0 93 93 126 1.3 131 1.3 134 1.8 97 2.1 95 3.6 5209 2192 29.1 29.5 28.9 29 28.7 28.6 28.5 -
2014-8-9 15:00:0025.6 24.6 25.7 25.5 1003 0 94 93 110 2.5 115 1.9 119 1.7 103 2.9 116 5.7 7750 1685 29 29.8 28.9 29.1 28.8 28.5 28.4 -
2014-8-9 14:00:0025.6 24.9 26.3 25.4 1,003.2 0 96 93 100 1.6 94 3.2 102 2.7 114 3.6 111 6.3 6751 2316 29.7 30.9 29.1 29.3 28.8 28.4 28.3 -
2014-8-9 13:00:0026.3 25.3 27.1 26.3 1,003.5 0 94 91 118 3.4 109 3 107 3.4 106 3.6 114 6.2 10471 2739 30.9 33.4 30.8 29.8 28.7 28.2 28.2 -
2014-8-9 12:00:0026.9 25.5 26.9 25.5 1,003.7 0 92 92 74 2.5 69 2.1 73 1.7 98 2 97 3.1 1829 1829 32.8 32.8 30.1 29.1 28.2 28 28.1 -
2014-8-9 11:00:0025.5 25.3 25.6 25.1 1,003.9 0.2 99 98 102 1.3 102 1.5 97 2 95 2.1 76 3.2 5439 692 30.4 30.5 28.9 28.3 27.7 27.8 28 -
2014-8-9 10:00:0025.2 25 25.3 24.5 1,004.2 0.1 99 98 95 1.6 103 1.3 109 1.2 177 1.4 152 1.8 2575 2225 28.8 29 28.1 27.8 27.5 27.7 28.1 -
2014-8-9 9:00:0024.6 24.6 25 24.6 1,004.1 1.1 100 100 167 1 171 0.9 177 1.4 177 1.5 177 2.3 3709 1268 28.1 28.1 26.7 27.3 27.3 27.7 28.1 -
2014-8-9 8:00:0024.9 24.9 25 24.7 1,003.7 0.7 100 100 189 0.1 183 0.2 188 0.3 339 1.2 343 1.7 1856 1430 26.7 27.1 26.6 27.2 27.4 27.8 28.2 -
2014-8-9 7:00:0025 25 25.1 24.9 1,003.5 0.2 100 100 350 0.9 331 1.1 338 1 343 1.2 5 1.9 2077 1567 26.6 26.6 26.1 27 27.3 27.9 28.3 -
2014-8-9 6:00:0025 25 25 24.8 1,002.8 4.4 100 100 325 0.6 321 0.4 304 0.6 304 1.6 296 2 3993 1092 26.2 26.2 25.8 26.9 27.4 28 28.4 -
2014-8-9 5:00:0025 25 25.5 25 1003 7.4 100 99 268 0.5 266 0.4 291 0.8 219 2.2 274 3.2 1686 938 26 26.3 25.9 27.1 27.7 28.2 28.6 -
2014-8-9 4:00:0025.5 25.3 25.6 25.4 1,002.8 0.8 99 97 235 3.2 225 2.4 186 1.5 39 1.7 235 3.2 1023 898 26.4 26.7 26.4 27.5 27.9 28.3 28.7 -
2014-8-9 3:00:0025.6 25.3 25.6 25.4 1,002.7 0 98 97 41 1.9 29 1.8 17 1.5 17 1.5 15 2.7 3979 1104 26.7 26.7 26.4 27.6 28 28.5 28.8 -
2014-8-9 2:00:0025.5 25 25.7 25.5 1,002.7 0 97 97 97 1.3 94 1.4 82 1.4 48 1.7 53 2.7 3481 1481 26.6 26.9 26.5 27.7 28.2 28.6 28.9 -
2014-8-9 1:00:0025.6 25.3 25.8 25.6 1,003.5 0 98 97 34 1.4 29 1.4 27 1.3 46 1.5 35 2.5 4127 1197 26.8 26.9 26.6 27.9 28.3 28.7 29 -
2014-8-8 23:00:0025.9 25.4 26.2 25.9 1,004.1 0 97 96 38 1 53 1.6 46 1.7 79 2 59 3.3 3399 1457 27 27.1 26.9 28.2 28.7 29 29.3 -
2014-8-8 22:00:0026.2 25.5 26.4 26.1 1,003.8 0 96 96 66 2.7 72 2.1 79 2 78 2.4 61 4.7 5386 1461 27.1 27.6 27.1 28.6 28.9 29.2 29.4 -
2014-8-8 21:00:0026.4 25.9 26.7 26.4 1,003.9 0.3 97 95 70 0.5 52 1.4 58 1.9 71 2.5 80 4.7 4450 1530 27.6 27.8 27.5 28.8 29.1 29.4 29.5 -
2014-8-8 20:00:0026.8 25.8 27.5 26.8 1003 0.2 94 88 95 1.9 67 2.7 68 2.4 91 2.9 77 5.3 3345 2586 27.6 28.2 27.6 29 29.4 29.6 29.6 -
2014-8-8 19:00:0027.5 25.1 27.7 27.5 1,002.7 0 87 86 93 2.3 99 2.9 90 2.7 89 3.5 90 5.6 5584 2227 28.2 28.9 28.1 29.4 29.7 29.8 29.7 -
2014-8-8 18:00:0027.7 25.3 28.2 27.7 1,002.3 0 87 84 114 3.1 104 2.3 100 2.6 97 2.9 89 5.9 7884 3823 28.9 29.8 28.8 29.9 29.9 29.9 29.8 -
2014-8-8 17:00:0028.1 25.3 28.5 28.1 1002 0 85 82 98 2.8 90 2.5 92 2.5 90 3.3 76 5.6 6934 2275 29.7 30.2 29.7 30.3 30.2 30 29.8 -
2014-8-8 16:00:0028.5 25.3 28.7 28.4 1,001.8 0 83 82 154 2 86 3.1 85 3.3 93 3.4 95 5.8 11143 2254 30.1 31 30 30.7 30.4 30 29.7 -
2014-8-8 15:00:0028.7 25.3 29 28.7 1,001.9 0 82 82 83 3.7 97 2.9 93 3.4 93 3.5 99 6 10473 4134 31 32.7 31 31.4 30.7 30 29.6 -
2014-8-8 14:00:0029.1 25.7 30.7 29.1 1,001.9 0 82 77 92 3.3 93 2.9 92 3.2 96 3.7 108 7.1 5568 2656 32.6 41.9 32.6 32.5 30.5 29.6 29.4 -
2014-8-8 13:00:0030.3 27.1 30.3 27.5 1,002.1 0 83 83 124 2.7 117 3.1 95 3.3 87 3.6 83 6.5 8725 2759 40.5 40.5 30.5 30.7 29.4 29.2 29.3 -
2014-8-8 12:00:0027.5 26.4 27.6 27.3 1,002.8 0 94 92 69 1.3 77 2.9 81 3.6 91 3.8 73 6.5 7340 2980 30.4 30.7 29.1 29.4 29.2 29.2 29.3 -
2014-8-8 11:00:0027.6 26.4 27.9 27.6 1,003.6 0 93 90 106 3.5 92 2.9 96 2.7 102 3.6 112 5.5 5017 1788 29.2 30.1 29.1 29.4 29.2 29.2 29.3 -
2014-8-8 10:00:0027.9 26.1 27.9 27.5 1,003.4 0 90 90 99 4.2 106 3.4 104 3.4 104 3.4 95 6.1 7071 2079 30.2 30.2 29.6 29.5 29.2 29.2 29.3 -
2014-8-8 9:00:0027.5 26.1 28.4 27.5 1003 0 92 90 69 1.8 89 3.2 94 3.5 92 4.6 75 8 4252 1821 29.8 33.1 29.7 29.5 29.1 29.1 29.3 -
2014-8-8 8:00:0028.1 26.9 28.1 26.8 1,002.5 0 93 93 97 4 94 4.4 90 4 90 4 99 11.8 7025 1527 32.6 32.6 28.6 29 28.8 29.1 29.4 -
2014-8-8 7:00:0026.8 26.5 26.8 26.3 1,002.3 0 98 98 102 3.4 92 2.9 93 2.9 93 2.9 77 5.1 9239 1206 28.5 28.5 27.5 28.5 28.8 29.2 29.5 -
2014-8-8 6:00:0026.4 26.2 26.4 26.3 1,002.1 0.1 99 99 99 2.5 99 2.3 93 2 100 2.6 97 4.9 5326 2122 27.5 27.5 27.4 28.4 28.9 29.3 29.7 -
2014-8-8 5:00:0026.4 26.4 26.5 26.3 1002 1.4 100 98 107 1.3 103 2.3 95 2.2 76 2.3 88 4.2 4827 1863 27.5 27.6 27.4 28.6 29 29.4 29.7 -
2014-8-8 4:00:0026.5 26.3 26.8 26.5 1,001.7 0.4 99 98 128 0.8 105 1.5 67 1.8 41 2.4 18 4.3 4407 3300 27.6 27.8 27.6 28.8 29.2 29.6 29.9 -
2014-8-8 3:00:0026.7 26.5 26.9 26.7 1,001.6 0.1 99 97 104 2.1 105 2.1 93 1.9 105 2.1 128 3.8 5235 3354 27.7 28.1 27.6 28.9 29.4 29.8 30.1 -
2014-8-8 2:00:0026.8 26.6 26.9 26.7 1,001.8 0 99 98 95 1.9 93 2 91 1.9 118 2.4 118 4.7 3209 2314 28 28.1 27.9 29.1 29.6 30 30.2 -
2014-8-8 1:00:0026.9 26.6 27 26.8 1,001.9 0 98 98 100 1.6 105 2.1 102 2.1 90 2.4 76 4.2 5367 1896 28.1 28.4 28.1 29.3 29.8 30.2 30.4 -
2014-8-8 00:00:0026.9 26.7 27 26.7 1,002.8 0 99 98 98 2.4 102 2.2 97 2.1 85 2.6 87 4.4 6315 1495 28.3 28.4 28 29.5 30 30.4 30.6 -
2014-8-7 23:00:0026.8 26.6 27.2 26.7 1,002.8 0.2 99 97 86 3.2 83 2.6 88 2.3 91 2.5 83 3.9 4533 2377 28.2 28.7 28.2 29.8 30.3 30.7 30.8 -
2014-8-7 22:00:0027.1 26.6 27.2 27 1003 0 97 96 75 2.8 88 2.3 91 2.5 92 2.6 97 4.3 10278 2216 28.6 28.7 28.6 30.1 30.6 30.9 31 -
2014-8-7 21:00:0027.1 26.6 27.2 27 1,002.9 0 97 96 107 2 93 1.8 93 1.7 122 2.8 119 5.5 3460 1334 28.6 29 28.6 30.4 31 31.2 31.2 -
2014-8-7 20:00:0027 26.8 27.4 27 1,002.5 0.3 99 94 118 2.1 109 1.8 108 1.8 105 2.1 87 3.9 3837 2002 29 29.5 29 30.9 31.4 31.5 31.3 -
2014-8-7 19:00:0027.4 26.3 27.6 27.2 1,002.2 0 94 94 96 1.7 102 1.9 98 2 125 2.5 118 5.2 4436 1530 29.5 30.1 29.4 31.6 32 31.9 31.6 -
2014-8-7 18:00:0027.6 26.7 29.1 27.6 1,001.2 1.1 95 83 126 1.9 125 2.1 128 2.4 119 3.4 121 5.6 6406 3693 30.1 31.2 30.1 32.3 32.6 32.3 31.6 -
2014-8-7 17:00:0029.2 26 30.3 29.2 1,000.9 0 83 78 112 5.7 119 3.1 120 3.1 117 4.5 109 8.1 18150 1226 31.3 34.9 31.3 33.5 33.3 32.5 31.7 -
2014-8-7 16:00:0030.3 26.2 30.8 30.2 1,001.1 0 79 78 145 1.8 129 3.6 125 3.6 116 5 108 8.8 13518 2674 35 36.6 35 34.6 33.8 32.7 31.6 -
2014-8-7 15:00:0030.8 26.5 32.3 30.8 1,000.7 0 78 71 124 5.1 118 4.7 117 4.2 118 4.5 117 9 10922 1735 36.6 42.2 36.6 35.7 34.1 32.5 31.3 -
2014-8-7 14:00:0032.2 26 32.4 31.7 1,001.3 0 70 69 103 2.7 115 3.6 119 4.3 122 4.5 107 8 12293 5261 41.5 44.3 40.1 36.5 33.9 32.1 31 -
2014-8-7 13:00:0031.7 26.7 32.7 31.7 1,001.3 0 75 70 110 4.9 114 3.5 112 4 107 4.5 109 7.4 7923 7923 40.1 44 39.9 36.1 33.5 31.6 30.5 -
2014-8-7 12:00:0032.3 25.9 32.7 32.1 1,002.1 0 69 69 124 4 122 3.8 127 3.2 128 3.7 148 6.6 8244 6107 42.5 44.3 42.1 35.7 32.8 31 30.2 -
2014-8-7 11:00:0032 27.2 32 31.1 1,002.7 0 76 74 137 3.4 137 2.1 124 3.2 115 4 107 7.3 17743 7672 43.6 43.6 41.2 34.6 31.7 30.3 29.8 -
2014-8-7 10:00:0031.3 27 31.4 30.4 1003 0 78 77 128 6.7 128 3.8 144 3.2 134 3.6 128 6.7 18408 6712 41 41.9 38.8 33 30.6 29.7 29.6 -
2014-8-7 9:00:0030.4 26.8 30.4 29.5 1,003.2 0 81 80 163 4.1 140 2.9 137 3.5 139 4.3 155 6.6 16660 7373 38.6 38.6 33.7 31.1 29.7 29.4 29.5 -
2014-8-7 8:00:0029.6 26.6 29.7 28.4 1,003.2 0 84 84 168 4.2 145 3.5 147 3.4 154 4 163 6.8 27141 2877 33.6 34 29.5 29.6 29.1 29.3 29.6 -
2014-8-7 7:00:0028.2 26.6 28.2 27.4 1,002.8 0 91 91 137 1.2 149 2.9 154 2.9 150 3.6 163 6.2 15524 5022 29.6 29.6 27.8 28.6 28.9 29.4 29.7 -
2014-8-7 6:00:0027.4 26.5 27.4 26.7 1,002.3 0 95 95 81 2 142 3.3 138 2.9 138 2.9 148 5.9 6414 3626 27.7 27.7 27.1 28.5 29.1 29.6 29.9 -
2014-8-7 5:00:0026.9 26.4 27.4 26.9 1002 0 97 96 108 2.1 113 2.3 113 2.4 113 2.4 113 3.5 1753 1753 27.3 27.9 27.3 28.7 29.2 29.7 30.1 -
2014-8-7 4:00:0027.4 26.9 27.7 27.3 1,002.2 0 97 94 100 1 99 1.7 96 1.7 140 2.4 146 4.2 7525 2870 27.9 27.9 27.4 28.8 29.4 29.9 30.3 -
2014-8-7 3:00:0027.5 26.6 27.7 27.3 1,002.2 0 95 93 152 2.5 139 2.1 140 2.4 132 3 122 5.2 12634 3138 27.4 27.5 27.3 28.9 29.6 30.2 30.5 -
2014-8-7 2:00:0027.4 26.3 27.4 27.1 1,002.4 0 94 94 104 1.5 134 1.6 135 1.9 127 3.1 126 5.2 11165 3515 27.5 27.7 27.4 29.3 30 30.5 30.7 -
2014-8-7 1:00:0027.2 26.5 28 27.2 1,002.7 0 96 92 125 2.2 115 2.2 113 2.3 108 2.4 123 3.8 5916 4893 27.7 28.1 27.7 29.6 30.3 30.8 31 -
2014-8-7 00:00:0028 26.8 28.3 28 1,003.6 0 93 92 113 1.9 132 2 138 1.9 140 2.6 132 4.4 8883 2840 28.1 28.5 28.1 30 30.7 31.1 31.2 -
2014-8-6 23:00:0028.2 26.8 28.5 28.2 1,003.9 0 92 90 133 2.1 147 1.9 140 2.3 138 3.2 117 5.6 9463 5531 28.5 28.9 28.5 30.4 31.1 31.4 31.5 -
2014-8-6 22:00:0028.5 26.7 28.7 28.4 1,003.8 0 90 90 172 3 134 3.5 138 2.8 132 3.5 133 6.9 6861 1680 28.9 29.4 28.9 30.9 31.6 31.8 31.7 -
2014-8-6 21:00:0028.6 27.4 28.9 28.6 1,003.7 0 93 90 120 4 124 2.7 131 2.9 128 4.4 116 7.3 7389 6047 29.4 30 29.4 31.5 32.1 32.2 31.9 -
2014-8-6 20:00:0028.8 27.2 29.1 28.8 1,003.2 0 91 88 130 4.8 127 4.1 128 4.3 128 4.3 132 7.9 7390 2918 30 30.9 29.9 32.3 32.8 32.6 32.1 -
2014-8-6 19:00:0029.1 26.9 30.2 29.1 1,002.7 0 88 83 111 2.9 120 3 123 2.9 119 3.5 111 6.3 35343 2651 30.9 32.3 30.8 33.3 33.5 33 32.2 -
2014-8-6 18:00:0030.2 26.8 31.3 30.2 1,002.2 0 82 78 168 1.6 119 2.8 120 2.8 119 3.6 115 7.1 7432 5423 32.4 35.6 32.4 34.5 34.3 33.3 32.2 -
2014-8-6 17:00:0031.3 27 32.1 31.2 1,001.5 0 78 75 136 3.2 123 3.6 125 3.6 139 4.1 128 7.7 2994 2994 35.7 38.6 35.7 35.9 34.9 33.5 32.1 -
2014-8-6 16:00:0032.1 27.6 33 31.9 1001 0 77 73 123 2 135 3.4 133 4.1 132 4.5 130 7.4 12406 7568 38.5 42.4 37.8 36.9 35.3 33.4 31.9 -
2014-8-6 15:00:0032.9 27.6 33.6 32.8 1,001.4 0 74 73 167 2.9 142 3.9 135 3.4 147 5.1 150 8.5 10911 3977 42.3 45 42.3 38.1 35.3 33.1 31.5 -
2014-8-6 14:00:0033.5 28.2 34.2 33.3 1,001.4 0 74 71 151 4.2 150 4.3 149 5.1 151 5.2 148 8 11578 2691 45 46.7 44.3 38.4 35 32.5 31 -
2014-8-6 13:00:0034.1 28.3 34.3 33.4 1,002.1 0 72 72 163 3.9 158 3.7 163 3.2 163 3.6 152 5.7 7283 2635 46.9 47.3 43 37.8 34 31.7 30.5 -
2014-8-6 12:00:0033.5 28.2 33.5 32.6 1,002.8 0 74 74 179 2.1 188 3.2 173 2.8 187 3 187 4.6 10311 4428 46.5 46.5 44.6 36.6 33 31 30.1 -
2014-8-6 11:00:0032.6 27.6 32.9 32 1,003.4 0 75 75 183 2.4 174 2.5 170 2.5 187 2.9 193 4.5 8239 4513 44.5 44.7 41.3 34.9 31.8 30.3 29.7 -
2014-8-6 10:00:0032 27.7 32 31.1 1,003.7 0 78 77 50 0.6 57 1.2 144 1.6 125 1.9 187 3.5 9397 2995 42 42.1 38.2 33.1 30.6 29.7 29.5 -
2014-8-6 9:00:0031.2 27.5 31.2 30 1,003.6 0 81 81 124 2.4 114 2 132 1.9 164 2.7 151 4.2 11236 6545 38.2 38.2 34.2 31.3 29.7 29.3 29.4 -
2014-8-6 8:00:0030.3 27.3 30.3 28.7 1,003.2 0 84 84 187 3.1 171 2.8 165 2.3 167 2.9 179 4.7 7836 4232 34.2 34.2 29.7 29.7 29.1 29.2 29.5 -
2014-8-6 7:00:0028.8 26.8 29 27.7 1,003.3 0 89 88 167 1.9 162 2.6 161 2.4 156 2.5 139 4.2 9409 3832 29.7 29.8 27.7 28.7 28.8 29.2 29.6 -
2014-8-6 6:00:0027.7 26.5 27.7 27.3 1003 0 93 93 135 2.3 157 2.5 159 2.2 149 2.6 147 5 4712 1770 27.7 27.7 27 28.3 28.9 29.4 29.8 -
2014-8-6 5:00:0027.4 26.3 27.4 27.1 1,002.9 0 94 94 163 4.6 146 2.4 151 2.5 151 2.5 163 4.6 7581 2991 27 27.1 27 28.5 29.1 29.7 30 -
2014-8-6 4:00:0027.2 26.5 27.3 27.1 1,002.4 0 96 95 163 2.3 137 2 142 2.1 144 2.2 137 4.2 12701 1713 27.1 27.4 27.1 28.8 29.4 29.9 30.2 -
2014-8-6 3:00:0027.4 26.5 27.6 27.3 1,002.5 0 95 94 128 2.1 142 1.7 134 1.7 138 2.5 144 4.5 9911 2455 27.3 27.6 27.3 29.1 29.7 30.2 30.4 -
2014-8-6 2:00:0027.6 26.5 27.8 27.5 1,002.8 0 94 93 143 2.5 149 2.8 146 2.5 143 3.3 144 5.8 6537 1479 27.6 27.9 27.6 29.3 30 30.5 30.6 -
2014-8-6 1:00:0027.7 26.5 28.1 27.7 1003 0 93 93 133 2.4 137 3.6 137 2.8 137 2.8 132 5.4 9601 3279 27.9 28.3 27.9 29.7 30.3 30.7 30.9 -
2014-8-6 00:00:0028 27.1 28.2 27.9 1,003.7 0 95 93 158 1.4 138 2.5 142 2.3 130 2.8 112 4.8 7665 2703 28.3 28.7 28.3 30.1 30.7 31 31 -
2014-8-5 23:00:0028 27.3 28.3 28 1,004.2 0 96 94 132 1.7 121 2.3 118 2.2 117 2.7 114 4.5 5956 1710 28.7 29.1 28.6 30.5 31.1 31.4 31.3 -
2014-8-5 22:00:0028.3 27.6 28.4 28.2 1,004.5 0 96 95 103 3.4 119 3 116 2.6 120 2.7 116 4.9 5886 2138 29 29.5 29 31.1 31.6 31.8 31.6 -
2014-8-5 21:00:0028.3 27.6 28.7 28.3 1,004.5 0 96 92 143 1.3 124 2 124 2.6 126 2.8 133 5.1 4730 2993 29.5 30.1 29.5 31.6 32.2 32.2 31.8 -
2014-8-5 20:00:0028.7 27.5 29.6 28.7 1,003.9 0 93 84 120 1.6 127 1.7 122 2.3 120 2.8 131 4.8 4636 1964 30.1 30.9 30.1 32.4 32.9 32.7 32 -
2014-8-5 19:00:0029.6 26.6 30.9 29.6 1,002.9 0 84 77 95 3.1 121 2.7 111 2.8 121 4 115 6.7 2450 1655 30.9 32.9 30.8 33.5 33.7 33.1 32.1 -
2014-8-5 18:00:0031 26.7 32.7 31 1,002.5 0 78 70 120 3.1 122 2.2 128 3 131 3.9 139 6.5 8738 6878 32.9 36.6 32.9 34.9 34.4 33.3 32.1 -
2014-8-5 17:00:0032.7 27.5 33.7 32.7 1,001.9 0 74 67 121 2.4 136 3.7 131 3.4 115 3.6 129 5.7 17923 9997 36.6 39.3 36.6 36.2 35 33.4 31.9 -
2014-8-5 16:00:0033.7 26.7 34.1 33.5 1,002.2 0 67 63 106 2.6 109 2.9 128 2.9 140 3.5 157 5.8 25214 12414 39.4 43 38.4 37.3 35.4 33.3 31.6 -
2014-8-5 15:00:0033.8 27.1 34.3 33.7 1,002.3 0 68 68 133 2.8 142 2.7 150 2.7 167 3.8 163 6.1 15099 10579 43 45.2 43 38.3 35.3 32.9 31.2 -
2014-8-5 14:00:0034.2 27.4 34.3 33.7 1,002.5 0 68 63 181 2.6 171 2.4 156 2.7 167 3.7 141 5.5 12567 5174 45 46.1 45 38.3 34.8 32.3 30.7 -
2014-8-5 13:00:0033.9 27.4 33.9 33.1 1,003.1 0 69 69 194 3.4 183 3.2 176 3.4 176 3.4 154 5.1 13052 5882 46 46.5 45.7 37.8 34 31.6 30.2 -
2014-8-5 12:00:0033.4 27.7 33.6 32.7 1,003.8 0 72 70 148 3.2 146 2.8 155 3 182 3 146 5 8369 7032 45.9 46 44.2 36.6 32.9 30.8 29.8 -
2014-8-5 11:00:0032.9 27.4 33 32.1 1004 0 73 71 189 3.2 184 3.1 180 2.7 180 2.7 184 3.7 9159 7186 44.2 44.3 41.5 35 31.7 30.1 29.4 -
2014-8-5 10:00:0031.9 27.4 32 31 1,004.1 0 77 76 83 1.4 101 1.6 129 2.1 167 2.5 159 3.9 12928 4056 41.5 41.6 38 33 30.5 29.4 29.2 -
2014-8-5 9:00:0031 27.1 31.1 29.6 1004 0 80 80 174 1.3 105 1.5 159 1.6 180 2.2 173 3.1 6140 5648 38 38.1 33.7 31.2 29.5 29.1 29.1 -
2014-8-5 8:00:0029.7 27.5 29.7 28.9 1004 0 88 88 128 2 154 1.3 160 1.7 163 1.9 164 3.1 5873 3014 33.4 33.4 30.4 29.4 28.9 29 29.2 -
2014-8-5 7:00:0028.9 27.5 28.9 27.5 1,003.7 0 92 91 186 1.3 153 1.2 156 1.6 156 2 158 3.4 4819 2129 30.3 30.3 27.7 28.6 28.7 29 29.3 -
2014-8-5 6:00:0027.5 27.2 27.5 27.1 1,003.4 0 98 97 140 0.7 141 0.9 139 1.6 153 2.6 138 4.7 3042 1932 27.6 27.6 27.1 28.3 28.8 29.2 29.5 -
2014-8-5 5:00:0027.1 26.9 27.2 26.7 1,002.7 0 99 98 151 4 148 2.8 146 2.3 146 2.3 151 4 3099 1623 27.2 27.3 27.1 28.5 29 29.4 29.6 -
2014-8-5 4:00:0026.8 26.8 27.1 26.8 1,002.6 0 100 100 158 0.9 137 1.2 130 1.2 95 1.7 96 2.5 2621 1216 27.4 27.6 27.3 28.7 29.2 29.6 29.8 -
2014-8-5 3:00:0027.1 27.1 27.5 27.1 1,002.5 0 100 99 84 2.1 110 1.1 102 1.3 99 2 104 3.2 1670 729 27.6 27.9 27.5 29 29.5 29.9 30 -
2014-8-5 2:00:0027.4 27.4 27.6 27.4 1,002.3 0 100 98 92 2.2 103 2.3 99 1.9 99 1.9 94 3.4 1458 882 27.8 28.1 27.8 29.3 29.8 30.1 30.2 -
2014-8-5 1:00:0027.6 27.4 28.1 27.6 1,002.5 0 99 95 84 0.6 100 1.5 99 1.5 100 1.7 104 2.8 2052 1242 28.1 28.4 28 29.6 30.1 30.4 30.4 -
2014-8-5 00:00:0028.1 27.2 28.3 28.1 1,003.2 0 95 92 118 1.3 98 1.7 99 1.4 89 2 92 3.3 2460 1812 28.4 28.7 28.4 30 30.5 30.7 30.6 -
2014-8-4 23:00:0028.2 26.8 28.7 28.2 1,003.4 0 92 91 85 2.7 91 1.7 95 1.6 99 1.6 85 2.7 4767 2924 28.8 29.2 28.7 30.4 30.9 31 30.8 -
2014-8-4 22:00:0028.8 27.2 29.2 28.8 1,003.5 0 91 88 107 1 104 1.1 104 1.3 127 2.3 115 4.1 2914 1425 29.2 29.7 29.2 30.9 31.4 31.4 31.1 -
2014-8-4 21:00:0029.2 27.2 29.8 29.2 1,003.4 0 89 85 108 1.7 125 1.6 123 1.9 128 2.6 132 5.3 3519 2960 29.6 30.3 29.6 31.5 31.8 31.7 31.2 -
2014-8-4 20:00:0029.8 27 30.9 29.8 1,002.7 0 85 77 90 2.6 115 1.9 115 2 126 2.4 137 4.3 7795 2382 30.3 31.2 30.3 32.3 32.5 32.1 31.4 -
2014-8-4 19:00:0030.9 26.4 32.2 30.9 1,002.2 0 77 70 115 1.9 122 2.3 125 2.2 116 2.8 121 5.4 7885 2573 31.2 33.2 31.2 33.3 33.2 32.5 31.4 -
2014-8-4 18:00:0032.2 26 33.6 32.2 1,001.5 0 70 68 91 1.6 107 2.5 111 2.8 117 3.3 122 6.1 14848 9149 33.3 36.1 33.3 34.6 33.9 32.7 31.4 -
2014-8-4 17:00:0033.6 27.1 34.9 33.2 1,001.1 0 69 63 103 2.8 115 3.7 134 3 135 3.3 102 5.8 10384 6860 36.2 37.9 36.2 35.8 34.4 32.7 31.2 -
2014-8-4 16:00:0035 26.6 36 35 1001 0 62 54 164 4.1 161 2.7 135 2 71 2 164 4.1 8924 8744 38.1 42.4 38.1 37 34.7 32.5 30.8 -
2014-8-4 15:00:0035.6 24.9 36.8 35.5 1001 0 54 48 129 1.6 130 1.4 162 1.4 83 2.3 88 4.5 12209 9960 42.2 45.8 41.6 37.6 34.6 32.1 30.4 -
2014-8-4 14:00:0036.2 23.8 36.5 35.7 1,001.2 0 49 49 230 0.6 195 1.4 269 1.5 303 2.7 344 4.5 13876 7989 45.8 46.3 45.1 37.8 34.1 31.4 29.9 -
2014-8-4 13:00:0035.7 25.3 36 34.6 1,001.8 0 55 54 302 4.7 299 3.5 304 2.5 232 2.5 302 4.7 9429 7311 46.1 46.2 44 36.9 33 30.6 29.4 -
2014-8-4 12:00:0034.8 25.9 34.9 34.1 1,002.1 0 60 60 248 2.5 250 2.4 236 1.9 206 2.7 206 4.4 9161 4677 45 45.2 40.2 35.5 31.9 29.9 28.9 -
2014-8-4 11:00:0034 26.7 34 32.4 1,002.3 0 66 65 179 2.2 223 1.5 224 1.8 209 2.7 192 3.7 4725 2426 43.9 43.9 40 34.1 30.8 29.2 28.6 -
2014-8-4 10:00:0032.4 26.9 32.5 30.9 1,002.4 0 73 73 226 1.8 204 2.4 219 2.2 217 2.5 213 3.5 3812 2246 40.5 40.6 37.2 32.3 29.7 28.6 28.3 -
2014-8-4 9:00:0031 27.4 31 29.8 1,002.4 0 81 81 253 2.3 239 2.2 228 1.8 234 1.9 222 3.4 3307 2564 37.2 37.2 33.2 30.4 28.7 28.2 28.2 -
2014-8-4 8:00:0029.8 27.4 29.8 28.9 1,002.4 0 87 85 203 1.4 220 1.9 222 1.6 209 2.2 206 3.5 3287 2354 33.2 33.2 29.9 28.9 28 28 28.2 -
2014-8-4 7:00:0028.9 26.9 28.9 27 1,002.3 0 89 89 205 1.1 226 1.4 224 1.6 222 1.8 218 3.1 2585 1521 30 30 26.9 27.9 27.7 28 28.3 -
2014-8-4 6:00:0027.1 26.6 27.1 26.6 1002 0 97 97 194 0.7 200 0.9 218 0.8 222 1.4 237 2.4 2311 1733 26.9 26.9 26.3 27.4 27.8 28.2 28.4 -
2014-8-4 5:00:0026.7 26.2 26.8 26.6 1,001.4 0 97 97 211 1.7 214 1.3 214 1.3 197 1.7 229 2.2 2671 1200 26.4 26.5 26.3 27.5 28 28.3 28.5 -
2014-8-4 4:00:0026.7 26.5 27 26.7 1,001.3 0 99 97 198 1.5 197 1.6 196 1.6 190 1.7 188 1.9 1898 986 26.5 26.8 26.5 27.7 28.2 28.5 28.7 -
2014-8-4 3:00:0026.9 26.6 27.2 26.9 1,001.1 0 98 95 187 1.4 184 1.6 182 1.4 184 1.6 161 2.1 2068 1170 26.8 27 26.7 28 28.4 28.7 28.8 -
2014-8-4 2:00:0027.1 26.4 27.3 27.1 1001 0 96 94 177 1 172 1.4 167 1.6 168 1.9 162 2.9 2689 2323 27 27.3 27 28.2 28.6 28.9 29 -
2014-8-4 1:00:0027.2 26.1 27.6 27.2 1,001.3 0 94 93 156 1.6 161 1.6 165 1.8 159 1.9 163 3.4 4814 1960 27.3 27.6 27.2 28.5 28.9 29.1 29.1 -
2014-8-4 00:00:0027.5 26.4 27.9 27.5 1,001.8 0 94 92 159 1.7 165 1.7 161 1.8 159 2.3 151 4.5 4127 2870 27.6 27.9 27.5 28.9 29.2 29.3 29.2 -
2014-8-3 23:00:0027.9 26.7 28.1 27.8 1002 0 93 92 171 1.5 142 2.1 152 2.1 150 2.6 149 5 6228 1831 28 28.3 27.9 29.2 29.6 29.6 29.4 -
2014-8-3 22:00:0028.1 26.9 28.6 28 1,001.9 0 93 91 157 2.4 131 1.3 138 2.1 145 2.9 161 5.4 5805 1514 28.3 29 28.3 29.7 29.9 29.9 29.5 -
2014-8-3 21:00:0028.6 27 29.1 28.6 1,001.5 0 91 86 124 4.7 141 2.4 148 2 148 2 124 4.7 7808 1672 29 29.6 29 30.3 30.3 30.1 29.6 -
2014-8-3 20:00:0029.1 26.5 30.2 29.1 1,000.7 0 86 78 113 1.3 103 1.4 102 1.3 102 1.3 73 2 6285 3054 29.4 30.3 29.4 30.8 30.8 30.3 29.7 -
2014-8-3 19:00:0030.1 25.8 32.6 30.1 1000 0 78 66 107 1 98 0.9 94 1.4 90 2.3 61 3.7 16000 6431 30.3 32.6 30.3 31.7 31.2 30.4 29.6 -
2014-8-3 18:00:0032.5 25.6 33.7 32.5 999.2 0 67 62 264 1.7 272 1.7 288 1.8 291 2.4 312 4.4 18958 13131 32.6 34.7 32.5 32.5 31.6 30.5 29.5 -
2014-8-3 17:00:0033.6 25.8 33.9 33.1 998.7 0 64 62 251 1.5 290 2.3 308 1.9 300 3.6 302 5.4 16897 11566 34.7 36.7 34.7 33.2 31.7 30.3 29.3 -
2014-8-3 15:00:0033.7 25.9 33.7 32.1 998.6 0 64 63 279 2.6 292 2.8 299 3.4 273 5 267 7.6 15891 5887 38.9 39.8 35.2 33.8 31.6 29.8 28.7 -
2014-8-3 14:00:0033 25.5 34 32.6 998.8 0 65 62 263 8 271 6.1 282 4.3 310 4.7 263 8 10356 4858 38.2 42.5 36.6 34.2 31.1 29.3 28.3 -
2014-8-3 13:00:0032.7 25.3 33.5 31.6 999.1 0 65 62 273 1.3 322 2.1 313 3.7 324 5.4 330 9.6 10162 2705 36.7 41.7 36.7 33.3 30.3 28.7 27.9 -
2014-8-3 12:00:0031.4 26.4 31.7 30.7 999.3 0 75 71 301 5.1 296 3.5 296 4.4 296 6.5 294 10.2 6167 2856 37.7 38.6 33.1 31.5 29.6 28.3 27.6 -
2014-8-3 11:00:0031.6 26.2 31.8 30.8 999.3 0 73 73 302 6.4 295 5.4 297 5.7 294 6.5 287 10.1 5591 1625 36.9 38.8 35.6 31.4 29 27.8 27.4 -
2014-8-3 9:00:0030 26.8 30 28.9 999.4 0 83 83 285 3.4 284 2.9 276 3.8 271 4.5 300 7.7 4766 3170 34.6 34.6 31 28.6 27.2 26.9 27 -
2014-8-3 8:00:0029 26.2 29 27.8 999.3 0 85 85 282 4 280 4 280 3.9 275 4.6 272 7.9 4407 1419 31.1 31.1 28.1 27.4 26.7 26.7 27 -
2014-8-3 7:00:0027.7 25.7 27.7 27.2 999.2 0 89 88 264 4.6 266 4 271 3.8 268 4.5 252 7.6 4951 4377 28.1 28.1 26.2 26.5 26.4 26.6 27 -
2014-8-3 6:00:0027.2 25.2 27.3 27 999 0 89 88 256 3.7 263 3.5 265 3.5 268 4.6 274 7.5 6369 2598 26.2 26.2 25.5 26.1 26.3 26.7 27.1 -
2014-8-3 5:00:0027.1 25.3 27.1 26.8 998.1 0 90 89 235 4 266 3.7 271 4 270 4.6 263 8.8 6902 1691 25.5 25.6 25.3 26.1 26.4 26.8 27.2 -
2014-8-3 4:00:0026.8 25.4 26.9 26.7 998 0 92 90 266 5.2 267 3.5 272 3.8 278 4.2 264 7.9 6004 2624 25.5 25.5 25.2 26.1 26.5 26.9 27.3 -
2014-8-3 3:00:0026.8 25.2 26.9 26.7 997.8 0 91 90 291 4.1 280 3.4 277 3.5 271 4.6 278 7.6 8168 3881 25.3 25.4 25.2 26.2 26.6 27 27.4 -
2014-8-3 2:00:0026.7 25.1 27.1 26.7 997.3 0 91 90 264 3.6 272 4.5 271 4.3 271 4.3 274 8.6 7112 5348 25.3 25.5 25.3 26.4 26.8 27.2 27.5 -
2014-8-3 1:00:0027 25.4 27.1 26.8 997.3 0 91 90 264 4.2 270 4.1 275 3.7 275 3.7 277 7.4 6748 5030 25.5 25.7 25.5 26.5 26.9 27.3 27.6 -
2014-8-3 00:00:0026.8 25.6 27.1 26.7 997.3 0 93 90 244 4.5 281 3.6 275 3.2 277 4.1 275 7.2 6039 4981 25.6 25.8 25.6 26.7 27.1 27.5 27.7 -
2014-8-2 23:00:0027.1 25.3 27.5 27 997.2 0 90 87 276 3.3 275 4.5 275 3.5 290 4.4 293 7.9 10100 6114 25.7 26 25.7 27 27.3 27.7 27.8 -
2014-8-2 22:00:0027.3 25.1 27.4 27.2 997.3 0 88 88 302 3.6 285 3.7 287 4.1 288 4.2 289 7.7 8851 4693 26 26.4 25.9 27.2 27.5 27.8 27.9 -
2014-8-2 21:00:0027.3 25.3 27.3 26.6 997.3 0.1 89 86 282 2.3 296 3.5 291 3.7 300 4.1 305 6.7 25740 3229 26.3 26.8 26.1 27.5 27.8 27.9 27.9 -
2014-8-2 20:00:0026.6 24.8 27.4 26.2 996.6 0.1 90 85 309 2.6 290 3.2 288 2.8 344 5.3 353 9.9 8436 3121 26.8 27.3 26.7 27.9 28.1 28.1 28 -
2014-8-2 19:00:0027.5 24.6 28.4 27.5 996.2 0 84 81 15 4.2 341 4.6 327 4.5 305 5.2 324 9.6 7344 3440 27.4 28.5 27.4 28.5 28.5 28.2 28 -
2014-8-2 18:00:0028.4 24.8 29.1 28 995.4 0 81 77 301 2.6 306 3.8 304 4.4 327 6.6 346 12.4 9462 4732 28.5 30.1 28.5 29 28.7 28.3 28 -
2014-8-2 17:00:0029.1 24.7 30.1 28.9 994.7 0 77 74 323 6.1 308 6.5 315 6 317 7.2 316 12.9 10745 6348 30.2 32.4 30.1 29.7 28.8 28.2 27.8 -
2014-8-2 16:00:0029 25.2 29.9 28.5 994.2 0 80 78 316 7.3 323 4 318 4.3 306 6.5 335 11.7 10827 5322 30.4 32.2 30.3 29.8 28.7 28 27.7 -
2014-8-2 15:00:0028.8 25.4 29.7 28.2 994.2 0 82 80 304 6.5 311 5.3 306 6.6 304 6.7 303 11.5 7987 4752 30.9 36.1 30.9 30.1 28.4 27.6 27.5 -
2014-8-2 14:00:0028.1 26.5 28.1 26.6 994.2 0 91 90 312 4.7 308 3.4 306 4.6 322 5.9 339 10.4 8147 1629 33.9 33.9 29.5 28.7 27.7 27.4 27.3 -
2014-8-2 13:00:0026.5 25.6 27.2 26.5 994.8 0.1 95 92 340 7 333 5.5 339 5.8 336 6.5 351 12.3 4962 2596 29.6 30.2 29 28.2 27.5 27.2 27.3 -
2014-8-2 12:00:0026.6 25.9 26.6 25.6 994.8 0.1 96 96 329 5.3 320 4.2 325 4.5 333 5.6 321 9.9 12153 3207 30.1 30.1 28.2 27.9 27.1 27 27.2 -
2014-8-2 11:00:0025.6 25.6 25.8 25.4 994.8 0.3 100 99 307 5.1 336 4.4 340 5 342 6.5 327 13.6 3872 2683 28.4 28.9 27.2 27.3 26.9 26.9 27.1 -
2014-8-2 10:00:0025.4 25.4 25.7 25.4 994.6 1.2 100 99 302 5.6 333 4.7 336 5 328 5.9 305 11.4 2404 1872 27.3 27.9 27.3 27.1 26.8 26.8 27.1 -
2014-8-2 9:00:0025.5 25.5 25.8 25.3 994.2 0.6 100 99 325 7.9 315 5.9 317 5.4 316 5.9 334 10.7 3496 2413 27.8 28.7 27.4 26.9 26.6 26.7 27.1 -
2014-8-2 8:00:0025.3 25.3 25.4 25 994.6 1.9 100 99 349 10.3 322 6.3 322 4.5 323 6 349 10.3 4019 2028 27.4 27.5 25.9 26.3 26.4 26.7 27.2 -
2014-8-2 7:00:0025 25 25 24.6 994.6 0.3 100 100 302 4.5 322 5.6 323 5 322 5.1 314 9.6 9591 2105 25.9 26.1 25.4 26.1 26.4 26.8 27.3 -
2014-8-2 6:00:0024.7 24.7 24.8 24.6 994.2 0.3 100 100 313 3.4 335 4.2 332 4.6 332 5.2 336 10 5308 3071 25.4 25.5 25.3 26.1 26.4 26.9 27.3 -
2014-8-2 5:00:0024.6 24.6 24.7 24.5 994 0.9 100 100 334 5.3 329 5.1 330 4.7 336 4.9 338 9.8 2971 2460 25.4 25.4 25.3 26.1 26.5 27 27.4 -
2014-8-2 4:00:0024.6 24.6 24.9 24.5 993.8 1.6 100 99 4 2.2 336 3.6 335 4.8 344 5.4 350 9.3 2564 1758 25.4 25.5 25.2 26.2 26.6 27.1 27.5 -
2014-8-2 3:00:0024.8 24.8 24.9 24.6 993.8 0.1 100 99 347 4.3 340 3.4 331 3.9 343 5.5 345 9.8 7400 3343 25.5 25.5 25.4 26.3 26.7 27.2 27.6 -
2014-8-2 2:00:0024.7 24.7 25.5 24.6 993.8 0.6 100 95 324 5.9 334 4.3 345 5.1 355 6.4 1 10.6 10954 1934 25.4 25.6 25.3 26.3 26.8 27.3 27.7 -
2014-8-2 1:00:0025.4 24.5 26.4 25.3 994.5 0.2 95 88 344 4.4 353 5.2 353 5.2 354 6.6 347 11.7 7540 3304 25.5 25.7 25.4 26.5 27 27.4 27.9 -
2014-8-2 00:00:0026.1 24.5 26.6 26 995.1 0 91 87 349 5.9 344 5.6 348 5.7 357 6.8 5 11.1 23918 6126 25.6 25.9 25.5 26.7 27.1 27.5 27.9 -
2014-8-1 23:00:0026.5 24.2 26.7 26.5 995.9 0 87 86 356 6 356 6.9 358 6 358 6.4 353 10.6 10608 4766 25.9 26.1 25.8 26.8 27.2 27.6 28 -
2014-8-1 22:00:0026.6 24.3 26.7 26.5 996.2 0 87 86 38 5 4 5.1 359 5.6 358 6.8 10 11.1 10847 4753 26 26.2 26 26.9 27.4 27.8 28.1 -
2014-8-1 21:00:0026.5 24.3 26.5 26.2 996.7 0 88 88 354 6.4 356 5.4 358 5.3 5 5.5 1 10 10076 4288 26.1 26.3 26.1 27.2 27.7 28 28.3 -
2014-8-1 20:00:0026.3 24.3 26.3 26.1 996.4 0 89 88 0 5.1 9 4.7 4 5.3 14 6.1 19 10.2 7428 4494 26.2 26.6 26.2 27.5 27.9 28.1 28.3 -
2014-8-1 18:00:0026.4 24.6 26.9 26.3 996.7 0 90 88 359 5 13 5.1 15 4.9 31 5.5 28 9.8 50000 5334 27.6 28.6 27.5 28.3 28.3 28.3 28.3 -
2014-8-1 17:00:0026.9 24.7 27.8 26.9 997 0 88 84 28 5.1 33 5.9 31 5.7 34 6.4 21 11.4 12218 5405 28.6 30.6 28.6 28.8 28.4 28.2 28.3 -
2014-8-1 16:00:0027.7 25.1 27.7 27.1 997.1 0 86 86 43 5.8 26 5.7 29 5.2 26 6.5 14 10.5 2812 2812 30.6 30.6 29.4 28.7 28.2 28.2 28.3 -
2014-8-1 15:00:0027 24.8 27.1 26.3 997.5 0 88 87 35 7.3 23 6.7 26 6.9 26 6.9 49 11.7 10596 2710 29.6 30.2 29 28.4 28 28 28.2 -
2014-8-1 14:00:0026.2 25 26.2 25.6 997.9 0.1 93 93 16 6.3 26 5.2 28 5 36 6.4 47 11.3 12622 5917 29.4 29.4 27.5 27.9 27.8 28 28.3 -
2014-8-1 13:00:0025.8 25.1 25.9 25.1 998.6 0 96 95 21 4 35 6.2 37 5.3 35 6.3 40 11.9 11009 1314 27.7 28 27 27.8 27.8 28 28.3 -
2014-8-1 12:00:0025.1 25.1 25.4 25 998.8 1.3 100 99 38 4.4 42 3.8 41 5.4 34 6.5 34 11.1 9420 2346 27 27.8 26.9 27.7 27.9 28.1 28.4 -
2014-8-1 11:00:0025.3 25.1 26.3 25.3 999.1 3.6 99 95 29 6.3 36 5.7 33 6.4 33 6.4 45 11.7 2804 969 27.3 28.3 27.3 27.8 27.9 28.1 28.5 -
2014-8-1 10:00:0025.9 25.7 25.9 25.5 999.5 0.2 99 98 44 4.9 38 5.1 40 4.9 41 5.1 39 9.9 13104 3946 27.8 27.9 27.3 27.7 27.8 28.1 28.5 -
2014-8-1 9:00:0025.6 25.6 25.8 25.4 999.5 1.3 100 99 56 3.2 44 4.3 39 4.8 39 5.2 46 9.9 10375 1218 27.3 27.6 26.9 27.5 27.8 28.2 28.6 -
2014-8-1 8:00:0025.5 25.5 25.7 25.4 999.6 1.2 100 100 47 3.5 39 4 39 3.9 39 4.4 35 8.3 3581 1550 26.9 27.2 26.5 27.4 27.8 28.3 28.8 -
2014-8-1 7:00:0025.4 25.4 25.8 25.4 999.5 8.4 100 99 38 3.7 35 2.8 35 3.5 29 4.1 38 8.4 10630 421 26.5 26.7 25.9 27.3 28 28.5 28.9 -
2014-8-1 6:00:0025.8 25.6 25.9 25.6 999.6 0.1 99 98 54 2.4 11 2.7 12 2.6 45 3.6 51 5.6 5848 3460 26.8 26.8 26.5 27.8 28.2 28.7 29.1 -
2014-8-1 5:00:0025.7 25.7 25.7 25.4 999.9 0.2 100 100 73 3.8 50 2.7 43 3.2 34 3.5 50 6 8466 2566 26.7 26.8 26.6 27.9 28.4 28.9 29.3 -
2014-8-1 4:00:0025.4 25.4 25.6 25.3 999.8 0.3 100 98 26 2.4 38 2.3 34 2.7 49 3.6 36 5.8 3496 2487 26.6 26.8 26.5 28 28.5 29 29.4 -
2014-8-1 3:00:0025.5 25.3 26.6 25.5 1,000.2 0.3 99 93 91 2.2 49 3.2 49 3.7 52 4.4 53 8 2602 2323 26.6 27 26.6 28.2 28.8 29.3 29.6 -
2014-8-1 2:00:0026.6 25.4 26.8 26.6 1,000.4 0 93 92 96 2.3 69 3.2 61 3.2 59 3.9 53 7.7 4821 4282 27 27.3 27 28.5 29.1 29.5 29.8 -
2014-8-1 1:00:0026.8 25.6 26.9 26.7 1001 0 93 93 56 4.8 60 3.2 63 3.2 65 4.1 83 8.2 10173 8993 27.2 27.5 27.1 28.7 29.3 29.8 30 -
