2014-9-1 1:00:0026.4 23.9 26.4 26.4 1,002.9 0 86 85 141 7.2 143 5.6 147 6.3 142 7.1 139 9.2 29450 29841 26.1 26.1 26 - - - - -
2014-9-1 00:00:0026.3 23.6 26.3 26.3 1003 0 85 83 154 8.1 149 6.6 144 6.5 140 7.6 138 10.3 34919 33408 26.1 26.1 26 - - - - -
2014-8-31 23:00:0026.3 23.4 26.3 26.2 1003 0 84 83 139 8.5 141 6.5 144 6.7 143 7.2 141 9.6 35000 35000 26 26.1 26 - - - - -
2014-8-31 22:00:0026.2 23.1 26.2 26.1 1,003.1 0 83 80 143 9 142 7.9 142 7.2 142 7.3 146 9.5 35000 35000 26 26.1 26 - - - - -
2014-8-31 21:00:0026.1 22.4 26.1 25.9 1004 0 80 79 152 8.4 150 7 146 6.7 137 8.1 136 10.3 35000 35000 26 26.1 25.9 - - - - -
2014-8-31 20:00:0025.9 22.8 25.9 25.7 1,003.5 0 83 82 134 9.5 134 7.7 138 8.1 138 8.1 136 11.5 32917 33386 26.1 26.3 26.1 - - - - -
2014-8-31 19:00:0025.7 22.6 25.7 25.6 1,003.3 0 83 82 118 7.4 116 6.6 120 6.1 115 8.2 124 11 30567 30572 26.3 26.8 26.3 - - - - -
2014-8-31 18:00:0025.6 22.7 25.9 25.6 1,003.1 0 84 82 125 9.9 123 7.6 114 8.4 113 8.5 107 11.2 35000 35000 26.8 28.3 26.8 - - - - -
2014-8-31 17:00:0025.8 23.1 26 25.7 1,003.4 0 85 82 119 5.9 116 4.7 113 4.6 110 6.3 109 9.5 23944 28556 28.3 28.7 28.1 - - - - -
2014-8-31 16:00:0025.9 22.6 26.2 25.9 1,003.7 0 82 81 112 5.2 101 3.1 105 4.2 74 5.2 114 8.9 35000 34142 28.7 29.6 28.7 - - - - -
2014-8-31 15:00:0026.2 22.7 27.1 26.2 1,003.7 0 81 78 81 5.7 75 3.9 72 4.1 76 4.1 73 7.5 33973 31493 29.4 31.9 29.4 - - - - -
2014-8-31 14:00:0026.6 23.1 28.2 26.5 1,003.6 0 81 76 47 3 45 1.7 71 2.5 65 3.5 75 6.4 29874 28632 31.1 33.4 31.1 - - - - -
2014-8-31 13:00:0028 23.4 28.2 27.5 1004 0 76 69 69 4.1 68 2.4 66 2.5 130 3.4 66 5.7 24181 25447 33 34.1 31.9 - - - - -
2014-8-31 12:00:0027.6 23 28.3 27.5 1,004.6 0 76 70 197 3.3 144 1.5 141 2.2 168 3 132 4.3 31936 30052 32 33.5 32 - - - - -
2014-8-31 11:00:0027.4 22.1 27.5 26.1 1,005.2 0 73 73 176 3.4 179 2.7 173 2.9 158 3.4 156 5 29327 33658 32.4 32.4 29.3 - - - - -
2014-8-31 10:00:0026.4 22.7 26.7 25.7 1,005.4 0 80 75 161 3.7 167 3.2 158 3.3 168 3.9 156 5.1 34869 35000 29.4 29.7 28.3 - - - - -
2014-8-31 9:00:0025.6 22.5 25.6 25.1 1005 0 83 83 121 3.2 122 2.6 108 2.6 105 4 111 5.8 35000 35000 28.3 28.3 26.3 - - - - -
2014-8-31 8:00:0025.1 22.6 25.1 24.5 1,004.4 0 86 86 41 2.9 53 1.9 81 1.6 51 1.7 75 3.6 26789 27067 26.3 26.4 25.1 - - - - -
2014-8-31 7:00:0024.5 22.8 24.5 24 1,004.6 0 90 89 47 1.8 54 1.4 47 1.7 26 1.7 45 3.7 25214 24363 25.1 25.1 24.7 - - - - -
2014-8-31 6:00:0024 22.4 24 23.7 1,004.3 0 91 91 46 2.5 42 1.7 42 1.3 60 1.7 59 2.9 24452 24831 24.7 24.7 24.2 - - - - -
2014-8-31 5:00:0023.6 22.2 23.8 23.6 1,004.1 0 92 91 56 0.9 57 0.9 37 0.9 35 1.4 10 2.6 33521 29536 24.3 24.4 24.2 - - - - -
2014-8-31 4:00:0023.8 22.4 23.8 23.7 1,003.8 0 92 91 43 1.3 36 1.2 33 1 33 1 29 1.8 27371 28391 24.3 24.6 24.3 - - - - -
2014-8-31 3:00:0023.8 22.4 24 23.7 1,004.1 0 92 90 86 0.9 92 0.8 70 0.8 29 1.9 16 3.6 22212 24872 24.4 24.6 24.4 - - - - -
2014-8-31 2:00:0024 22.4 24 23.9 1,004.5 0 91 88 64 2.2 60 1.3 55 1.1 9 2.3 351 3.6 27420 29164 24.6 24.6 24.3 - - - - -
2014-8-31 1:00:0023.9 21.8 24.2 23.9 1,004.9 0 88 87 12 3.3 5 1.6 12 1.6 4 3.1 14 5 35000 35000 24.4 24.6 24.3 - - - - -
2014-8-31 00:00:0024.2 22.3 24.3 24.2 1,005.2 0 89 88 7 4.4 5 3.9 5 3 2 4.6 0 5.9 33314 33809 24.4 24.6 24.2 - - - - -
2014-8-30 23:00:0024.3 22.6 24.5 24.3 1,005.7 0 90 89 7 3.8 12 2.5 7 3.4 6 3.9 2 6.1 26704 26640 24.5 24.8 24.5 - - - - -
2014-8-30 22:00:0024.5 22.8 24.7 24.5 1,006.2 0 90 87 8 5.9 5 4.4 5 3.6 5 3.6 9 6 24228 22989 24.7 25 24.7 - - - - -
2014-8-30 21:00:0024.6 22.3 24.7 24.6 1,006.2 0 87 87 13 3.1 26 2 21 2.4 4 5 0 7.4 35000 35000 24.9 25 24.7 - - - - -
2014-8-30 20:00:0024.7 22.4 24.7 24.6 1,005.6 0 87 87 15 4.6 10 4 7 4.3 0 6 0 7.1 35000 35000 24.7 24.9 24.7 - - - - -
2014-8-30 19:00:0024.7 22.6 25 24.7 1,005.2 0 88 85 3 6.2 3 5.8 0 6.2 1 6.5 1 8.1 30639 30349 24.9 25.6 24.9 - - - - -
2014-8-30 18:00:0025 22.7 25.8 25 1005 0 87 79 3 7 5 4.7 7 4.1 5 4.2 5 7.2 34902 31542 25.7 27.2 25.7 - - - - -
2014-8-30 17:00:0025.8 22.1 26.8 25.8 1,005.1 0 80 76 8 5.1 5 3.8 10 3.3 14 3.5 28 6.2 35000 35000 27.2 28.6 27.2 - - - - -
2014-8-30 16:00:0026.7 22.1 26.8 26.1 1,005.3 0 76 74 10 4.8 16 3.1 13 2.9 8 3.2 3 6 35000 35000 28.6 29.4 28.6 - - - - -
2014-8-30 15:00:0026.4 22 26.4 25.9 1,005.8 0 77 75 9 3.3 10 2.7 9 3.1 5 4.6 2 6.3 35000 35000 29.3 29.6 28.7 - - - - -
2014-8-30 14:00:0026.1 21.5 27.2 26.1 1006 0 76 73 23 4.8 12 2.9 9 3.2 8 4.3 7 6.2 35000 35000 29.4 32.9 29.4 - - - - -
2014-8-30 13:00:0027.1 22.1 27.2 26.9 1,006.5 0 74 70 2 4.3 7 3.4 7 3.6 1 4.9 3 6.1 35000 35000 32.6 33.1 32.2 - - - - -
2014-8-30 12:00:0027 21.7 27.2 26.5 1,007.1 0 73 72 9 6.1 9 4.7 7 3.9 8 4.5 12 6.1 35000 35000 33.1 33.1 32.4 - - - - -
2014-8-30 11:00:0026.7 21.9 26.8 25.9 1,007.5 0 75 74 17 5 10 4.1 0 3.7 7 4.2 16 6.5 35000 35000 32.7 32.7 29.7 - - - - -
2014-8-30 10:00:0026 22.3 26 25.4 1,007.8 0 80 77 7 5.6 5 4.5 4 3.7 1 5.5 358 6.7 27555 35000 29.6 29.8 27.3 - - - - -
2014-8-30 9:00:0025.4 21.7 25.6 24.6 1,007.9 0 80 80 3 5.8 2 5.4 1 5.4 0 5.7 1 6.7 35000 35000 27.5 27.8 25.5 - - - - -
2014-8-30 8:00:0024.6 21.9 24.6 24.1 1,007.8 0 85 85 5 6.8 4 5.6 3 4.9 8 4.9 7 7.4 35000 35000 25.6 25.6 24.6 - - - - -
2014-8-30 7:00:0024.1 22.4 24.1 23.8 1,007.6 0 90 89 2 6.9 3 4.8 9 4.5 3 5.2 10 7.7 22324 28683 24.6 24.6 24.2 - - - - -
2014-8-30 6:00:0023.8 22.2 23.9 23.8 1,007.3 0 91 90 17 6.1 9 3.5 357 3.6 8 4.9 6 7.6 23681 24415 24.3 24.3 24.1 - - - - -
2014-8-30 5:00:0023.9 22.2 23.9 23.7 1007 0 90 89 335 7.3 336 4.6 336 4.5 335 4.6 327 7.5 31359 30403 24.2 24.3 24.1 - - - - -
2014-8-30 4:00:0023.8 22.2 23.9 23.8 1007 0 91 89 325 4.9 340 3.2 331 3.8 331 4.2 327 6.7 23928 23629 24.3 24.4 24.3 - - - - -
2014-8-30 3:00:0023.9 22.3 24.2 23.9 1007 0 91 91 325 4.5 320 3.4 332 3.7 330 4.1 340 7.3 28341 27369 24.4 24.7 24.4 - - - - -
2014-8-30 2:00:0024.2 22.6 24.6 24.2 1,006.9 0 91 88 330 5.3 329 3.6 332 3.5 347 4.1 325 6.9 32538 35000 24.7 25 24.7 - - - - -
2014-8-30 1:00:0024.6 22.8 24.8 24.6 1,007.3 0 90 89 339 6.1 355 4.1 347 4.2 8 4.3 332 7.9 35000 35000 25 25.2 24.9 - - - - -
2014-8-30 00:00:0024.8 23.2 25 24.8 1,007.5 0 91 90 327 3.6 331 2.5 344 2.1 358 3.5 359 4.2 29349 28666 25.2 25.6 25.2 - - - - -
2014-8-29 23:00:0024.9 23.5 24.9 24.8 1,007.5 0 92 91 13 2.3 11 1.4 7 1.5 8 2.7 1 4.4 24970 28517 25.6 25.6 25.4 - - - - -
2014-8-29 22:00:0024.8 23.8 25.1 24.8 1,007.9 0 94 90 15 2.3 12 1.6 9 2 2 5.9 3 7.8 18855 19959 25.6 25.7 25.4 - - - - -
2014-8-29 21:00:0025.1 23.7 25.3 25.1 1,008.1 0 92 86 5 4 10 2.8 4 3.3 0 4.2 3 4.8 18347 18251 25.7 25.8 25.6 - - - - -
2014-8-29 20:00:0025.2 23.4 25.5 25.2 1,007.4 0 90 86 0 4.3 359 4 0 4.2 1 4.2 1 5.1 26133 26410 25.8 26.4 25.8 - - - - -
2014-8-29 19:00:0025.6 23.1 25.6 25.6 1,006.7 0 86 82 27 2 29 1.4 25 1 57 1.6 43 2.8 29757 5726 26.4 26.7 26.3 - - - - -
2014-8-29 18:00:0025.6 22.7 26.6 25.6 1,006.2 0 84 80 50 2.2 51 1.4 55 1.7 24 1.9 66 3.3 35000 35000 26.8 28.1 26.8 - - - - -
2014-8-29 17:00:0026.6 22.7 27.2 26.6 1,006.2 0 79 76 28 3 31 2.2 32 1.7 28 2 26 3.9 35000 35000 28.2 29.5 28.2 - - - - -
2014-8-29 16:00:0027.2 23.4 27.3 26.4 1,006.1 0 80 79 8 2.1 24 1.4 24 1.9 32 2.5 27 3.3 35000 35000 29.5 29.8 29 - - - - -
2014-8-29 15:00:0026.4 23.5 27.3 26.4 1,006.3 0 84 77 35 3.1 36 2.4 33 2.5 5 2.6 16 4 35000 35000 29 29.8 29 - - - - -
2014-8-29 14:00:0027.3 22.9 27.6 26.3 1,006.4 0.1 77 75 10 3.5 7 2.9 6 2.6 6 2.6 1 3.9 30268 35000 29.5 30.5 28.4 - - - - -
2014-8-29 13:00:0026.7 22.8 28.2 26.7 1,006.9 0 79 74 12 2.3 13 1.4 33 1.5 17 2.6 17 4.4 35000 35000 29.3 32.5 29.3 - - - - -
2014-8-29 12:00:0027.9 23.5 27.9 27 1007 0 77 75 12 2.9 5 1.8 57 1.4 33 2.4 33 4.1 35000 35000 31.7 31.7 29.9 - - - - -
2014-8-29 11:00:0027.2 23 27.4 25.7 1,007.6 0 78 78 36 3.3 34 2.5 38 2.1 50 2.3 60 4.6 35000 35000 30.2 30.3 27.3 - - - - -
2014-8-29 10:00:0025.7 24.1 26.2 25.7 1,007.9 0 91 88 48 3.5 46 1.8 53 2.1 1 5.1 1 7.6 35000 35000 27.3 27.8 26.9 - - - - -
2014-8-29 9:00:0026.1 24.1 26.4 26 1,007.6 0 89 89 358 6.2 357 5.5 1 3.9 303 4.3 357 6.3 27973 16909 27 27.7 27 - - - - -
2014-8-29 8:00:0026 24.4 26 25.4 1,007.4 0 91 91 303 4.7 305 4.2 302 3.7 301 3.7 307 4.9 23597 21678 27 27 26.3 - - - - -
2014-8-29 7:00:0025.4 24.2 25.4 25.2 1,006.9 0 93 91 299 2.5 298 1.9 291 1.9 278 2.4 277 3.6 18194 17234 26.3 26.3 25.9 - - - - -
2014-8-29 6:00:0025.2 23.8 25.2 25.1 1,006.3 0 92 92 276 3.1 275 2.3 280 2.4 284 3.1 280 5 22192 21597 25.9 26 25.8 - - - - -
2014-8-29 5:00:0025.1 24.6 25.3 25.1 1006 0 97 97 253 2.4 254 2.2 254 1.7 185 2 215 2.4 7967 6277 25.9 26 25.9 - - - - -
2014-8-29 4:00:0025.3 24.8 25.3 25.2 1006 0 97 97 178 2 184 1.8 187 2.1 176 2.3 185 3.3 5766 5899 26 26.1 26 - - - - -
2014-8-29 3:00:0025.2 24.7 25.3 25.1 1,006.3 0 97 97 188 2.8 179 2.3 175 2.3 145 2.5 150 3.2 6654 6785 26.1 26.1 25.9 - - - - -
2014-8-29 2:00:0025.1 24.8 25.3 25.1 1,006.2 0 98 97 123 2.2 119 2 114 2 110 2.5 111 3.3 5325 5105 26 26.1 26 - - - - -
2014-8-29 1:00:0025.3 24.8 25.4 25.2 1007 0.2 97 93 103 1.8 103 1.4 104 2.2 113 3.5 114 4.3 5284 5483 26.1 26.2 25.9 - - - - -
2014-8-29 00:00:0025.4 24.5 25.5 25.4 1,007.9 0.1 95 93 104 2.1 103 1.2 82 1.1 60 1.8 69 2.9 9865 10598 26.2 26.3 26.1 - - - - -
2014-8-28 23:00:0025.4 24.4 25.6 25.4 1,008.1 0 94 94 93 3.3 95 1.3 75 1.4 74 1.6 93 3.3 15102 13881 26.3 26.4 26.2 - - - - -
2014-8-28 22:00:0025.5 24.6 25.6 25.5 1,008.4 0 95 95 82 0.8 83 0.6 78 0.6 71 1.9 94 2.6 11093 11191 26.4 26.5 26.4 - - - - -
2014-8-28 21:00:0025.7 24.8 25.7 25.7 1008 0 95 94 63 1.8 63 1.4 73 2 76 2 73 3.4 10938 11655 26.4 26.7 26.4 - - - - -
2014-8-28 20:00:0025.7 24.7 25.9 25.7 1,007.8 0 94 93 52 2.3 59 1.6 63 1.2 48 1.6 42 2.6 13473 11428 26.7 26.8 26.7 - - - - -
2014-8-28 19:00:0025.9 24.7 26.3 25.9 1,007.3 0 93 91 60 2.7 60 1.6 52 1.2 26 1.8 27 3.4 12258 12351 26.9 27.4 26.9 - - - - -
2014-8-28 18:00:0026.4 25 27.4 26.4 1,006.8 0 92 87 36 2.5 35 2 35 1.8 33 2 42 3.5 14358 13352 27.4 28.9 27.4 - - - - -
2014-8-28 17:00:0027.4 25 27.9 27.4 1,006.4 0 87 85 29 2.6 23 1.9 31 1.6 9 2.5 19 4.1 15583 15725 28.9 30.3 28.9 - - - - -
2014-8-28 16:00:0027.8 25.4 28.7 27.7 1,006.2 0 87 81 1 2.5 13 1.6 7 2.5 0 3.1 6 3.9 14527 12336 30.3 31.8 30.3 - - - - -
2014-8-28 15:00:0028.5 25.3 28.9 27.5 1,006.6 0 83 80 107 1.4 96 1.2 65 1.2 18 1.9 351 3.4 15850 16148 31.4 32.4 30.6 - - - - -
2014-8-28 14:00:0027.5 25.5 27.7 27.2 1007 0 89 85 1 1.8 12 1.3 12 1.8 8 1.9 4 3.4 15862 14096 30.5 30.7 30.1 - - - - -
2014-8-28 13:00:0027.6 24.8 27.8 27.3 1,007.6 0 85 82 15 2.2 7 1.2 9 1.6 13 1.9 358 2.7 12982 13508 30.3 31 29.6 - - - - -
2014-8-28 12:00:0027.8 24.4 28.5 27.8 1,007.6 0 82 81 355 1.8 6 1.8 12 1.9 9 2.2 355 3.6 14466 13123 31.1 32.7 31.1 - - - - -
2014-8-28 11:00:0028.1 24.9 28.3 27 1,007.9 0 83 82 24 1.7 25 1 3 1.5 101 2.7 80 4.4 13756 12701 31.8 32 31 - - - - -
2014-8-28 10:00:0027 24.8 27 26.5 1,008.2 0 88 87 107 2.9 113 2.2 104 2.5 71 3 73 6.7 12916 13800 31.1 31.1 28.4 - - - - -
2014-8-28 9:00:0026.6 24.6 26.8 26.1 1,008.3 0 89 89 56 5.7 57 3 63 2.7 63 2.7 57 6.4 13750 12930 28.3 28.3 26.6 - - - - -
2014-8-28 8:00:0026.2 25.2 26.4 26.1 1,007.9 0 94 92 45 3 47 1.8 36 1.6 6 2.6 26 4.1 8312 8182 26.7 26.9 26.1 - - - - -
2014-8-28 7:00:0026.2 25 26.2 25.6 1,007.4 0 93 93 15 0.6 18 0.3 235 0.3 209 1.7 225 2.4 7442 7572 26.3 26.3 25.2 - - - - -
2014-8-28 6:00:0025.6 24.6 25.6 25.2 1,006.9 0 94 94 207 1.9 212 1.6 220 1.1 120 2.2 119 2.7 6949 6587 25.2 25.2 24.9 - - - - -
2014-8-28 5:00:0025.3 24.4 25.5 25.3 1,006.7 0 95 94 118 2.8 120 2.2 125 1.7 125 1.7 118 2.8 5568 6282 24.9 25.2 24.9 - - - - -
2014-8-28 4:00:0025.4 24.4 25.5 25.4 1,007.1 0 94 93 125 0.5 145 0.4 125 1.1 114 2.3 113 3 7736 7194 25.2 25.2 25.1 - - - - -
2014-8-28 3:00:0025.5 24.3 25.5 25.3 1,006.9 0 93 92 106 2.2 106 1.7 111 2.1 116 3.2 121 4.3 8011 8530 25.2 25.2 25 - - - - -
2014-8-28 2:00:0025.3 23.9 25.5 25.3 1,007.1 0 92 89 116 3.7 115 3.4 116 3.3 113 4.7 115 5.6 10466 10341 24.9 24.9 24.9 - - - - -
2014-8-28 1:00:0025.5 23.6 25.6 25.4 1,007.3 0 89 88 112 5.5 111 4.3 113 4.7 114 4.8 119 6.7 13539 14172 24.9 25 24.9 - - - - -
2014-8-28 00:00:0025.4 23.3 25.4 25.2 1,007.8 0 88 88 119 4.7 120 4.1 119 4.1 114 5.4 112 6.9 15914 16254 24.9 24.9 24.9 - - - - -
2014-8-27 23:00:0025.2 23.4 25.2 25 1,007.9 0 90 90 115 6.9 114 5.6 113 5.2 113 5.2 115 7.9 16690 16688 24.9 24.9 24.7 - - - - -
2014-8-27 22:00:0025 23.2 25 24.7 1,007.9 0 90 88 100 6.9 106 4.2 109 4.7 109 5.9 110 9.9 19566 18972 24.7 24.7 24.4 - - - - -
2014-8-27 21:00:0024.7 22.6 24.7 24.5 1,007.8 0 88 86 103 6.2 97 5 106 4.9 109 6.6 109 10.4 20997 20480 24.4 24.4 24.1 - - - - -
2014-8-27 20:00:0024.5 22 24.5 24.3 1,007.9 0 86 82 106 7.3 106 4.4 105 4 67 4.7 74 8.9 20199 19315 24.1 24.1 23.8 - - - - -
2014-8-27 19:00:0024.3 21.2 24.3 24.1 1,007.8 0 83 82 113 7.6 108 3.7 94 4 69 5.9 73 10.4 20727 20250 23.9 24 23.6 - - - - -
2014-8-27 18:00:0024.4 21.3 24.4 24.3 1,007.3 0 83 79 77 7.5 70 6 70 5.8 78 6.1 85 11.1 12554 19069 24 24.4 24 - - - - -
2014-8-27 17:00:0024.3 20.4 24.3 24.1 1,006.9 0 79 77 82 9.1 74 6.1 76 5.9 70 6.1 77 11.4 19295 21530 24.2 24.3 23.9 - - - - -
2014-8-27 16:00:0024.1 19.8 24.3 24.1 1007 0 77 77 62 7.5 56 4.7 53 4.7 57 4.9 56 11.9 30365 25768 24 24.4 24 - - - - -
2014-8-27 15:00:0024.3 20.4 25.1 24.3 1,007.3 0 79 74 52 6.5 46 4.3 49 4.3 52 4.6 54 8.4 35000 35000 24.5 24.8 24.4 - - - - -
2014-8-27 14:00:0025.1 20.4 25.3 25.1 1,007.6 0 75 63 47 4.1 52 2.8 59 3.5 74 5 71 8.4 25280 29276 24.8 24.8 24.4 - - - - -
2014-8-27 13:00:0025.3 18.7 25.4 25.2 1,007.8 0 67 67 61 6.1 62 4.6 69 4.7 74 5.2 80 8.9 33603 30142 24.7 25.3 24.7 - - - - -
2014-8-27 12:00:0025.3 19.7 25.3 25.2 1,008.2 0 71 65 61 4.5 71 2.4 76 2.7 78 4.3 76 7 26199 30239 24.9 24.9 24.3 - - - - -
2014-8-27 11:00:0025.2 18.2 25.2 25 1,008.7 0 65 65 78 5.1 82 3.1 77 4.1 76 4.2 73 7.1 28704 30984 24.4 25.7 24.4 - - - - -
2014-8-27 10:00:0025 22.1 25 24.8 1,008.6 0 84 82 119 3.8 116 2.5 82 2.8 74 4.2 72 7.1 20912 21541 25.2 25.2 24.8 - - - - -
2014-8-27 9:00:0024.9 22.2 24.9 24.6 1,008.5 0 85 84 76 4.9 68 3.3 68 3.9 68 4.1 71 7.6 16188 16734 25.1 25.3 25 - - - - -
2014-8-27 8:00:0024.6 21.9 24.6 24.4 1,008.2 0 85 83 48 3.2 48 2.4 48 2.3 63 3.2 59 5.8 21064 21672 25 25 24.5 - - - - -
2014-8-27 7:00:0024.4 22.1 24.4 24 1,008.2 0 87 81 57 3.2 52 2.4 48 2.3 45 2.6 64 5.3 12707 12887 24.5 24.5 24.1 - - - - -
2014-8-27 6:00:0024.1 20.4 24.1 23.9 1,008.1 0 80 72 55 1.6 54 1.2 32 1.3 62 2.1 69 4.4 20533 21378 24.2 24.2 23.9 - - - - -
2014-8-27 5:00:0023.9 18.5 23.9 23.5 1,006.9 0 72 72 76 3.6 74 2.2 66 1.6 62 1.8 68 3.7 31294 29000 24 24 23.8 - - - - -
2014-8-27 4:00:0023.6 19.1 23.6 23.4 1,007.1 0 76 68 73 2.3 70 1.9 52 1.6 93 2.9 90 4.4 19314 24829 23.8 24.1 23.8 - - - - -
2014-8-27 3:00:0023.6 17.4 23.6 22.7 1,007.3 0.1 68 66 97 3.1 103 2.5 100 2.8 100 2.8 104 3.8 23721 26113 24.1 24.3 23.9 - - - - -
2014-8-27 2:00:0022.7 17.2 23.6 22.7 1,007.8 0.9 71 69 175 1.4 144 0.7 70 1.2 44 2.3 359 4.2 35000 33563 24.1 24.9 24 - - - - -
2014-8-27 1:00:0023.6 20.7 24.3 23.6 1,008.4 0.7 84 66 103 1.6 100 1.5 96 1.2 132 2.6 110 3.5 8810 5357 24.7 25.6 24.5 - - - - -
2014-8-27 00:00:0024.4 22.5 25.1 24.4 1,008.8 0.3 89 82 123 2.5 123 2.2 133 2.7 109 3.3 107 4.7 5353 6985 25.6 25.8 25.6 - - - - -
2014-8-26 23:00:0025.1 22 25.2 25 1,008.7 0 83 81 112 4.3 109 3.4 109 3.3 109 3.3 110 5.4 14832 14722 25.8 26 25.7 - - - - -
2014-8-26 22:00:0025.2 22.1 25.2 25.1 1,008.8 0 83 83 116 2 91 1.2 104 2.1 110 3.9 110 5.6 14069 14557 25.9 25.9 25.7 - - - - -
2014-8-26 21:00:0025.2 22.1 25.3 25.2 1,008.6 0 83 82 67 3.4 74 2.6 77 2.3 72 2.6 79 4.4 14985 14639 25.7 26 25.7 - - - - -
2014-8-26 20:00:0025.3 22.2 25.4 25.3 1,008.4 0 83 81 110 2.8 108 1.9 86 2.2 66 2.7 92 4.7 15882 16652 26 26.3 25.9 - - - - -
2014-8-26 19:00:0025.3 21.8 25.5 25.3 1,007.7 0 81 81 76 4.8 81 3 75 2.6 73 2.7 98 5.5 17198 17162 26.3 27 26.3 - - - - -
2014-8-26 18:00:0025.5 22 26.2 25.5 1,007.1 0 81 76 65 3 62 2 66 2.1 46 2.7 45 5.3 16700 16793 27 28.1 27 - - - - -
2014-8-26 17:00:0026.2 21.6 27.2 26.2 1,007.2 0 76 72 34 2.6 35 2 45 2 71 3 60 5.8 16086 16854 28.1 30 28.1 - - - - -
2014-8-26 16:00:0027 22 27.5 26.7 1,006.9 0 74 71 67 5.7 69 3.8 65 2.9 59 3 72 5.8 18206 17114 29.9 30.7 29.5 - - - - -
2014-8-26 15:00:0027.2 21.9 28 27.1 1,007.3 0 73 70 62 4.2 65 1.9 64 2.4 64 3 64 6.2 18688 21039 30.8 33.3 30.7 - - - - -
2014-8-26 14:00:0027.8 22.3 27.8 26.5 1,007.8 0 72 72 30 4.2 37 2.3 15 2.1 59 2.2 54 4.9 17144 16495 33.3 33.3 29.6 - - - - -
2014-8-26 13:00:0026.6 22 27.4 26.5 1008 0 76 68 62 2.2 51 1.3 64 1.9 41 2.8 34 5.7 15857 17794 29.8 32.2 29.8 - - - - -
2014-8-26 12:00:0027.1 21.6 28.1 27 1,008.1 0 72 71 50 4.7 40 2.5 44 2.8 42 3.1 46 5.7 21261 20249 31.2 33.8 31.1 - - - - -
2014-8-26 11:00:0027.2 22.8 27.9 26.8 1,008.8 0 77 72 40 4.2 37 2.6 59 2 72 2.3 61 4.8 14381 14529 31.1 32.7 30.1 - - - - -
2014-8-26 10:00:0026.9 22.9 27.4 26.9 1,009.3 0 79 75 46 3.1 41 1.9 36 2.2 38 2.4 74 4.3 12192 11356 30.3 30.7 29.7 - - - - -
2014-8-26 9:00:0027.4 22.8 27.4 26.3 1,008.8 0 76 76 26 2.9 26 1.6 46 1.1 31 1.9 30 3.4 8718 8911 29.9 29.9 28.1 - - - - -
2014-8-26 8:00:0026.3 23.2 26.3 25.1 1,008.5 0 83 83 155 1 122 0.6 106 1.3 104 1.9 99 3.4 4867 5036 28.2 28.2 26.3 - - - - -
2014-8-26 7:00:0025.1 23.3 25.1 24.7 1,008.1 0 90 90 37 0.7 78 0.5 25 0.4 125 2.2 122 2.6 3850 3956 26.3 26.3 25.6 - - - - -
2014-8-26 6:00:0024.6 23.2 24.6 24.4 1,007.7 0 92 92 128 2.5 128 2.2 125 2.1 125 2.1 128 2.6 3854 3803 25.6 25.6 25.3 - - - - -
2014-8-26 5:00:0024.4 23 24.6 24.4 1007 0 92 91 59 1 70 0.7 94 0.6 103 1.4 104 2.5 3701 3717 25.4 25.5 25.4 - - - - -
2014-8-26 4:00:0024.6 23 24.6 24.4 1,006.8 0 91 91 101 1.9 104 1.6 102 1.5 100 2 109 3.1 4042 4139 25.5 25.5 25.3 - - - - -
2014-8-26 3:00:0024.4 22.8 24.6 24.4 1,006.7 0 91 90 92 1.7 89 1.3 67 0.9 106 1.5 103 2.3 4487 4543 25.3 25.3 25.2 - - - - -
2014-8-26 2:00:0024.6 23 24.7 24.6 1,006.9 0 91 89 63 2 66 1.4 59 1.2 52 1.3 24 2.6 4887 4882 25.3 25.4 25.3 - - - - -
2014-8-26 1:00:0024.7 22.8 24.9 24.7 1,006.7 0 89 87 61 1.9 53 1.3 51 1.3 86 1.7 80 3.3 5597 5597 25.4 25.6 25.4 - - - - -
2014-8-26 00:00:0024.9 22.6 25.1 24.9 1,006.9 0 87 86 75 2.8 89 1.8 97 1.4 63 1.5 74 3.5 6333 6316 25.7 25.8 25.7 - - - - -
2014-8-25 23:00:0025.1 22.6 25.4 25.1 1,007.3 0 86 83 86 2.1 76 1.1 63 1.4 70 2.3 88 4.7 6810 6843 25.8 25.9 25.7 - - - - -
2014-8-25 22:00:0025.4 22.3 25.7 25.4 1,007.2 0 83 80 55 3.8 60 2.2 64 2 52 2.5 65 5 8192 8263 25.9 26.2 25.9 - - - - -
2014-8-25 21:00:0025.7 23 25.8 25.7 1,006.7 0 85 84 59 4.4 55 2.1 52 2.6 48 3.5 52 6.1 6401 6155 26.1 26.3 26.1 - - - - -
2014-8-25 20:00:0025.8 23.3 27 25.8 1,005.5 0 86 85 44 5.3 48 3.4 48 3.6 47 3.6 38 6.6 6976 7208 26.3 27.7 26.3 - - - - -
2014-8-25 19:00:0027 24.3 27.2 27 1,004.7 0 85 80 11 1.8 27 1.3 38 1.3 34 1.3 34 2.9 8878 9347 27.7 28.5 27.7 - - - - -
2014-8-25 18:00:0027 24.3 27.5 27 1,004.3 0 85 84 3 1.6 7 1 9 1.3 211 2.3 198 3.3 8450 8471 28.5 29.7 28.5 - - - - -
2014-8-25 17:00:0027.5 24.6 28 27.5 1,004.2 0 84 81 184 2.5 189 1.9 217 2 246 3.6 250 4.2 8910 8932 29.7 30.7 29.7 - - - - -
2014-8-25 16:00:0027.8 24.4 29.5 27.8 1,003.6 0 82 74 241 4 239 3.6 245 3.6 250 3.8 241 4.9 7885 9020 30.6 33.1 30.6 - - - - -
2014-8-25 15:00:0029.3 24.8 29.4 28.5 1,003.7 0 77 74 254 4.6 251 3.3 239 3.7 238 4.1 240 5.5 10485 10185 33.2 33.7 32.7 - - - - -
2014-8-25 14:00:0028.6 24.4 28.6 27.6 1,003.9 0 78 78 244 3.7 241 3.6 243 3.5 250 3.9 275 5.3 8964 8680 32.8 33.8 32.6 - - - - -
2014-8-25 13:00:0028.1 24.1 28.1 27.1 1004 0 79 79 262 4.5 261 3.7 268 3 277 3.7 274 5.5 8978 9630 33.5 33.5 31 - - - - -
2014-8-25 12:00:0027 23.7 27.7 26.8 1,004.6 0 82 79 283 3.9 279 3.3 284 3.2 295 4.3 291 6 9808 10024 30.7 31.5 29.6 - - - - -
2014-8-25 11:00:0027 23.9 27.2 25.8 1,004.8 0 83 81 301 5 297 4.3 296 4.4 300 4.7 300 6.1 11256 11324 29.7 30.1 27.3 - - - - -
2014-8-25 10:00:0025.8 23.5 25.9 24.7 1005 0 87 86 299 5.2 297 4 295 3.9 300 5.7 301 5.9 13329 14372 27.3 27.8 26.4 - - - - -
2014-8-25 9:00:0024.8 23.8 25.5 24.8 1,004.8 0 94 87 300 5.3 300 4.6 300 5.8 303 7 300 8.3 10519 8332 26.3 26.4 26 - - - - -
2014-8-25 8:00:0025.4 23.3 25.4 25.2 1,004.1 0 88 86 304 8 305 7.1 302 6.6 303 7.5 304 9.2 27402 23173 26 26 25.6 - - - - -
2014-8-25 7:00:0025.2 23.3 25.2 25 1,003.1 0 89 87 300 7.6 303 6.5 304 6.9 305 7.3 298 8.8 19482 21711 25.7 25.8 25.5 - - - - -
2014-8-25 6:00:0025 23.1 25.1 24.9 1,002.8 0.1 89 89 305 7.5 306 7 305 7.3 304 7.9 304 9.4 21290 20736 25.4 25.5 25.4 - - - - -
2014-8-25 5:00:0024.9 23.3 25.3 24.9 1002 0 91 87 311 8 308 7.1 306 7.9 303 9.2 304 11.1 21199 15881 25.5 25.8 25.5 - - - - -
2014-8-25 4:00:0025.2 23.1 25.2 24.8 1,001.7 0 88 88 301 10.9 301 9.6 300 8.4 304 9.6 301 10.9 30397 25377 25.7 26 25.7 - - - - -
2014-8-25 3:00:0024.8 23.8 25.9 24.8 1,001.3 0 94 88 305 10 306 9.4 304 9.9 302 10.6 304 12.3 13556 9572 25.8 26.7 25.8 - - - - -
2014-8-25 2:00:0025.9 24.3 26.5 25.9 1,001.3 0 91 86 294 9.5 292 7.7 291 7.2 294 8.3 297 13 12157 12875 26.7 26.9 26.7 - - - - -
2014-8-25 1:00:0026.5 24.3 26.5 26.1 1,000.9 0 88 88 295 7.2 296 5.5 295 5.9 295 5.9 298 7.9 22178 22834 26.9 27.2 26.9 - - - - -
2014-8-25 00:00:0026.1 25.1 28.3 25.9 1,001.2 0 94 87 293 5.8 290 4.1 290 4.2 299 9.4 292 13.3 14374 14093 27.3 28 27.3 - - - - -
2014-8-24 23:00:0028.3 26.1 28.8 28.3 1,000.8 0 88 85 170 8.7 173 6.2 168 6.1 162 6.6 160 9.4 14988 15774 28.1 28.1 28.1 - - - - -
2014-8-24 22:00:0028.6 26 28.7 28.5 1,000.6 0 86 85 154 6.3 152 4.8 147 4.9 143 5.5 136 7.6 17390 16583 28.1 28.2 28 - - - - -
2014-8-24 21:00:0028.7 26.1 29.1 28.7 1,000.7 0 86 84 136 6.5 138 5.5 143 5.5 142 5.7 145 7.9 15421 16618 28.2 28.5 28.2 - - - - -
2014-8-24 20:00:0029 26 29.1 29 1,000.2 0 84 84 141 6 141 4.8 145 5.1 149 5.9 141 7.7 16666 18016 28.5 28.9 28.5 - - - - -
2014-8-24 19:00:0029.1 26.5 29.6 28.9 999.9 0 86 82 152 5.4 149 4.3 148 4.3 146 6.2 147 8.1 16170 15360 28.9 29.3 28.9 - - - - -
2014-8-24 18:00:0029.6 26.4 30 29.5 998.8 0 83 82 140 6.1 141 5.5 143 4.8 143 5.5 142 7.1 16504 16647 29.4 30.6 29.4 - - - - -
2014-8-24 17:00:0030 26.6 31 30 998.5 0 82 76 141 6.1 141 5.3 142 5.2 143 5.4 143 7.4 16640 17182 30.6 31.6 30.6 - - - - -
2014-8-24 16:00:0031 26.3 31.6 30.9 998.4 0 76 71 140 4.8 146 4 140 4.2 156 4.8 145 6.1 17984 19114 31.6 32.9 31.6 - - - - -
2014-8-24 15:00:0031.7 25.6 32.3 31.7 998.7 0 70 66 142 5.7 153 4.3 157 4.9 156 5.1 148 6.5 17527 19974 32.9 35.2 32.9 - - - - -
2014-8-24 14:00:0032.1 25.4 32.1 31.2 999 0 68 67 186 4.8 183 4 176 4.2 171 4.7 168 6.7 15324 16387 35 35.9 34.3 - - - - -
2014-8-24 13:00:0031.2 25.5 31.3 30.7 999.8 0 72 72 167 5.4 169 4.7 170 4.4 163 4.7 169 7 18634 16233 36 37 35.9 - - - - -
2014-8-24 12:00:0030.8 25.9 30.8 30.1 1,000.1 0 75 74 159 5.4 160 4.5 162 4.7 164 5.3 169 6.9 17896 16721 36.4 36.4 35 - - - - -
2014-8-24 11:00:0030.1 25.6 30.1 29.3 1,000.3 0 77 77 161 5.7 167 5 166 4.7 169 5.7 165 7.7 12160 15429 35 35 32.6 - - - - -
2014-8-24 10:00:0029.3 25.3 29.4 28.8 1,000.7 0 79 79 173 7.2 174 5.8 169 5.8 170 6 176 7.4 16389 12814 32.6 32.6 30.2 - - - - -
2014-8-24 9:00:0028.9 25.3 28.9 27.4 1,000.7 0 81 81 166 7.3 168 6 171 6 172 6.1 167 8 14943 17435 30.2 30.2 27.8 - - - - -
2014-8-24 8:00:0027.4 25.4 27.5 27.3 1,000.3 0 89 88 163 6.1 162 5.2 164 4.9 163 5.7 163 7 15590 13427 27.9 27.9 27.4 - - - - -
2014-8-24 7:00:0027.3 25.3 27.5 26.9 1,000.4 0 89 89 161 6.3 165 5.2 170 4.7 160 5.7 159 7.4 11914 11914 27.4 27.4 26.8 - - - - -
2014-8-24 6:00:0026.9 25.7 26.9 26.7 1,000.1 0 93 93 161 7.2 161 5.7 162 5.5 162 5.5 165 7.7 7983 8419 26.8 26.8 26.6 - - - - -
2014-8-24 5:00:0026.8 25.8 26.9 26.8 999.7 0 94 93 159 5.1 155 4.5 156 4.4 157 5.1 158 7.2 9286 9702 26.7 26.8 26.7 - - - - -
2014-8-24 4:00:0026.8 25.8 26.8 26.5 999.5 0 94 94 157 5.1 157 4.5 161 4.7 173 6 172 7.3 9975 10069 26.8 26.8 26.8 - - - - -
2014-8-24 3:00:0026.7 25.8 27.1 26.7 999.8 0 95 92 169 6.1 167 5.2 169 5.4 171 5.5 174 7.5 10650 10805 26.8 26.9 26.8 - - - - -
2014-8-24 2:00:0027.1 25.7 27.2 27.1 1,000.3 0 92 92 152 3.8 155 3.6 155 3.7 152 4.6 158 6.1 15601 15771 26.9 27 26.9 - - - - -
2014-8-24 1:00:0027.2 25.6 27.3 27.2 1,000.9 0 91 91 150 5.6 152 4.3 153 4.2 150 4.9 151 6.1 16986 16934 27 27 26.9 - - - - -
2014-8-24 00:00:0027.2 25.6 27.2 27 1,000.9 0 91 89 153 5 151 4.4 151 4.9 165 5.9 144 8 20809 21248 27 27.1 27 - - - - -
2014-8-23 23:00:0027.1 25.1 27.4 27.1 1,001.3 0 89 86 164 6.8 163 6 165 5.8 157 6.2 163 7.9 28833 29681 27.1 27.2 27.1 - - - - -
2014-8-23 22:00:0027.4 24.8 27.8 27.4 1,001.3 0 86 85 153 6.8 152 6 157 6.1 160 6.3 159 7.9 35000 31529 27.2 27.5 27.2 - - - - -
2014-8-23 21:00:0027.8 25 28.1 27.8 1,001.5 0 85 84 156 7.5 158 6.8 159 6.2 159 6.2 155 8.6 27928 29356 27.5 27.9 27.5 - - - - -
2014-8-23 20:00:0028 25.6 28.2 28 1,001.6 0 87 84 158 5.8 162 4.9 159 5.4 141 5.6 161 7.1 27113 22575 27.9 28 27.8 - - - - -
2014-8-23 19:00:0028.2 25.2 28.7 28.2 1,000.9 0 84 79 145 6.5 145 5.7 146 4.9 140 5.7 141 7.9 28580 26880 28 28.4 28 - - - - -
2014-8-23 18:00:0028.7 24.5 29.1 28.7 1,000.2 0 78 76 146 7.9 140 5.8 137 5 145 5.7 144 8.1 26257 28159 28.4 29.8 28.4 - - - - -
2014-8-23 17:00:0028.9 25.1 29.3 28.8 1,000.2 0 80 80 141 6.5 143 5.4 140 5.1 142 5.6 142 7.5 18182 19932 29.8 31.1 29.8 - - - - -
2014-8-23 16:00:0029.1 25.5 30.3 29.1 1,000.2 0 81 73 112 4.6 110 4.2 113 4.7 111 4.8 114 6.4 20248 19679 31.1 33.5 31.1 - - - - -
2014-8-23 15:00:0030.1 25.2 30.4 29.3 1,000.3 0 75 72 126 5.1 125 3.6 117 3.4 117 3.4 119 5.1 18511 21083 33.6 33.7 32 - - - - -
2014-8-23 14:00:0029.4 25.4 30.6 29.1 1001 0 79 72 121 2.1 133 1.4 116 1.4 120 2.1 119 3.2 18867 18843 31.9 36.8 31.8 - - - - -
2014-8-23 13:00:0030.8 25.4 30.9 29.8 1,001.6 0 73 71 342 2.3 350 1.7 290 1.4 243 2.5 228 5.7 15542 21626 36.8 36.9 35.6 - - - - -
2014-8-23 12:00:0030.4 26.1 30.4 28.5 1,002.2 0 78 75 265 2.2 252 1.9 238 2 217 3 201 4 13943 15078 36.2 36.2 33.5 - - - - -
2014-8-23 11:00:0029 26 29.3 28.1 1,002.6 0 84 81 225 3.4 227 2.8 225 2.4 214 3 176 4.2 11374 11797 33.3 33.3 32.1 - - - - -
2014-8-23 10:00:0029 26 29 27.8 1,003.1 0 84 84 179 3.3 178 2.7 180 2.7 227 3 229 4.6 18882 13228 32.3 32.3 28.9 - - - - -
2014-8-23 9:00:0027.8 25.6 27.8 27.4 1003 0 88 86 171 3.1 175 2.4 181 2.3 174 2.6 184 4.1 14556 15384 28.8 28.8 27.9 - - - - -
2014-8-23 8:00:0027.9 25.5 27.9 26.8 1,002.7 0 87 86 164 2.9 171 2.3 173 2.6 171 2.7 172 3.5 15272 16737 28.4 28.6 26.9 - - - - -
2014-8-23 7:00:0026.8 25.4 26.8 26.2 1,002.6 0 92 92 168 2.7 168 2 162 2.6 155 2.6 159 3.7 16067 16454 27 27 26 - - - - -
2014-8-23 6:00:0026.2 25.3 26.2 26 1,002.2 0 95 95 136 2.4 134 1.9 136 1.6 146 3.3 147 4.1 13522 14169 26 26 25.7 - - - - -
2014-8-23 5:00:0026 25.1 26.2 26 1002 0 95 94 135 1.8 122 1.4 123 0.9 139 2.9 140 4 15804 16101 25.8 25.8 25.8 - - - - -
2014-8-23 4:00:0026.2 25.2 26.3 26.2 1,002.1 0 94 93 116 0.6 131 0.5 105 0.6 147 2.8 143 3.8 20502 17036 25.9 25.9 25.9 - - - - -
2014-8-23 3:00:0026.2 25 26.2 26 1,002.2 0 93 93 147 2.6 145 2.2 144 2.1 141 2.1 131 3 20623 19511 25.9 25.9 25.9 - - - - -
2014-8-23 2:00:0026.2 25 26.3 26 1,002.5 0 93 93 141 2.8 140 2 140 2.1 132 2.8 143 3.8 19415 21720 25.9 25.9 25.9 - - - - -
2014-8-23 1:00:0026.1 25.2 26.3 26.1 1,002.6 0 95 93 128 2.5 125 2.2 133 2.8 143 4 147 5.6 21818 20723 26 26 26 - - - - -
2014-8-23 00:00:0026.1 25.1 26.3 26.1 1,003.1 0 94 93 129 3.4 130 2.7 127 2.8 135 4 145 6.1 26046 26537 26 26.1 26 - - - - -
2014-8-22 23:00:0026.3 25.3 26.4 26.2 1003 0 94 92 135 5.3 131 3.6 136 3.8 144 4.3 140 6.2 23596 24992 26.1 26.1 26.1 - - - - -
2014-8-22 22:00:0026.3 25.1 26.5 26.3 1,003.1 0 93 92 140 5.7 137 4.7 134 4.2 142 5.8 147 7.5 28512 27455 26.1 26.3 26.1 - - - - -
2014-8-22 21:00:0026.4 25 26.5 26.4 1,003.2 0 92 91 137 5.8 142 5.3 138 5.4 138 5.5 140 8.1 31319 29267 26.3 26.4 26.3 - - - - -
2014-8-22 20:00:0026.4 24.8 26.4 26.3 1,003.2 0 91 89 136 6.5 126 5.3 129 5.1 114 5.1 133 7.2 25437 27774 26.3 26.6 26.3 - - - - -
2014-8-22 19:00:0026.4 24.6 26.4 26.3 1,002.9 0 90 90 129 4.6 129 4.2 119 4.1 111 6.2 117 8.8 27472 30934 26.6 27.4 26.6 - - - - -
2014-8-22 18:00:0026.3 25.1 26.8 26.2 1,002.5 0 93 91 113 6.4 114 5.6 111 6.1 111 6.5 109 10.3 28097 26937 27.4 28.8 27.4 - - - - -
2014-8-22 17:00:0026.8 25.2 27.2 26.7 1,002.6 0 91 89 95 5.8 89 3.3 97 3.2 71 4.3 77 7.5 27993 34607 28.8 29.6 28.7 - - - - -
2014-8-22 16:00:0027.2 25.2 27.3 26.8 1,002.9 0 89 89 66 5.8 62 3.2 84 3 66 3.7 120 7.4 28325 35000 29.7 30.2 29.5 - - - - -
2014-8-22 15:00:0027 25.2 27.7 26.9 1,003.1 0 90 87 53 4.3 62 3.2 64 3.7 62 3.8 77 6.9 27725 30557 30 32.7 29.9 - - - - -
2014-8-22 14:00:0027.6 25.4 27.6 27 1,003.5 0 88 87 118 3.9 100 2.6 101 2.8 107 3.7 110 7.4 24860 32311 32.5 32.5 31 - - - - -
2014-8-22 13:00:0027.2 25.4 27.5 26.6 1004 0 90 88 92 4.3 92 2.6 93 3.2 112 5.7 112 9.5 35000 34575 31.4 32.2 30.7 - - - - -
2014-8-22 12:00:0026.7 24.9 27 26.5 1,004.5 0 90 89 102 7.3 112 5.8 109 4.9 110 5.4 104 9 30885 33608 30.9 31.4 30.3 - - - - -
2014-8-22 11:00:0026.8 25 26.8 26.1 1005 0 90 89 102 3.2 115 2.5 115 3.9 110 5.3 107 7.6 34987 31740 30.4 30.5 28.5 - - - - -
2014-8-22 10:00:0026.1 24.7 26.7 26 1,005.5 0 92 89 111 6.8 108 4.7 108 5 109 5.2 104 7.8 26158 34571 28.6 29.3 28.6 - - - - -
2014-8-22 9:00:0026.6 24.8 26.6 25.9 1,005.4 0 90 89 100 4.8 100 4.1 105 4.1 109 4.6 107 6.1 35000 32474 28.7 28.7 26.7 - - - - -
2014-8-22 8:00:0025.8 24.6 25.9 25.2 1,005.1 0 93 93 118 5.6 114 4.7 108 4.2 109 4.6 119 6.2 32215 25735 26.7 26.8 25.4 - - - - -
2014-8-22 7:00:0025.2 24.5 25.2 24.6 1,004.9 0 96 96 109 4.8 110 4.2 106 4.3 106 4.5 102 5.7 19034 20609 25.4 25.4 24.7 - - - - -
2014-8-22 6:00:0024.6 24.1 24.6 24.4 1,004.7 0 97 96 112 3.4 113 3 109 3 110 3 104 3.7 16093 14431 24.7 24.7 24.4 - - - - -
2014-8-22 5:00:0024.5 23.8 24.7 24.5 1,004.6 0 96 95 109 3.4 108 2.9 110 2.7 117 3.1 127 4.3 13364 13964 24.4 24.4 24.4 - - - - -
2014-8-22 4:00:0024.7 24 24.9 24.7 1,004.6 0 96 94 115 3.6 112 3.1 118 2.7 115 3.7 115 4.8 19042 19749 24.5 24.5 24.5 - - - - -
2014-8-22 3:00:0024.9 24 24.9 24.7 1,004.8 0 95 94 122 3.7 126 3.1 129 2.8 131 3.2 136 4.3 24947 26025 24.5 24.5 24.4 - - - - -
2014-8-22 2:00:0024.7 23.7 24.9 24.7 1,005.1 0 94 91 132 3.2 128 2.4 121 2.5 132 3.3 138 4.8 26653 27070 24.5 24.5 24.4 - - - - -
2014-8-22 1:00:0024.9 23.3 25 24.9 1,005.1 0 91 88 133 3.2 133 3.1 132 3.4 147 5.8 147 7.7 29924 31859 24.5 24.5 24.4 - - - - -
2014-8-22 00:00:0024.9 22.8 25 24.7 1,005.3 0 88 87 151 4.6 152 4.1 146 4.7 147 6 148 8.4 31804 33466 24.4 24.5 24.4 - - - - -
2014-8-21 23:00:0024.8 22.5 24.8 24.6 1,005.5 0 87 86 142 4.4 131 3.8 135 4.2 142 5 144 7.4 21226 21378 24.5 24.6 24.5 - - - - -
2014-8-21 22:00:0024.7 22.2 24.8 24.7 1,005.4 0 86 86 120 4.6 120 4 118 4.1 115 5.2 112 7.5 20124 19741 24.6 24.9 24.6 - - - - -
2014-8-21 21:00:0024.7 22.4 24.8 24.7 1,005.5 0 87 85 117 5.1 117 4.9 114 4.8 115 5.7 116 8.1 17817 18485 24.9 25.1 24.9 - - - - -
2014-8-21 20:00:0024.8 22.5 24.8 24.8 1,004.8 0 87 86 122 6.2 120 5.3 116 5.3 110 6.2 109 8.3 26670 25774 25.2 25.5 25.2 - - - - -
2014-8-21 19:00:0024.8 22.3 25.4 24.8 1,004.3 0 86 82 113 7.3 114 5.9 108 5.6 108 5.6 107 7.7 22313 22966 25.5 26.5 25.5 - - - - -
2014-8-21 18:00:0025.4 22.1 26.7 25.4 1,004.1 0 82 76 116 5.3 116 3.8 112 4.3 112 4.3 115 6.4 22827 22792 26.5 27.8 26.5 - - - - -
2014-8-21 17:00:0026.7 22.1 27.3 26.7 1,003.9 0 76 71 67 4.5 63 3.4 80 2.6 72 2.7 74 5.8 21423 25289 27.8 29.2 27.8 - - - - -
2014-8-21 16:00:0027.3 21.6 28.1 26.9 1,003.9 0 71 68 75 3.8 69 3.1 57 2.4 49 2.4 66 4.4 20368 18644 29.2 31.8 29.2 - - - - -
2014-8-21 15:00:0027.6 22.3 28.1 27.3 1,003.8 0 73 69 67 2.9 71 1.4 86 1.8 65 2.1 99 4.3 21251 20902 31.7 32.9 31.2 - - - - -
2014-8-21 14:00:0027.7 22.2 27.8 27.2 1,004.1 0 72 72 66 3 51 2 68 2 75 2.1 72 4.6 20368 20957 32.8 33.2 32.5 - - - - -
2014-8-21 13:00:0027.3 22.3 27.3 25.9 1,004.6 0 74 73 48 2.8 51 1.6 55 1.5 61 2.2 25 4.7 17950 17510 33.2 33.2 29.4 - - - - -
2014-8-21 12:00:0025.9 22 26.3 25.7 1,005.1 0 79 77 3 3.6 27 1.9 57 1.4 20 2 34 4.1 17038 16613 29.4 31.8 29.2 - - - - -
2014-8-21 11:00:0026.1 22 26.1 25.1 1,005.6 0 78 77 5 1.9 9 1.5 21 1.6 24 2.1 12 3.6 14001 15721 31.2 31.2 27.5 - - - - -
2014-8-21 10:00:0025.4 21.5 25.5 24.7 1,005.7 0 79 79 27 2.1 27 1.2 26 1.6 7 2 358 3.4 20357 18477 28.1 28.6 26.3 - - - - -
2014-8-21 9:00:0025 21.3 25.2 24.6 1,005.5 0 80 80 36 2.2 31 2 23 1.8 6 2.1 9 3.5 11318 10496 27.3 27.4 25.6 - - - - -
2014-8-21 8:00:0024.6 21.5 24.6 23.5 1,005.2 0 83 83 11 2.4 14 1.2 2 1.2 8 1.9 329 2.6 9303 9458 25.6 25.6 23.3 - - - - -
2014-8-21 7:00:0023.4 21.1 23.4 22.6 1,004.7 0 87 87 8 2 3 1.8 8 1.9 2 2.2 11 2.8 14347 15024 23.3 23.3 22.2 - - - - -
2014-8-21 6:00:0022.6 21.1 22.6 22.4 1,004.5 0 91 90 356 2.3 4 1.8 351 1.7 330 2.7 331 4 9897 10598 22.1 22.1 22.1 - - - - -
2014-8-21 5:00:0022.4 20.9 22.5 22.4 1,004.2 0 91 90 312 2.4 314 2.2 322 1.7 324 2.6 315 3.4 10983 10387 22.1 22.2 22.1 - - - - -
2014-8-21 4:00:0022.4 20.9 22.5 22.4 1,003.8 0 91 91 327 3.2 326 2.7 321 2.4 311 3.8 309 4.4 13765 14816 22.2 22.3 22.2 - - - - -
2014-8-21 3:00:0022.5 21.3 22.7 22.5 1,003.6 0 93 91 305 3.8 306 3.3 306 3.4 309 3.8 301 4.3 10190 9757 22.3 22.4 22.3 - - - - -
2014-8-21 2:00:0022.6 21.2 22.7 22.5 1,003.7 0 92 90 314 4.1 312 3.8 306 3.6 306 3.6 294 4.3 8945 8097 22.4 22.6 22.4 - - - - -
2014-8-21 1:00:0022.6 20.9 22.8 22.6 1,003.9 0 90 90 295 2.4 292 2 289 2.3 295 3.9 287 5.6 15725 16744 22.5 22.7 22.5 - - - - -
2014-8-21 00:00:0022.8 21.1 22.9 22.8 1,004.1 0 90 89 282 4.1 282 3 278 3.3 280 4 284 5.8 18583 19293 22.7 22.8 22.7 - - - - -
2014-8-20 23:00:0022.8 21.4 22.8 22.7 1004 0 92 91 284 4.7 283 3.8 286 3.4 304 4.6 288 5.9 14203 15890 22.7 22.8 22.7 - - - - -
2014-8-20 22:00:0022.7 21.5 22.8 22.7 1,004.1 0 93 93 308 4.3 306 3.5 307 4 310 4.4 304 5.6 21609 24271 22.7 22.7 22.7 - - - - -
2014-8-20 21:00:0022.7 21.7 22.8 22.6 1004 0 94 93 324 3.6 318 3.3 319 3.9 305 7.6 309 8.9 23258 24817 22.7 22.9 22.7 - - - - -
2014-8-20 20:00:0022.7 21.7 23.1 22.7 1,003.5 0 94 93 307 8.7 307 7.6 304 7.4 302 8.7 303 10.1 22611 21093 22.9 23 22.8 - - - - -
2014-8-20 19:00:0023.1 21.9 23.3 23.1 1,002.9 0 93 92 313 9.3 310 8.3 310 8 311 9.2 311 11.1 32790 32606 22.9 23.2 22.9 - - - - -
2014-8-20 18:00:0023.3 22.3 23.7 23.3 1,002.2 0 94 93 310 10.6 310 9.3 312 9.1 308 11.9 308 14.2 33063 31990 23.2 23.5 23.2 - - - - -
2014-8-20 17:00:0023.6 22.6 23.7 23.4 1,001.3 0 94 93 310 12.3 308 11.1 315 8.5 328 11.8 326 16.7 35000 35000 23.5 23.8 23.5 - - - - -
2014-8-20 16:00:0023.5 22.5 23.5 23 1000 0 94 93 328 13.8 328 11.9 328 11.8 329 13.3 326 19.2 35000 35000 23.6 23.9 23.4 - - - - -
2014-8-20 15:00:0023 22.5 23.2 22.8 999.3 2.3 97 97 327 19.8 329 13.7 328 12.9 328 14.6 327 19.8 12389 11667 23.6 23.6 23.1 - - - - -
2014-8-20 14:00:0023.2 22.7 24.9 23.2 998.9 0 97 94 328 21.8 326 12.3 325 10.1 318 13.6 328 21.8 8288 14299 23.6 25.7 23.6 - - - - -
2014-8-20 13:00:0024.8 24.3 25 23.6 999.3 5.9 97 97 289 0.8 274 0.8 265 0.6 67 6.2 85 10.7 32543 27463 25.7 25.7 23.5 - - - - -
2014-8-20 12:00:0023.6 23.3 23.6 23.2 999.9 14.3 98 98 71 10.3 83 6.2 64 6.1 39 9.5 34 17.5 3082 4731 23.6 23.6 23.2 - - - - -
2014-8-20 11:00:0023.5 23.2 23.8 23.4 999.7 9.7 98 98 45 14.3 43 8.2 38 8 34 8.6 34 15.9 1638 2061 23.4 23.8 23.4 - - - - -
2014-8-20 10:00:0023.7 23.4 23.9 23.6 1,001.5 2.8 98 98 42 9.3 39 6.9 41 6.3 41 6.3 36 13.3 6316 4931 23.7 24 23.7 - - - - -
2014-8-20 9:00:0023.9 23.6 23.9 23.7 1,002.6 3.7 98 97 34 8.8 34 5.7 38 5.5 38 5.5 40 9.7 7053 5822 23.9 24 23.8 - - - - -
2014-8-20 8:00:0023.8 23.3 23.9 23.7 1,002.9 1.8 97 96 46 6.2 48 4.5 50 4.2 43 4.2 49 9 6849 6681 23.8 23.8 23.6 - - - - -
2014-8-20 7:00:0023.7 23 23.7 23.6 1,003.1 0.8 96 95 45 3.9 51 2.6 48 2.3 65 2.8 65 4.6 9545 7240 23.6 23.6 23.4 - - - - -
2014-8-20 6:00:0023.7 22.9 23.7 23.4 1,003.2 0 95 95 75 3.9 76 2.7 72 2.5 74 2.5 39 5.2 19449 20764 23.4 23.4 23.3 - - - - -
2014-8-20 5:00:0023.4 22.6 23.4 23.3 1,002.8 0 95 95 69 3.9 58 2.2 65 2.3 71 2.6 72 5.1 31512 30610 23.3 23.3 23.2 - - - - -
2014-8-20 4:00:0023.4 22.6 23.4 23.3 1,002.6 0 95 95 66 4.4 59 2.3 64 2.5 82 3.1 79 5.5 33912 34461 23.3 23.3 23.2 - - - - -
2014-8-20 3:00:0023.3 22.5 23.3 23.2 1,003.2 0.1 95 94 82 4.2 82 2.1 74 2.1 75 3.4 71 6 30518 30384 23.3 23.3 23.2 - - - - -
2014-8-20 2:00:0023.3 22.3 23.3 23.2 1,003.4 0.1 94 94 82 4.8 88 3.2 77 3.2 83 3.2 84 5.5 14135 17331 23.2 23.3 23.2 - - - - -
2014-8-20 1:00:0023.2 22.4 23.2 23.1 1,003.9 0 95 94 39 4.9 41 2.6 48 2.2 65 2.2 39 4.9 32321 29752 23.3 23.3 23.2 - - - - -
2014-8-20 00:00:0023.1 22.3 23.1 23 1,004.6 0 95 94 63 3 67 2.1 61 2 44 2.4 51 5.2 35000 35000 23.2 23.2 23.1 - - - - -
2014-8-19 23:00:0023 22.2 23 22.8 1,004.4 0 95 95 60 3 52 1.9 49 1.9 54 2.6 57 5.3 35000 35000 23.1 23.1 22.9 - - - - -
2014-8-19 22:00:0022.8 22 22.8 22.5 1,004.7 0.2 95 94 62 4.1 59 2.7 52 2.6 54 3.2 45 6.6 35000 35000 22.9 22.9 22.8 - - - - -
2014-8-19 21:00:0022.5 21.5 22.7 22.4 1,004.7 0.5 94 94 57 5.4 46 3.4 46 2.9 44 3.1 52 5.8 34360 35000 22.8 23.1 22.8 - - - - -
2014-8-19 20:00:0022.6 21.9 22.8 22.6 1,005.3 0.7 96 95 36 4.9 38 2.9 22 2.6 23 3.4 24 6.4 23082 22277 23.1 23.2 23.1 - - - - -
2014-8-19 19:00:0022.7 22 22.9 22.7 1,004.9 0.7 96 94 23 4.8 29 3.2 32 3 5 4.5 2 6.7 11068 14696 23.1 23.1 22.9 - - - - -
2014-8-19 18:00:0022.7 21.9 22.8 22.7 1,004.4 1 95 94 1 6.7 3 5.4 8 4.4 8 4.4 7 6.9 24627 20086 23 23.4 23 - - - - -
2014-8-19 17:00:0022.8 21.8 23.2 22.8 1004 0.5 94 93 7 5.9 8 3 13 3 7 4.2 7 6.9 24029 21042 23.4 24.2 23.4 - - - - -
2014-8-19 16:00:0023.2 22 23.2 23.1 1,004.5 0.1 93 91 16 4.7 16 2.3 11 2.4 25 3.2 50 5.7 17807 22856 24.2 24.3 24.2 - - - - -
2014-8-19 15:00:0023.2 22 23.3 23 1,004.6 0 93 92 55 5.1 42 2.9 37 2.8 29 3.9 23 7.6 35000 35000 24.2 24.3 23.8 - - - - -
2014-8-19 14:00:0023.2 22.2 23.2 23 1,004.3 0.4 94 92 336 5.4 4 2.8 17 3.3 35 5.1 27 8.7 24879 26658 24.2 24.2 23.7 - - - - -
2014-8-19 13:00:0023 22 23.1 22.9 1,004.5 0.1 94 94 36 8.5 38 5.1 34 4.7 8 4.7 36 8.5 35000 35000 23.7 24.2 23.6 - - - - -
2014-8-19 12:00:0023 22.2 23 22.5 1,004.9 0.4 95 95 13 6.9 9 4.7 8 4.6 14 5.3 5 8.8 35000 35000 23.6 24.2 23 - - - - -
2014-8-19 11:00:0022.6 22.3 23 22.3 1,004.6 10.9 98 98 7 6.1 13 4.2 10 5.4 358 10.4 3 12.4 10456 12470 22.9 22.9 22.5 - - - - -
2014-8-19 10:00:0022.8 22.5 23.1 22.8 1,005.1 2.2 98 97 0 11.3 0 10.2 1 9.5 1 9.5 0 11.3 8475 8027 22.9 23.7 22.9 - - - - -
2014-8-19 9:00:0022.9 22.6 23 22.8 1,004.8 1.2 98 98 36 7.6 27 4.5 26 4.4 27 4.5 19 8.5 10882 9898 23.7 23.7 23.3 - - - - -
2014-8-19 8:00:0022.8 22.5 23.3 22.7 1,004.6 1.8 98 97 38 6.9 36 3.7 33 3.9 26 4.9 27 9.1 6008 5921 23.3 23.4 23.2 - - - - -
2014-8-19 7:00:0023.2 22.9 23.2 23.1 1,004.3 2 98 97 23 8 27 4.8 33 4.2 34 4.2 23 8 15897 16588 23.4 23.4 23.2 - - - - -
2014-8-19 6:00:0023.2 22.9 23.4 23.2 1,003.8 2.3 98 97 49 4.4 50 2.5 50 2.7 14 3.6 23 6.5 6692 7425 23.3 23.3 23.2 - - - - -
2014-8-19 5:00:0023.3 23 23.3 22.7 1,003.1 0.2 98 98 32 3.6 47 1.9 23 2.2 0 5.9 0 7 31128 35000 23.2 23.2 22.8 - - - - -
2014-8-19 4:00:0022.7 22.4 22.9 22.5 1,002.8 2.8 98 98 357 6.4 357 5.7 358 5.5 358 5.5 328 7 21966 19182 22.8 23.1 22.8 - - - - -
2014-8-19 3:00:0022.8 22.6 23 22.8 1,003.5 7 99 99 11 3.5 21 2.3 5 3.2 1 4.9 356 7.1 7967 6769 23 23.1 23 - - - - -
2014-8-19 2:00:0022.9 22.7 23 22.7 1,003.7 9.7 99 98 327 4 327 2.5 349 2.8 0 3.3 6 4.2 6066 5597 23 23.2 23 - - - - -
2014-8-19 1:00:0022.7 22.4 23.1 22.7 1,003.6 9 98 97 39 2.2 48 1.4 46 1.5 110 2.1 117 2.8 4286 2046 23 23.6 23 - - - - -
2014-8-19 00:00:0023 22.5 23 22.8 1,004.1 0.7 97 96 51 1.8 43 1.3 23 1.2 18 1.3 23 2.5 7849 8814 23.5 23.5 23.4 - - - - -
2014-8-18 23:00:0023 22.7 23 22.6 1,004.5 1.6 98 98 43 0.8 48 0.6 29 0.8 359 3.1 3 4 18919 19302 23.4 23.4 23.1 - - - - -
2014-8-18 22:00:0023 22.8 23.2 22.9 1,004.8 9 99 99 340 2.7 334 1.8 353 2.4 356 2.5 355 3.3 11357 10592 23.3 23.8 23.3 - - - - -
2014-8-18 21:00:0023.1 22.9 23.1 22.9 1,004.8 3.3 99 98 115 0.9 120 0.7 118 0.5 17 1.8 20 3.5 8743 8133 23.7 23.7 23.3 - - - - -
2014-8-18 20:00:0022.9 22.6 23.2 22.8 1,004.3 8.5 98 98 16 2.4 18 1.6 21 1.2 16 2.3 0 4.4 4303 4040 23.3 23.6 23.3 - - - - -
2014-8-18 19:00:0023.1 22.8 23.2 22.8 1,004.4 8.3 98 97 202 1.1 222 0.8 299 0.7 5 1.8 356 3.1 2834 3178 23.6 23.8 23.5 - - - - -
2014-8-18 18:00:0023.3 23 23.3 23.2 1,003.7 3.8 98 97 11 1.7 11 1 2 1.1 16 2.3 31 4.5 3064 3614 23.8 24.4 23.8 - - - - -
2014-8-18 17:00:0023.2 22.7 23.2 23.1 1,002.7 0.2 97 97 17 3.5 19 2.2 9 2.1 7 2.2 12 4.6 33831 35000 24.4 24.4 24.3 - - - - -
2014-8-18 16:00:0023.2 22.9 23.2 22.9 1,003.4 1.5 98 97 11 2.4 13 2 25 1.7 1 3.4 2 4.4 6428 7429 24.3 24.5 24.1 - - - - -
2014-8-18 15:00:0023.1 22.6 23.1 22.9 1,003.4 0.8 97 97 2 3.1 2 2.5 349 2 352 2.3 16 4 7545 11596 24.6 24.6 24.3 - - - - -
2014-8-18 14:00:0023.1 22.8 23.4 23 1,003.6 9.4 98 97 - 0 - 0 - 0 1 2.9 0 4.1 1843 2482 24.4 24.4 23.8 - - - - -
2014-8-18 13:00:0023.4 22.7 23.7 23.3 1,003.8 4.5 96 95 9 2.4 16 1.6 6 1.9 1 2.9 357 3.7 2013 2406 24.1 24.7 24.1 - - - - -
2014-8-18 12:00:0023.6 22.8 23.7 23.3 1,003.9 0.1 95 95 7 3.5 2 3 2 2.9 3 3.2 359 4.4 7638 8314 24.6 25.4 24.6 - - - - -
2014-8-18 11:00:0023.2 22.7 23.3 23 1,004.1 1.7 97 97 350 3.4 357 2.4 6 2.8 330 3.1 335 5.2 5910 5578 24.6 24.8 24.2 - - - - -
2014-8-18 10:00:0023 22.7 23.3 22.9 1,004.4 1.2 98 97 331 4.3 332 2.7 332 2.7 318 4.3 317 6 4764 5168 24.2 24.4 24.1 - - - - -
2014-8-18 9:00:0023.2 22.7 23.2 23 1,003.9 0.8 97 97 333 4 330 3.6 328 3.5 313 4.2 308 5.6 6441 6470 24.4 24.4 24.1 - - - - -
2014-8-18 8:00:0023.1 22.6 23.2 23 1,003.7 0.6 97 96 320 3.3 320 3 315 3.7 312 4.1 316 4.9 3169 3083 24.1 24.1 23.9 - - - - -
2014-8-18 7:00:0023.3 22.6 23.3 23.3 1,003.5 0 96 95 310 3.4 310 3.2 316 3.1 308 4.6 308 5.7 5713 5789 23.9 23.9 23.7 - - - - -
2014-8-18 6:00:0023.3 22.5 23.3 23.1 1,003.4 0 95 95 306 4.8 307 4.1 306 4.3 309 5 308 6 5061 5883 23.7 23.7 23.6 - - - - -
2014-8-18 5:00:0023.2 22.5 23.2 23.1 1,002.5 0.3 96 96 312 5 311 4.6 308 5.1 307 6 304 6.7 7099 6196 23.6 23.7 23.6 - - - - -
2014-8-18 4:00:0023.2 22.5 23.2 23 1,001.9 0.5 96 95 305 6.3 305 5.7 307 6.1 305 7.2 308 8.1 5636 5412 23.6 23.7 23.5 - - - - -
2014-8-18 3:00:0023 22.3 23 22.9 1,002.1 1.3 96 96 310 4.3 310 3.8 310 3.4 304 3.6 299 4.4 5935 5115 23.8 23.9 23.8 - - - - -
2014-8-18 2:00:0023 22.3 23.5 23 1,002.5 1.4 96 91 287 2.5 287 1.7 297 2.3 311 4 316 4.9 3967 4486 23.8 24 23.7 - - - - -
2014-8-18 1:00:0023.5 21.9 23.6 23.5 1,002.6 0 91 90 316 3.8 316 3.4 310 4 309 4.2 304 5.3 8906 9785 24 24.2 24 - - - - -
2014-8-18 00:00:0023.5 21.8 23.5 23.4 1,002.6 0 90 89 291 2.8 291 2.4 285 3.1 307 5.8 309 6.9 9939 10514 24.1 24.1 23.9 - - - - -
2014-8-17 23:00:0023.4 21.7 23.5 23.4 1,002.3 0 90 89 306 5.5 310 4.8 304 4.6 318 5.2 301 6.4 10687 10466 24 24.1 23.9 - - - - -
2014-8-17 22:00:0023.4 21.7 23.4 23.3 1,002.1 0 90 90 326 5.9 326 4.4 317 5.4 309 6.4 311 7.5 12390 12776 23.9 24.2 23.8 - - - - -
2014-8-17 21:00:0023.4 21.8 23.7 23.4 1002 0 91 91 311 6.8 311 6.1 307 6.2 306 6.2 305 7.1 10271 9619 24.2 24.5 24.2 - - - - -
2014-8-17 20:00:0023.7 22.1 24 23.7 1,001.4 0 91 91 322 5.2 321 4.7 317 5 311 6.4 308 8.9 12522 13126 24.5 24.9 24.5 - - - - -
2014-8-17 19:00:0024 22.6 24.6 24 1,000.3 0 92 92 314 7.3 316 6 318 5.8 316 6.2 314 8.3 10925 12746 24.9 25.7 24.9 - - - - -
2014-8-17 18:00:0024.6 23.2 25.4 24.5 999.6 0 92 91 326 6.1 324 5 327 6 310 7.3 327 9.6 18904 20816 25.7 27.1 25.7 - - - - -
2014-8-17 17:00:0025.4 23.6 26.5 25.4 999.1 0 90 88 307 8 307 7.1 311 7.3 303 7.7 303 8.9 20757 18651 27.1 29.5 27.1 - - - - -
2014-8-17 16:00:0026.3 24.3 27.5 26.1 999 0 89 84 295 5.5 293 4.1 295 5.2 296 6.1 296 8.1 7537 7023 29.3 32 29.2 - - - - -
2014-8-17 15:00:0027.5 24.6 27.9 27 998.6 0 84 83 295 5.9 295 4.3 295 4.7 265 5.7 265 8 8024 8650 32.1 32.4 29.8 - - - - -
2014-8-17 14:00:0027.3 24.9 27.8 26.2 999 0 87 83 263 6.5 266 5.2 265 5.6 266 6.2 274 8.6 5727 5764 29.9 31.2 27.2 - - - - -
2014-8-17 13:00:0026.7 24.7 27 26.7 999.4 0 89 88 230 6.7 229 5.8 222 5.7 222 5.7 225 8.9 7695 8357 27.3 28.1 27.3 - - - - -
2014-8-17 12:00:0026.7 24.7 26.8 26.1 999.6 0 89 89 227 6.6 225 5.4 218 4.4 170 5.5 174 7.1 10180 12282 27.6 27.6 26.5 - - - - -
2014-8-17 11:00:0026.2 24.2 26.3 25.6 999.6 0.1 89 88 174 6.7 173 5.8 169 5.4 168 5.4 161 7.3 17354 13313 26.8 27.1 25.8 - - - - -
2014-8-17 10:00:0025.9 23.8 26 25.7 999.9 0 88 82 160 6.3 162 5.5 149 4.3 137 4.3 164 6.3 4431 13708 25.8 26.4 25.8 - - - - -
2014-8-17 9:00:0025.9 23 26 25.5 999.9 0 84 83 146 5.5 144 3.2 136 2.9 112 3.4 146 5.5 26809 26864 26.4 26.6 25.9 - - - - -
2014-8-17 8:00:0025.5 23.9 25.5 25 999.8 0 91 89 112 3.1 104 2 105 2.6 109 3.2 111 4.5 18208 19367 25.8 25.8 24.5 - - - - -
2014-8-17 7:00:0025 23.1 25 24.5 999.9 0 89 86 96 3.6 94 2.4 101 2.6 75 2.9 81 5 22093 23290 24.6 24.7 24 - - - - -
2014-8-17 6:00:0024.5 22.9 24.5 24.3 999.7 0 91 91 82 5 79 3 74 2.9 68 3.8 77 7 23866 20426 24.1 24.2 23.9 - - - - -
2014-8-17 5:00:0024.3 23.3 24.4 24.2 999.4 0.3 94 92 67 5.3 65 3.1 66 3.7 71 3.9 70 6.6 13360 10991 24 24 23.8 - - - - -
2014-8-17 4:00:0024.2 22.8 24.6 24.2 999.8 0.4 92 88 97 2.3 80 1.3 99 2.1 107 4 109 7 10531 7370 23.9 24 23.8 - - - - -
2014-8-17 3:00:0024.4 22.5 24.6 24.4 999.8 0 89 87 98 2.2 79 1.6 97 2.2 68 4.2 69 7.3 18266 10834 23.8 23.9 23.5 - - - - -
2014-8-17 2:00:0024.5 22.2 24.6 24.5 1,000.3 0 87 86 83 3.4 70 3 62 3.3 80 5 85 8.1 19104 18606 23.5 23.6 23.4 - - - - -
2014-8-17 1:00:0024.5 22 24.5 24.3 1,000.7 0 86 84 81 7 79 5.1 80 4.9 77 5.3 70 8.9 19396 20304 23.6 23.7 23.5 - - - - -
2014-8-17 00:00:0024.4 22.3 24.4 24.3 1,001.3 0 88 87 74 8.4 77 5.3 77 4.7 76 4.9 75 8.5 14670 17225 23.7 24 23.6 - - - - -
2014-8-16 23:00:0024.4 22.7 24.4 24.2 1,001.9 0 90 88 74 6.4 74 4 73 4.1 68 4.2 66 7.9 16492 17557 24 24.1 23.9 - - - - -
2014-8-16 22:00:0024.2 22.3 24.2 24.1 1,002.2 0 89 88 56 2.6 50 1.8 47 1.7 51 2.1 33 3.6 20591 20544 24 24 23.9 - - - - -
2014-8-16 21:00:0024.1 22.2 24.2 24.1 1,002.4 0 89 89 47 2.4 47 1.5 40 1.5 75 3.6 75 6.2 17901 17309 24 24.1 23.9 - - - - -
2014-8-16 20:00:0024.2 22.3 24.5 24.1 1,001.9 1.4 89 89 74 5.6 72 3.8 67 2.9 110 3.8 104 6.4 16624 16021 24 24.6 24 - - - - -
2014-8-16 19:00:0024.5 22.6 25.1 24.5 1,001.8 0.2 89 82 103 5.4 113 4.4 114 3.2 108 4.7 100 7.2 5833 7143 24.6 25.6 24.6 - - - - -
2014-8-16 18:00:0025.1 22 25.3 25.1 1002 0 83 80 107 7.3 107 5.8 108 4.7 110 4.7 116 8.2 18848 18533 25.6 26 25.6 - - - - -
2014-8-16 17:00:0025.4 21.9 25.5 25.4 1,002.4 0 81 77 61 7.1 64 4 73 3.2 63 3.7 61 7.1 20870 20433 26.1 26.8 26.1 - - - - -
2014-8-16 16:00:0025.4 21.7 25.8 25.4 1,002.6 0 80 80 108 5 107 3.2 86 3.1 70 4.2 87 7.2 18696 17607 26.7 28 26.7 - - - - -
2014-8-16 15:00:0025.6 22.3 25.7 25.6 1,002.7 0 82 80 71 6 65 3 67 3.9 67 4.3 64 7.5 16896 15320 27.6 28.4 27.6 - - - - -
2014-8-16 14:00:0025.7 22.2 25.8 25.5 1003 0 81 81 68 6 70 4.6 64 3.9 67 4.5 82 7.9 13832 15722 28.5 28.8 28 - - - - -
2014-8-16 13:00:0025.6 22.1 25.7 25.5 1,003.4 0 81 75 57 6.4 59 4.6 58 3.7 70 4.7 66 8 16746 15958 28.1 28.5 27.5 - - - - -
2014-8-16 12:00:0025.7 21.4 25.7 25.4 1,003.7 0 77 77 71 6.1 68 3.4 71 4 79 4.2 83 7.2 21023 20074 27.7 28.1 26.8 - - - - -
2014-8-16 11:00:0025.7 22.2 26.4 25.7 1,004.2 0 81 78 58 3.4 65 2.6 59 3.2 58 3.5 49 6.4 18701 17691 28.1 30.6 28.1 - - - - -
2014-8-16 10:00:0025.9 22.4 26 25.5 1004 0 81 80 65 3.9 67 3 70 3.2 70 3.6 71 6.9 16240 19033 28.7 28.8 26.4 - - - - -
2014-8-16 9:00:0025.5 22.2 25.5 24.8 1,004.2 0 82 82 73 4.8 72 2.6 73 2.4 70 3.3 72 5.6 23139 19026 26.4 26.4 24.9 - - - - -
2014-8-16 8:00:0024.8 22.3 24.8 24.4 1,003.9 0 86 83 72 4.3 74 3 67 2.5 76 2.5 77 5.4 16120 18223 24.9 25 24.4 - - - - -
2014-8-16 7:00:0024.4 21.5 24.4 24.2 1,003.9 0 84 83 73 2.1 74 1.3 70 1.3 76 1.7 75 4.1 26139 22201 24.4 24.5 24.3 - - - - -
2014-8-16 6:00:0024.2 21.9 24.2 24.1 1,003.9 0 87 87 102 1.4 98 1.1 109 1.2 108 3.1 120 4.1 17312 17571 24.4 24.5 24.3 - - - - -
2014-8-16 5:00:0024.1 22.5 24.1 24 1,003.3 0 91 90 99 4.1 103 3.6 108 3.1 108 3.1 107 4.5 15514 15629 24.5 24.5 24.4 - - - - -
2014-8-16 4:00:0024 22.3 24.1 23.9 1,003.2 0 90 88 101 1.7 99 1.3 106 1.7 107 2.9 107 3.5 15572 17034 24.5 24.6 24.4 - - - - -
2014-8-16 3:00:0024 22.6 24 24 1,003.4 0.1 92 91 105 3.1 105 2.7 108 2.8 118 3.7 124 4.8 15540 15874 24.6 24.7 24.5 - - - - -
2014-8-16 2:00:0024 22.8 24.5 24 1,003.8 0.2 93 88 118 3.6 111 3 117 2.7 107 2.7 113 3.7 10270 6714 24.7 24.9 24.7 - - - - -
2014-8-16 1:00:0024.5 22.4 24.6 24.5 1,003.9 0 88 86 127 1.1 131 0.9 109 1.3 108 2.5 104 3.4 19812 20474 24.9 25 24.8 - - - - -
2014-8-16 00:00:0024.6 22.1 24.8 24.6 1,004.1 0 86 85 107 2.6 108 2.1 112 1.7 100 1.9 108 3.4 29806 26699 25 25 24.8 - - - - -
2014-8-15 23:00:0024.8 22.1 24.8 24.7 1,004.3 0 85 85 65 1.6 71 1.5 75 1.6 103 2.3 115 3.3 25404 25922 24.8 25.2 24.8 - - - - -
2014-8-15 22:00:0024.7 22 24.7 24.6 1,004.3 0 85 85 98 1.9 93 2 103 2.3 108 2.4 109 3.5 27719 28566 25.2 25.3 25.2 - - - - -
2014-8-15 21:00:0024.6 22.1 24.6 24.6 1,004.3 0 86 84 46 1.1 66 0.3 93 0.8 108 1.9 82 2.4 27095 24731 25.3 25.4 25.2 - - - - -
2014-8-15 20:00:0024.7 22 24.7 24.7 1,004.2 0 85 85 115 2.1 115 1.8 107 2 107 2.1 82 3.1 27369 27029 25.4 25.6 25.4 - - - - -
2014-8-15 19:00:0024.7 22 25 24.7 1,003.9 0 85 84 58 2.8 64 2 81 1.7 73 2 78 3.9 25059 27855 25.6 26.4 25.6 - - - - -
2014-8-15 18:00:0025 22.3 25.3 25 1,003.7 0 85 84 107 1.9 92 1.7 77 1.6 75 1.9 69 3.6 27947 26317 26.4 27.2 26.4 - - - - -
2014-8-15 17:00:0025.3 22.4 25.5 25.3 1,003.7 0 84 82 90 1.5 80 1.3 81 1.6 55 1.7 71 3.7 30153 33429 27.2 27.7 27.2 - - - - -
2014-8-15 16:00:0025.4 22.3 25.5 25.4 1,003.6 0 83 81 55 2.1 47 1 55 1.2 40 1.8 39 3.8 35000 34337 27.5 28 27.5 - - - - -
2014-8-15 15:00:0025.4 22.1 25.4 25.1 1,003.5 0 82 82 50 2 46 1.3 48 1.4 68 2.2 76 4.8 34984 35000 27.9 28.3 27.6 - - - - -
2014-8-15 14:00:0025.1 22.4 25.8 25.1 1,003.9 0 85 82 70 3.7 78 2.2 76 2.1 85 2.8 82 5.3 35000 32406 28.4 30.7 28.4 - - - - -
2014-8-15 13:00:0025.8 22.7 25.8 25.2 1,003.9 0 83 83 58 3.9 65 2.7 74 2.6 82 3.4 64 6.1 35000 35000 30.8 30.8 29.2 - - - - -
2014-8-15 12:00:0025.4 23.1 26.5 25.4 1,004.4 0 87 80 110 3.5 90 2.1 86 2.6 79 2.9 79 6.6 34513 35000 30.1 31.7 30.1 - - - - -
2014-8-15 11:00:0026.5 22.8 26.5 25.5 1,004.7 0 80 80 60 2.9 42 1.6 49 2.3 33 3.3 43 5.9 35000 35000 30.9 30.9 27.7 - - - - -
2014-8-15 10:00:0025.5 23.2 25.5 25.2 1,004.6 0 87 83 45 3.8 25 2.6 35 2.7 359 7.8 359 9.2 35000 35000 27.6 27.6 25.8 - - - - -
2014-8-15 9:00:0025.2 22.5 25.2 25 1004 0 85 85 1 8.8 1 8 0 7.7 0 7.7 1 9.4 35000 35000 25.8 26.1 25.7 - - - - -
2014-8-15 8:00:0025.1 23.2 25.1 24.8 1,004.1 0 89 87 2 5.2 352 3.4 1 3.6 330 5.3 332 8.4 26061 22375 26 26 24.7 - - - - -
2014-8-15 7:00:0024.8 22.9 24.8 24.6 1004 0 89 88 327 6.7 330 5.4 328 4.9 328 5.8 325 8.1 20954 22422 24.8 24.8 24.2 - - - - -
2014-8-15 6:00:0024.6 22.8 24.6 24.5 1,003.3 0 90 89 332 6.4 330 4.9 329 4.9 328 5.2 332 7.3 31249 28858 24.3 24.3 24.1 - - - - -
2014-8-15 5:00:0024.5 22.9 24.5 24.4 1,002.9 0 91 90 325 6.8 324 4.1 327 4.5 328 5.6 333 8.9 18415 19575 24.2 24.2 24 - - - - -
2014-8-15 4:00:0024.4 22.8 24.4 24.1 1,002.7 0 91 90 314 5.4 319 4.6 323 5.1 330 5.7 330 7.8 21228 24606 24.1 24.2 24 - - - - -
2014-8-15 3:00:0024.2 23 24.5 24.2 1,002.6 0 93 91 323 5.5 328 4.5 324 4.8 327 6.1 326 8.3 17368 18815 24.1 24.3 24.1 - - - - -
2014-8-15 2:00:0024.5 22.9 25.1 24.5 1,002.2 0 91 84 319 6.3 322 5.3 322 5.4 3 6.4 331 8.5 25900 25692 24.2 24.3 24 - - - - -
2014-8-15 1:00:0025 22.5 25 25 1,002.1 0 86 84 7 7.3 6 6.1 3 6 359 8 358 9.3 35000 35000 24 24 23.9 - - - - -
2014-8-15 00:00:0025 22.5 25.1 24.9 1002 0 86 85 0 9.4 359 7.6 358 8.1 358 8.3 359 10.6 35000 35000 23.9 24 23.9 - - - - -
2014-8-14 23:00:0025 22.3 25 24.9 1,001.9 0 85 84 357 7.3 358 6.4 0 6.8 2 7 1 9.2 35000 35000 23.9 23.9 23.6 - - - - -
2014-8-14 22:00:0024.9 22.2 24.9 24.8 1,001.8 0 85 84 9 7.3 5 5.4 5 6.3 4 9 6 11.3 35000 35000 23.8 23.9 23.7 - - - - -
2014-8-14 21:00:0024.8 22.7 24.8 24.7 1,001.4 0 88 86 4 10.7 2 9.2 3 9.1 3 9.1 1 12.5 35000 35000 23.7 24.3 23.7 - - - - -
2014-8-14 20:00:0024.8 22.7 24.9 24.6 1,000.8 0 88 85 26 8.3 24 5.3 33 6.1 29 7.4 34 13.8 35000 35000 24.1 24.2 24 - - - - -
2014-8-14 19:00:0024.6 22.5 24.6 24 1000 0 88 87 27 12.5 32 6.9 31 7.3 32 7.7 29 13.8 35000 35000 24.1 24.4 24 - - - - -
2014-8-14 18:00:0024.1 22.9 24.3 23.8 999.3 0.1 93 90 13 11.7 9 7.3 8 7.4 7 10.9 6 17.2 28249 30501 24.2 24.7 24 - - - - -
2014-8-14 17:00:0024.3 23.6 25.4 24.3 998.8 1.5 96 96 6 13.9 5 9.1 6 9.6 7 10.9 5 15.7 21047 22083 24.7 27.2 24.7 - - - - -
2014-8-14 16:00:0025.4 25.1 25.7 25.3 998.3 1.1 98 96 294 9.4 293 7.3 294 7.3 297 8.7 296 12.4 2086 1891 27.1 27.5 27.1 - - - - -
2014-8-14 15:00:0025.7 25.2 27 25.7 997.9 2.1 97 90 293 9.6 295 7.6 297 7.8 301 8.1 297 10.1 4200 3880 27.6 31 27.6 - - - - -
2014-8-14 14:00:0027 25 27.7 27 997.8 0 89 85 295 8.7 294 6.9 299 6.8 312 8.9 304 10.4 7517 8450 31 33.8 31 - - - - -
2014-8-14 13:00:0027.2 25.2 29 26.4 997.6 0 89 86 305 10.4 309 8.5 312 8.8 303 9.8 300 12.6 9449 8692 31.7 38.3 30.1 - - - - -
2014-8-14 12:00:0029.1 26.5 29.7 29 997.7 0 86 80 274 2.7 267 1.8 274 2.1 275 2.3 262 3.8 35000 29959 38.6 41.5 38.3 - - - - -
2014-8-14 11:00:0029.7 26.1 29.9 27.8 997.9 0 81 79 276 2.6 279 1.9 243 1.6 204 2 189 2.9 25042 27496 39.9 40.4 32.9 - - - - -
2014-8-14 10:00:0028.1 25.5 28.5 27.9 998.3 0 86 84 209 2.5 210 1.9 263 1.6 331 2 323 2.9 35000 31038 33.4 34.5 33.3 - - - - -
2014-8-14 9:00:0028.2 25.6 28.4 27.8 998.2 0 86 85 198 1.9 202 1.8 172 2.1 181 2.4 191 3.7 26709 25643 34.3 34.3 32.7 - - - - -
2014-8-14 8:00:0028.1 25.9 29 27.3 997.8 0 88 81 1 2.3 3 2.1 333 1.6 110 2.1 115 3.3 35000 30213 33.3 34.3 29.8 - - - - -
2014-8-14 7:00:0027.3 25.7 27.3 26.3 997.7 0 91 91 110 2.9 113 2.2 115 1.6 119 1.7 110 2.9 28015 30726 29.8 29.8 27 - - - - -
2014-8-14 6:00:0026.3 25.3 26.3 26.2 997.8 0 94 93 50 2.2 47 1.6 51 1.4 156 1.7 146 2.2 35000 32982 27 27.3 27 - - - - -
2014-8-14 5:00:0026.2 25.2 26.2 26 997.8 0 94 94 152 1.4 167 1.4 155 1.8 140 2 167 2.9 30166 29900 27.2 27.3 27.2 - - - - -
2014-8-14 4:00:0026.1 25.2 26.1 26 997.6 0 95 95 87 1.1 90 0.7 95 1 116 2.7 115 3.7 26752 28028 27.2 27.3 27.2 - - - - -
2014-8-14 3:00:0026 25.3 26 25.7 997.7 0 96 96 102 2.4 108 2 114 1.9 108 5.6 102 7.5 32948 35000 27.2 27.2 26.9 - - - - -
2014-8-14 2:00:0025.8 25.3 26.2 25.8 997.4 0 97 96 105 6.7 107 5.2 108 5.6 105 6 105 9.1 25293 26784 27 27.3 27 - - - - -
2014-8-14 1:00:0026.2 25.7 26.2 26.1 998.1 0 97 96 111 4.2 114 2.9 88 2.8 104 4.1 90 6 10657 11453 27.3 27.5 27.2 - - - - -
2014-8-14 00:00:0026.1 25.4 26.3 26.1 998.6 0 96 96 104 4.8 98 3.1 104 4 104 4.2 112 6 13967 14023 27.3 27.7 27.3 - - - - -
2014-8-13 23:00:0026.3 25.4 26.4 26.3 999.1 0 95 94 112 4.8 109 3.5 103 3 103 4.7 112 7.4 16561 18241 27.7 27.9 27.7 - - - - -
2014-8-13 22:00:0026.4 25.4 26.6 26.4 999 0 94 93 111 4.6 101 2.3 95 2.6 105 4.2 126 7.6 18467 18793 27.9 27.9 27.6 - - - - -
2014-8-13 21:00:0026.5 25.3 26.6 26.5 999 0 93 91 81 5 77 3.1 71 3.4 72 4.5 80 7.8 22603 22481 27.6 27.9 27.6 - - - - -
2014-8-13 20:00:0026.6 25 26.7 26.6 998.7 0 91 90 76 5 72 3.3 87 2.8 97 3.5 100 6.6 25011 25532 27.9 28.4 27.9 - - - - -
2014-8-13 19:00:0026.7 24.9 26.9 26.7 998.3 0 90 87 132 3.8 103 2.6 74 3.1 65 4.6 80 8.2 28404 28956 28.3 29.5 28.3 - - - - -
2014-8-13 18:00:0026.9 24.6 27.7 26.9 997.8 0 87 82 68 5.9 67 4 71 3.6 68 3.7 66 7.3 28433 34911 29.6 33 29.6 - - - - -
2014-8-13 17:00:0027.6 24.2 28.2 27.6 997.7 0 82 78 53 4 90 3.4 74 3.1 109 5.5 111 10 35000 35000 33 35.6 33 - - - - -
2014-8-13 16:00:0028.2 24.2 28.4 27.9 997.1 0 79 77 84 4.3 92 2.5 104 2.9 69 4.7 70 8.6 35000 35000 35.6 37.7 35.3 - - - - -
2014-8-13 15:00:0028.3 23.9 28.5 27.8 997 0 77 76 63 7.7 69 4.9 66 4.6 66 4.6 66 7.9 35000 35000 37.8 39.5 37.2 - - - - -
2014-8-13 14:00:0027.9 24.1 28 27.6 997.5 0 80 77 91 5.8 93 3.4 102 3.8 103 3.8 107 8.5 35000 35000 37.8 38 36.3 - - - - -
2014-8-13 13:00:0027.9 23.7 28.1 27.6 997.9 0 78 75 69 5.9 65 3.2 95 3.6 110 4.5 114 8.5 35000 35000 37.4 39.8 36.5 - - - - -
2014-8-13 12:00:0028 23.4 28.6 27.7 998.1 0 76 74 126 4.9 113 3 118 3.6 116 4 124 7.3 31813 35000 39.9 42.2 39.2 - - - - -
2014-8-13 11:00:0027.9 23.5 28.3 27.6 998.5 0 77 73 98 3.8 109 3.2 113 3.7 111 5 115 9.2 35000 35000 40.4 41.9 39 - - - - -
2014-8-13 10:00:0027.8 23.2 28.1 27.4 998.5 0 76 76 115 8.8 108 5.1 110 4.8 111 5.1 105 8.9 26158 27287 38.7 39.8 36.4 - - - - -
2014-8-13 9:00:0027.7 23.3 27.8 26.9 998.6 0 77 77 121 4.5 115 3.9 113 3.2 102 3.3 126 9 34263 24679 36.2 36.2 31.2 - - - - -
2014-8-13 8:00:0027 23 27 25.9 998.5 0 79 78 98 5.3 111 4 106 3.1 110 4.3 126 7.2 29385 26715 31.1 31.1 27.1 - - - - -
2014-8-13 7:00:0026 22.7 26 25.1 998.4 0 82 80 112 5.6 107 4.3 110 4.4 115 4.7 118 7.5 25530 28035 27 27 24.5 - - - - -
2014-8-13 6:00:0025.1 22.6 25.1 25 998.1 0 86 85 101 3.7 101 2.7 103 3.4 109 4.2 105 6.9 21491 20046 24.5 24.5 24.4 - - - - -
2014-8-13 5:00:0025.1 22.4 25.2 25.1 998 0 85 84 121 4.6 113 4.2 111 4.3 113 4.9 101 5.9 16462 16074 24.5 24.7 24.5 - - - - -
2014-8-13 4:00:0025.2 22.3 25.4 25.2 998.3 0 84 83 114 5.8 116 4.5 114 4.9 115 5.6 115 8.1 13401 13887 24.5 24.6 24.5 - - - - -
2014-8-13 3:00:0025.3 22.4 25.3 25.2 998.5 0 84 84 115 7.5 114 5.8 114 5.4 116 5.8 113 8.7 13785 12775 24.6 24.9 24.6 - - - - -
2014-8-13 2:00:0025.3 23 25.3 25.2 998.7 0 87 86 112 5.9 112 5 114 4.7 114 4.7 110 7.6 10274 10595 24.8 24.8 24.6 - - - - -
2014-8-13 1:00:0025.2 22.9 25.3 25.2 998.9 0 87 86 115 3 88 1.6 100 2.1 97 2.5 118 5.3 10075 10452 24.7 24.8 24.6 - - - - -
2014-8-13 00:00:0025.3 23.4 25.4 25.3 999.4 0 89 87 118 4.5 94 1.9 82 2.4 77 4.5 84 7.7 10882 9867 24.6 24.6 24.3 - - - - -
2014-8-12 23:00:0025.3 23 25.3 25.2 999.5 0 87 87 73 5.1 79 3 77 3.7 75 4.4 72 7.9 12776 12734 24.4 24.4 24.3 - - - - -
2014-8-12 22:00:0025.3 23 25.3 25.1 1000 0 87 87 80 5.1 88 3.6 75 3.9 70 4 70 7 13886 14009 24.4 24.7 24.4 - - - - -
2014-8-12 21:00:0025.1 23 25.1 24.9 1,000.1 0.2 88 88 94 5 85 3.5 73 3.6 73 3.6 75 6 16498 17156 24.6 24.9 24.5 - - - - -
2014-8-12 20:00:0025 22.9 25.2 25 1000 0.1 88 87 54 4 60 2.8 69 2.6 71 3.1 72 5.8 10694 11548 24.8 25.2 24.6 - - - - -
2014-8-12 19:00:0025.2 23.1 25.3 25.2 999.3 0.1 88 85 88 3.9 81 2.9 74 2.5 68 2.8 75 5.1 8777 10586 25.2 26.1 25.2 - - - - -
2014-8-12 18:00:0025.2 22.5 25.4 25.1 999.1 0 85 83 78 4 70 2.4 60 2.3 77 3.7 73 7 21434 24839 25.9 27.3 25.6 - - - - -
2014-8-12 17:00:0025.4 22.3 25.5 25.4 998.6 0 83 82 62 5 71 3.3 70 3.2 71 3.5 57 6.8 25678 26231 27.3 28.5 27.3 - - - - -
2014-8-12 16:00:0025.5 22.2 25.8 25.5 998.6 0 82 80 56 4.7 49 2.7 55 3 66 4.3 71 8.1 35000 30997 28.5 30 28.5 - - - - -
2014-8-12 15:00:0025.8 22.1 26.6 25.8 998.5 0 80 78 61 5.3 53 2.9 55 3.2 59 3.3 65 7 35000 35000 30.1 33.2 30.1 - - - - -
2014-8-12 14:00:0026.2 22.1 26.8 26.2 998.6 0 78 76 46 5.1 47 2.7 51 3.1 55 3.2 65 6.6 35000 35000 31.3 33.5 31.1 - - - - -
2014-8-12 13:00:0026.2 22.3 26.6 26 999.3 0 79 77 54 3.2 49 2.2 51 2.3 70 3.1 85 5.6 35000 35000 31.1 32.5 30.1 - - - - -
2014-8-12 12:00:0026.1 22.2 26.3 26 999.7 0 79 77 70 5.3 74 2.7 60 2.6 60 3 55 6 35000 35000 30.4 30.9 30 - - - - -
2014-8-12 11:00:0026.2 22.1 26.2 25.9 999.5 0 78 76 73 4.4 74 2.6 65 2.2 66 2.7 72 5.1 35000 35000 30.6 30.6 29.4 - - - - -
2014-8-12 10:00:0026 21.9 26.1 25.6 999.7 0 78 76 79 4.6 83 2.6 77 2.4 74 3.1 74 5.4 35000 35000 29.5 29.7 28 - - - - -
2014-8-12 9:00:0025.6 21.9 25.7 25.2 999.3 0 80 80 85 3.9 88 2.7 73 2.5 66 3.2 61 5.5 35000 35000 28 28.1 26.4 - - - - -
2014-8-12 8:00:0025.2 22.1 25.2 25.1 999 0 83 82 74 4.7 83 2.4 77 2.4 72 2.9 67 5 35000 35000 26.4 26.4 26.1 - - - - -
2014-8-12 7:00:0025.1 22.4 25.1 24.9 998.8 0 85 84 80 3 74 2.3 79 1.8 80 2.6 84 4.4 34639 35000 26.1 26.1 25.8 - - - - -
2014-8-12 6:00:0024.9 22 24.9 24.8 998.6 0 84 84 100 2.9 107 1.3 94 1.7 72 2 81 4.1 35000 35000 25.7 25.7 25.6 - - - - -
2014-8-12 5:00:0024.8 22.1 24.8 24.7 998.3 0 85 84 125 2.2 97 1.4 85 1.6 101 2.2 71 4.1 35000 35000 25.6 25.6 25.5 - - - - -
2014-8-12 4:00:0024.7 21.8 24.7 24.6 998.3 0 84 84 103 2.8 108 2 86 1.8 106 3.2 101 4.5 35000 35000 25.6 25.8 25.5 - - - - -
2014-8-12 3:00:0024.6 21.7 24.6 24.6 998.3 0 84 83 106 3.1 105 2.8 105 2.4 109 3.3 107 4.4 35000 35000 25.7 25.9 25.7 - - - - -
2014-8-12 2:00:0024.6 21.7 24.6 24.6 998.4 0 84 84 103 4 111 3.2 109 2.8 113 3 120 4.7 35000 35000 25.9 25.9 25.8 - - - - -
2014-8-12 1:00:0024.6 21.9 24.7 24.6 998.7 0 85 82 92 4.7 106 3.5 101 2.7 72 2.8 114 5.8 35000 35000 25.8 25.8 25.6 - - - - -
2014-8-12 00:00:0024.7 21.4 24.8 24.7 998.9 0 82 80 73 3.7 69 2.5 70 2.6 71 2.9 79 5.3 35000 35000 25.6 26 25.6 - - - - -
2014-8-11 23:00:0024.8 21.1 24.9 24.8 999.3 0 80 79 66 3.6 74 2.2 75 2.1 73 2.9 67 5.1 35000 35000 26 26 25.9 - - - - -
2014-8-11 22:00:0024.9 21.2 24.9 24.8 999.2 0 80 78 81 4.5 73 3.8 75 2.8 71 3.7 58 5.7 35000 35000 25.9 26 25.7 - - - - -
2014-8-11 21:00:0024.8 20.9 25.2 24.8 999 0 79 78 47 4.3 64 2.7 74 2.4 104 2.7 115 5.3 35000 35000 26 26.6 26 - - - - -
2014-8-11 20:00:0025.2 20.9 25.3 25.2 998.9 0 77 74 105 4.1 100 2.4 90 2.3 73 3.9 65 6.2 35000 35000 26.6 27.3 26.6 - - - - -
2014-8-11 19:00:0025.3 20.6 25.5 25.3 998.3 0 75 74 73 5.5 79 3.5 78 3.3 68 3.5 89 7 35000 35000 27.3 28.6 27.3 - - - - -
2014-8-11 18:00:0025.5 21 26.1 25.5 997.9 0 76 73 49 4.3 69 2.1 56 2.3 60 3.2 61 6.1 32835 35000 28.6 30.6 28.5 - - - - -
2014-8-11 17:00:0026.1 21.1 27 26.1 997.4 0 74 71 63 4.8 65 3.4 56 2.7 58 2.9 63 6.6 35000 33059 30.6 34.6 30.6 - - - - -
2014-8-11 16:00:0026.9 21.9 28 26.8 997.4 0 74 68 37 3.6 42 2.6 52 2.7 57 3.2 51 6.3 35000 35000 34.5 39.6 34.5 - - - - -
2014-8-11 15:00:0027.8 22.5 27.8 26.9 997.4 0 73 73 39 3.2 33 2 54 2.4 50 3 43 6.2 35000 35000 38.8 38.8 35.8 - - - - -
2014-8-11 14:00:0027.6 22.5 28.1 27.5 997.7 0 74 70 39 4.8 36 2.3 49 2.4 32 3.6 36 7.9 28649 25314 38.5 43.7 37.9 - - - - -
2014-8-11 13:00:0027.6 22.3 28 27.5 998.3 0 73 70 120 2.2 56 1.9 42 2.8 10 3.8 13 5.8 33131 30838 41.8 45.4 41.8 - - - - -
2014-8-11 12:00:0027.7 22.4 28 27.6 998.6 0 73 68 11 3.9 12 2.7 22 3.1 28 3.9 31 6.4 26614 27247 42.9 44.7 41.9 - - - - -
2014-8-11 11:00:0028 22 28 27.2 999.2 0 70 70 36 5.2 31 2.6 39 2.7 33 3.1 31 6 29579 34927 43.4 43.5 35.9 - - - - -
2014-8-11 10:00:0027.5 22 27.5 26.8 999.2 0 72 71 40 3.6 42 2.2 35 2.7 37 3.5 23 6.9 35000 35000 37.7 37.9 34.2 - - - - -
2014-8-11 9:00:0027.3 21.8 27.4 25.7 998.9 0 72 72 61 4.7 48 2.7 34 3.1 2 5.5 2 7.7 31189 35000 35.7 35.7 27.3 - - - - -
2014-8-11 8:00:0025.7 22.6 25.9 25.6 999 0 83 80 1 6.7 1 5.8 3 5.4 1 6 0 7.4 26674 28784 27.4 28.3 26.8 - - - - -
2014-8-11 7:00:0025.6 21.7 25.6 25.1 998.6 0 79 79 358 6.3 0 5.9 0 6 1 6 3 7.4 35000 33913 26.9 26.9 24.5 - - - - -
2014-8-11 6:00:0025.1 22.2 25.1 24.8 998.3 0 84 83 7 5.8 1 4.6 0 4.6 359 5.3 358 7 26537 26315 24.4 24.4 24.3 - - - - -
2014-8-11 5:00:0024.9 22.6 25 24.8 997.9 0 87 83 325 4.4 325 3.7 347 3.1 4 4.5 328 6.3 18264 19847 24.3 24.3 24.1 - - - - -
2014-8-11 4:00:0024.9 22.4 25 24.9 997.4 0 86 84 331 4.9 331 3.8 331 2.9 332 3.1 335 5 18370 16705 24.3 24.5 24.3 - - - - -
2014-8-11 3:00:0025 22.3 25.1 25 997.6 0 85 84 337 4.2 332 2.6 330 2.7 329 3.8 328 6 24381 24450 24.5 24.6 24.5 - - - - -
2014-8-11 2:00:0025 22.5 25.1 25 997.4 0 86 83 10 4.1 11 3.2 5 3 359 4.3 358 5.3 35000 35000 24.5 24.8 24.5 - - - - -
2014-8-11 1:00:0025.1 22.4 25.4 25.1 997.7 0 85 84 358 4.8 358 3.8 358 4 1 4.9 1 6 35000 35000 24.8 25.1 24.8 - - - - -
2014-8-11 00:00:0025.4 22.7 25.7 25.4 998.1 0 85 83 1 5.1 1 4.4 1 4.3 359 5.6 0 7.1 35000 35000 25.1 25.5 25.1 - - - - -
2014-8-10 23:00:0025.7 22.6 26.1 25.7 998.6 0 83 82 358 5.1 357 4.8 0 4.8 0 6.2 359 7.1 35000 35000 25.5 25.9 25.5 - - - - -
2014-8-10 22:00:0026.1 22.8 26.3 26.1 998.8 0 82 81 359 6.5 0 6 0 6.2 358 6.9 358 9.1 33003 32121 25.9 26 25.9 - - - - -
2014-8-10 21:00:0026.3 22.8 26.3 26.2 998.5 0 81 81 357 8 357 7.3 1 5.9 2 7.4 358 9.4 35000 35000 26 26.1 25.9 - - - - -
2014-8-10 20:00:0026.2 22.9 26.2 26.1 997.8 0 82 82 358 9.7 358 8.1 2 7.2 359 7.8 358 9.7 26586 27687 26.1 26.4 26.1 - - - - -
2014-8-10 19:00:0026.1 23.2 27.1 26.1 997.3 0 84 76 357 8.2 358 7.5 359 7.8 0 8 358 9.5 28310 29532 26.4 27.9 26.4 - - - - -
2014-8-10 18:00:0027.1 22.7 27.2 27 997.1 0 77 75 322 3 323 2.6 323 3.3 309 5.4 309 6.9 6874 6584 27.9 29.6 27.9 - - - - -
2014-8-10 17:00:0027.2 22.8 27.2 27 996.7 0 77 76 309 6.6 309 5.6 311 5.4 308 5.9 311 7.5 6034 5927 29.6 30.5 29.5 - - - - -
2014-8-10 16:00:0027 23 27.7 26.8 996.5 0 79 75 303 5 304 4.8 309 4.3 309 6.5 308 9.1 7010 6947 30.2 32.6 30.2 - - - - -
2014-8-10 15:00:0027.7 22.9 28.4 27.5 996.3 0 75 71 300 8.4 302 7.2 310 6.2 311 7.7 309 9.3 7034 7205 32.6 37.2 32.4 - - - - -
2014-8-10 14:00:0028.3 22.8 28.7 27.6 996.5 0 72 71 318 7.9 319 6.9 313 6.9 305 7.6 303 9.6 7481 7181 36.9 37.9 33.6 - - - - -
2014-8-10 13:00:0028.7 23.6 29 28.2 997 0 74 72 294 7.3 294 5.6 295 6 304 7.9 304 9.9 5585 5800 37.8 39 36.9 - - - - -
2014-8-10 12:00:0028.5 23.6 28.5 27.2 997.2 0 75 74 299 8.5 300 7.7 306 7.5 305 8.3 302 9.4 6775 6415 37.4 37.4 31.1 - - - - -
2014-8-10 11:00:0027.3 23.5 27.4 26.8 997.6 0 80 78 306 9.3 303 8.2 305 8.3 306 8.4 307 10.3 6751 6752 31.1 31.1 28.6 - - - - -
2014-8-10 10:00:0026.8 24.1 27.2 26.7 997.9 0 85 84 306 6.8 306 6 306 5.9 306 5.9 305 7.3 6446 6589 28.6 30 28.6 - - - - -
2014-8-10 9:00:0026.7 24.4 26.8 26.3 997.8 0 87 87 330 6.9 329 4.5 327 4 330 5.3 324 7.4 7240 7250 29 29.3 27.3 - - - - -
2014-8-10 8:00:0026.3 24.5 26.3 26.1 997.2 0 90 90 326 4.9 328 4.2 327 4.7 323 6.8 327 9 6033 6411 27.4 27.4 26.3 - - - - -
2014-8-10 7:00:0026.2 24.6 26.2 25.9 996.8 0 91 91 310 7.5 313 6.5 312 6.8 309 8.4 310 10.1 5355 5344 26.4 26.7 26.2 - - - - -
2014-8-10 6:00:0026 25.1 26.2 25.9 996.2 0 95 95 315 7.2 313 6.5 311 7 309 9.4 308 11 3762 3597 26.2 26.6 26.2 - - - - -
2014-8-10 5:00:0026.1 25.4 26.4 26.1 995.9 0 96 94 304 9.3 300 7.1 299 6.9 295 8.2 294 11.2 2198 2397 26.6 27.1 26.6 - - - - -
2014-8-10 4:00:0026.3 25.1 26.3 25.5 996.2 0 93 93 230 5.6 227 4.3 222 4 153 4.1 217 5.6 10926 11937 27 27 26.7 - - - - -
2014-8-10 3:00:0025.5 24.8 25.8 25.5 996.2 2.3 96 92 143 4.7 145 3.9 153 3.9 155 4 159 5.6 11526 5378 26.6 27 26.4 - - - - -
2014-8-10 2:00:0025.8 24.4 25.9 25.8 996.3 0 92 90 147 3 143 2.9 136 2.5 140 3.8 126 5 17300 17734 27 27.5 27 - - - - -
2014-8-10 1:00:0025.9 24.3 25.9 25.8 996.6 0 91 89 138 3.4 140 2.6 140 3.3 140 3.3 140 4.3 16608 20861 27.5 27.6 27.5 - - - - -
2014-8-10 00:00:0025.8 23.8 26 25.8 996.9 0 89 89 112 3.7 109 3.3 106 3.2 109 3.5 108 4.8 32825 31572 27.6 27.7 27.6 - - - - -
2014-8-9 23:00:0026 24 26.1 26 997.5 0 89 88 116 3.7 117 3.1 117 3 114 3.7 115 4.8 26319 27158 27.7 27.9 27.7 - - - - -
2014-8-9 22:00:0026.1 24.1 26.3 26.1 997.8 0 89 86 107 3.4 109 3.1 109 3 109 3 65 4.3 32959 33136 27.8 27.9 27.6 - - - - -
2014-8-9 21:00:0026.3 24 26.6 26.3 997.5 0 87 86 108 2.3 92 1.5 65 1.6 68 1.7 65 3.5 33799 35000 27.9 28.5 27.9 - - - - -
2014-8-9 20:00:0026.6 24.3 26.8 26.6 997.5 0 87 85 73 2.8 58 1.2 55 1.5 48 1.9 60 3.7 30978 30614 28.5 28.9 28.5 - - - - -
2014-8-9 19:00:0026.8 24.1 27.1 26.8 996.9 0 85 82 25 1.4 23 0.8 16 1.3 10 2 5 2.9 28792 30624 28.9 30.5 28.9 - - - - -
2014-8-9 18:00:0027.1 23.8 27.8 27.1 996.7 0 82 80 9 2.7 11 1.7 345 1.1 9 2.1 14 3.1 32894 33448 30.6 32.8 30.6 - - - - -
2014-8-9 17:00:0027.7 23.9 28.9 27.6 996.3 0 80 74 3 2.5 5 2 10 2.1 6 2.2 356 3.7 35000 35000 32.8 36.9 32.8 - - - - -
2014-8-9 16:00:0028.7 23.8 28.8 28.1 996.5 0 75 74 12 2.9 13 1.7 11 1.9 359 2.8 350 3.7 35000 35000 36.8 38.8 36.2 - - - - -
2014-8-9 15:00:0028.9 24.2 29.5 28.2 996.6 0 76 66 319 2 61 1.3 127 1.9 121 2.4 155 4.4 24926 33287 38.8 40.1 37.5 - - - - -
2014-8-9 14:00:0028.3 23.7 29.2 27.9 997.1 0 76 70 129 4 125 2 118 2.5 122 3.2 117 5.6 28482 35000 38 40.3 35.6 - - - - -
2014-8-9 13:00:0027.8 22.5 28.1 27.5 997.7 0 73 73 145 1.9 140 1.5 149 2.3 122 2.8 125 4.9 35000 35000 35.5 38.9 35 - - - - -
2014-8-9 12:00:0028.2 22.9 28.4 27.5 998 0 73 73 116 5.1 115 3.1 123 2.8 123 3 125 6.1 35000 35000 39.1 39.9 36.2 - - - - -
2014-8-9 11:00:0027.5 23.3 27.7 27 998 0 78 75 98 3.7 104 3.1 114 2.9 113 3.5 115 5 29505 35000 36.8 37.1 34 - - - - -
2014-8-9 10:00:0027 23.7 27.3 26.8 998.2 0 82 81 123 4.4 122 3.7 92 2.4 65 2.4 83 5.4 21467 35000 33.9 34.3 32.8 - - - - -
2014-8-9 9:00:0027.2 23.7 27.2 26.3 998.2 0 81 80 68 2.7 76 1.5 76 2.2 72 2.9 67 5.5 31335 35000 33.5 33.5 30 - - - - -
2014-8-9 8:00:0026.3 23.4 26.4 26 997.7 0 84 82 84 3.2 107 2.2 104 2 65 2.5 80 4.8 32188 32249 29.9 29.9 28.4 - - - - -
2014-8-9 7:00:0026.4 23.3 26.5 25.8 997.4 0 83 82 66 3.9 66 2.7 66 2.2 81 2.9 78 5.5 35000 33109 29.1 29.4 26.8 - - - - -
2014-8-9 6:00:0025.8 23.5 25.8 25.6 997 0 87 85 95 3.9 83 2.9 78 2.6 77 3.6 88 6 28881 28007 26.8 26.8 26.4 - - - - -
2014-8-9 5:00:0025.6 23.3 25.6 25.4 996.7 0 87 87 40 3.1 49 1.3 58 1.7 81 2.2 80 4.1 25339 24622 26.5 26.5 26.2 - - - - -
2014-8-9 4:00:0025.5 23.6 25.6 25.5 996.9 0 89 87 75 3 77 1.6 80 2 83 2.4 71 4.2 20355 21203 26.2 26.6 26.2 - - - - -
2014-8-9 3:00:0025.6 23.3 25.6 25.5 996.8 0 87 86 65 2.5 67 1.7 74 1.8 60 2.3 50 4.4 22175 22727 26.6 26.7 26.4 - - - - -
2014-8-9 2:00:0025.6 23.5 25.7 25.6 997.2 0 88 88 77 3.2 73 1.6 57 2 81 3.7 85 6.1 23535 20402 26.5 26.6 26.5 - - - - -
2014-8-9 1:00:0025.7 23.7 25.8 25.7 997 0 89 88 92 6 88 3.9 80 3.1 80 3.1 92 6 17422 15247 26.6 26.9 26.6 - - - - -
2014-8-9 00:00:0025.8 24 25.9 25.8 997.9 0 90 89 72 5.2 75 2.7 79 3 76 3.9 87 6.9 17432 17165 26.9 27.3 26.8 - - - - -
2014-8-8 23:00:0025.9 24.3 26.1 25.9 997.9 0 91 91 95 4.3 90 2.4 84 2.7 73 3.6 64 6.8 13174 12809 27.3 27.6 27.3 - - - - -
2014-8-8 22:00:0026.1 24.5 26.4 26.1 997.8 0 91 88 63 4.7 64 3 74 2.9 78 4.2 76 7.9 11218 11349 27.6 28.1 27.6 - - - - -
2014-8-8 21:00:0026.4 24.6 26.7 26.4 997.9 0 90 88 74 4.6 77 3.7 72 3.8 68 3.9 62 6.6 11462 11189 28.1 28.5 28.1 - - - - -
2014-8-8 20:00:0026.7 24.5 27.1 26.7 997.2 0 88 85 81 5.7 68 2.7 68 2.9 71 3.7 69 7.1 13060 13135 28.5 29.2 28.5 - - - - -
2014-8-8 19:00:0027 24.3 27.7 27 996.5 0 85 84 64 4.7 67 3.5 70 3.1 71 3.5 73 6.8 18397 15591 29.3 30.9 29.3 - - - - -
2014-8-8 18:00:0027.7 25.1 28.6 27.7 996.3 0 86 79 62 5.1 67 3.3 62 3.5 62 3.5 63 6.2 14222 15542 30.9 33.3 30.9 - - - - -
2014-8-8 17:00:0028.6 24.4 29.6 28.6 996.4 0 78 74 54 4.1 52 2.3 57 2.6 67 3 66 5.9 23839 26304 33.3 38.5 33.3 - - - - -
2014-8-8 16:00:0029.4 25.2 29.9 29.3 996.1 0 78 75 80 4.7 85 2.4 79 2.5 58 2.7 73 5.5 15082 20400 38.4 41.1 38.3 - - - - -
2014-8-8 15:00:0029.8 25.3 29.8 28.8 996.2 0 77 76 82 3.9 64 1.7 65 1.6 65 3.4 57 7.2 24167 23039 41 41.5 38.7 - - - - -
2014-8-8 14:00:0028.8 25.4 29.5 28.7 996.3 0 82 80 43 4.4 50 2.8 59 3.1 70 4 79 7.1 14771 18644 41.2 44.4 40 - - - - -
2014-8-8 13:00:0029.5 25.7 30.3 29.4 996.5 0 80 76 45 4.3 54 3.1 70 3.5 73 3.5 59 6.9 19029 19209 44.1 48.3 44.1 - - - - -
2014-8-8 12:00:0030.2 25.7 30.4 28.5 997 0 77 76 61 3.9 59 2 61 1.8 73 3.1 67 5.6 21453 25566 46.3 47.7 38 - - - - -
2014-8-8 11:00:0028.6 25.2 28.8 28.3 997.4 0 82 82 68 4.3 70 3.6 73 2.4 78 3.3 71 6.5 31220 27350 37.8 37.8 36.7 - - - - -
2014-8-8 10:00:0028.3 25.5 29 28 997.7 0 85 80 93 4.7 99 2.9 115 3.2 110 3.9 109 7 34683 27345 37.2 39.4 34.8 - - - - -
2014-8-8 9:00:0028.1 25.3 28.6 27.7 997.5 0 85 85 119 5.3 103 3.9 109 4 109 4.5 109 7.6 31356 29263 35.1 36.3 32.6 - - - - -
2014-8-8 8:00:0027.8 25.6 28 27 997.1 0 88 86 62 6.6 59 3.2 64 3.7 111 6.2 55 7 21883 29992 32.3 32.6 29.3 - - - - -
2014-8-8 7:00:0027 25.2 27 26.6 996.5 0 90 90 108 7.4 109 5.9 112 6.4 112 6.4 114 8.4 26845 31798 29.2 29.2 27.7 - - - - -
2014-8-8 6:00:0026.6 25.4 26.6 26.5 996.7 0 93 93 112 2.5 114 2 98 1.7 105 3.5 94 6.1 24739 22285 27.7 27.7 27.4 - - - - -
2014-8-8 5:00:0026.5 25.5 26.7 26.5 996.3 0 94 92 114 1.8 105 2.1 103 2.9 110 5.3 107 6.7 16680 16686 27.5 27.6 27.5 - - - - -
2014-8-8 4:00:0026.7 25.1 26.7 26.6 995.9 0 91 91 109 6.8 110 5.5 109 5 109 5 109 6.8 20913 20935 27.6 27.7 27.6 - - - - -
2014-8-8 3:00:0026.6 25.4 26.7 26.6 996 0 93 93 107 4.5 110 3.9 106 3.8 107 4.2 108 5.6 16024 16132 27.6 27.7 27.6 - - - - -
2014-8-8 2:00:0026.7 25.7 27.1 26.7 996.1 0 94 91 102 3.1 97 2.6 98 2.8 107 3.1 108 4.3 14066 14007 27.7 28.1 27.7 - - - - -
2014-8-8 1:00:0027.1 25.5 27.1 27 996.3 0 91 90 103 3.4 105 2.5 103 2.7 118 4.4 131 5.2 16640 17472 28.1 28.3 28.1 - - - - -
2014-8-8 00:00:0027.1 25.3 27.3 27.1 996.5 0 90 89 109 5.1 115 4.4 115 4.4 123 4.8 122 7.8 17643 16968 28.3 28.6 28.3 - - - - -
2014-8-7 23:00:0027.3 25.3 27.3 27.2 997.1 0 89 89 121 5.3 121 4 119 4.2 111 6.2 108 8 17099 17119 28.6 28.9 28.6 - - - - -
2014-8-7 22:00:0027.2 25.8 27.3 27.2 997.1 0 92 90 113 6.9 110 5.1 113 4.4 112 5.9 104 8.6 13712 12628 28.8 29.1 28.8 - - - - -
2014-8-7 21:00:0027.3 25.5 27.4 27.3 997.1 0 90 89 110 8.4 112 5.6 113 5.4 110 5.7 115 8.5 16386 15781 29.1 29.4 29.1 - - - - -
2014-8-7 20:00:0027.3 25.5 27.6 27.3 996.8 0 90 88 112 5.9 115 4.6 111 4.5 110 6 111 9.5 18145 17851 29.4 30.1 29.4 - - - - -
2014-8-7 19:00:0027.6 25.4 27.8 27.6 996.2 0 88 87 105 7.3 109 6 110 5.8 108 7.2 119 10.5 16460 16854 30.1 31.2 30.1 - - - - -
2014-8-7 18:00:0027.8 25.4 28.5 27.8 995.4 0 87 83 113 8.6 116 6.5 108 7.2 110 7.3 113 11.3 13826 14053 31.2 33.5 31.2 - - - - -
2014-8-7 17:00:0028.4 25.2 29.5 28.4 995.2 0 83 78 107 9.9 110 6.9 109 7 110 7.2 104 11.4 9573 10685 33.6 37.7 33.6 - - - - -
2014-8-7 16:00:0029.4 25.4 30 29.3 995.2 0 79 77 63 4.8 70 3 100 3.9 113 5 113 9.1 35000 35000 37.8 42.4 37.8 - - - - -
2014-8-7 15:00:0030 25.7 30.2 29.6 995.5 0 78 77 111 6.5 114 4.3 88 3.5 110 5.2 109 9 35000 35000 42.4 43.7 42.4 - - - - -
2014-8-7 14:00:0029.8 25.8 30.8 29.3 995.5 0 79 72 114 8.3 110 4.9 115 4.9 103 5.7 102 9.8 33990 32587 43.1 48.5 42.1 - - - - -
2014-8-7 13:00:0030.7 26.4 31.4 30.5 996.3 0 78 65 128 5 129 3.6 115 3.1 132 5.9 125 8.5 35000 35000 48.3 49.6 45.4 - - - - -
2014-8-7 12:00:0031.1 24.2 31.3 30.1 996.8 0 67 66 136 6.9 137 5.6 135 5.8 146 7 147 9.5 35000 35000 46.4 46.9 44.3 - - - - -
2014-8-7 11:00:0030.2 24.8 30.6 29.7 997.6 0 73 72 141 8 140 6.1 139 6 139 6.9 138 9.1 35000 35000 44.2 44.2 40.6 - - - - -
2014-8-7 10:00:0029.9 25.4 30 29 997.9 0 77 75 128 5.7 127 4.5 128 5.5 131 7 152 9.2 35000 35000 40.5 40.5 36.1 - - - - -
2014-8-7 9:00:0029 25.2 29.4 28.8 997.6 0 80 77 134 7.7 132 6.5 132 7 131 7.2 138 10.1 35000 35000 36.1 36.1 32.7 - - - - -
2014-8-7 8:00:0028.9 25.1 28.9 28 997.5 0 80 79 145 8.2 145 6.5 142 5.8 142 5.8 145 8.2 35000 35000 32.7 32.7 29.5 - - - - -
2014-8-7 7:00:0028 25.6 28 27 997.3 0 87 87 122 5.8 125 4.7 127 4.8 129 5.2 115 7.5 35000 35000 29.4 29.4 27.4 - - - - -
2014-8-7 6:00:0027 25.4 27 26.8 996.9 0 91 90 116 4.7 119 4.1 124 4.1 128 5.9 125 7.8 35000 35000 27.4 27.4 27.1 - - - - -
2014-8-7 5:00:0026.9 25.3 27 26.9 996.5 0 91 91 128 7.8 130 6.1 130 5.4 130 6.4 139 8.9 35000 35000 27.1 27.3 27.1 - - - - -
2014-8-7 4:00:0027 25.2 27.1 27 996.3 0 90 90 128 7.8 127 6.5 129 6.3 129 6.4 129 8.8 35000 35000 27.3 27.4 27.3 - - - - -
2014-8-7 3:00:0027.1 25.3 27.3 27 996.4 0 90 87 127 7.2 127 6.4 127 5.7 127 5.7 132 7.9 35000 35000 27.4 27.4 27.4 - - - - -
2014-8-7 2:00:0027.3 24.9 27.3 27.1 997.2 0 87 87 151 6.8 149 6.2 138 5 123 5.5 121 8.5 35000 35000 27.4 27.6 27.4 - - - - -
2014-8-7 1:00:0027.3 25.1 27.4 27.3 997.5 0 88 87 123 7.2 125 5.7 126 5.3 128 5.5 125 8.1 35000 35000 27.6 27.9 27.6 - - - - -
2014-8-7 00:00:0027.3 25.3 27.5 27.3 998.1 0 89 89 125 5.2 127 4.1 134 4.7 145 5.3 147 7.6 35000 35000 27.9 28.3 27.9 - - - - -
2014-8-6 23:00:0027.5 25.7 27.7 27.5 998.2 0 90 89 130 5.2 135 3.9 139 5 143 7.8 147 10.1 35000 35000 28.3 28.5 28.3 - - - - -
2014-8-6 22:00:0027.7 25.7 27.9 27.7 998.1 0 89 86 147 9 146 7.8 140 7 143 7.4 143 9.7 35000 35000 28.5 28.7 28.5 - - - - -
2014-8-6 21:00:0027.9 25.1 28.1 27.9 998.2 0 85 84 138 7.9 135 6.9 131 6.6 135 7.2 140 10.9 35000 35000 28.7 29.1 28.7 - - - - -
2014-8-6 20:00:0028.1 25.3 28.2 28.1 997.9 0 85 84 125 8.5 135 7.4 132 7 132 8 129 11.3 35000 35000 29.1 29.6 29.1 - - - - -
2014-8-6 19:00:0028.2 25.2 28.8 28.2 997.5 0 84 84 127 7.1 133 6.7 134 7.2 134 8.1 129 11.2 35000 35000 29.6 31 29.6 - - - - -
2014-8-6 18:00:0028.8 25.8 29.5 28.8 996.7 0 84 75 134 10.4 136 7.9 133 8.2 134 8.5 121 12 35000 35000 31.1 32.9 31.1 - - - - -
2014-8-6 17:00:0029.5 25.3 30.4 29.4 995.8 0 78 74 115 9.1 119 6.4 112 7 125 7.4 108 12.2 35000 35000 32.9 35 32.9 - - - - -
2014-8-6 16:00:0030.4 25.2 30.7 30 995.8 0 74 72 142 8.7 140 7.6 134 7.1 114 8.3 112 12.1 35000 35000 35 39.4 35 - - - - -
2014-8-6 15:00:0030.7 25.3 31.1 30.7 996.2 0 73 70 124 7.7 123 6.1 125 6.3 141 8.8 144 11.3 35000 35000 39.4 41.3 39.4 - - - - -
2014-8-6 14:00:0030.9 25.3 31.2 30.4 996.4 0 72 71 135 9.2 137 7.7 138 7.6 141 9 130 11.4 35000 35000 41.3 42 41.3 - - - - -
2014-8-6 13:00:0030.4 25.9 30.6 30.2 997.3 0 77 74 130 10.1 136 7.7 140 8.2 147 9 147 11.5 35000 35000 41.9 42.2 41.5 - - - - -
2014-8-6 12:00:0030.5 25.6 31 29.9 997.8 0 75 72 143 9.7 142 8 144 7.9 143 8.1 149 10.3 35000 35000 41.6 41.8 37.3 - - - - -
2014-8-6 11:00:0030.1 25.4 30.8 30.1 998.3 0 76 73 141 8.1 142 7.1 138 6.5 138 6.5 142 8.8 26912 34780 39 41.4 38.9 - - - - -
2014-8-6 10:00:0030.4 25.5 30.4 29.7 998.5 0 75 74 142 5.8 146 4.6 153 4.8 165 6.2 169 8.6 30521 35000 38.8 38.8 35 - - - - -
2014-8-6 9:00:0029.9 25 29.9 29.1 998.3 0 75 74 167 8.6 164 6.3 165 6.1 166 6.6 165 8.8 35000 35000 35 35 32.1 - - - - -
2014-8-6 8:00:0029.1 24.9 29.1 28.3 998.2 0 78 78 168 5.6 170 5.5 156 5.9 151 6.7 154 8.4 35000 35000 32 32 29.4 - - - - -
2014-8-6 7:00:0028.4 24.8 28.4 27.3 997.8 0 81 81 145 8 148 6.7 151 6.2 151 6.2 152 8.1 35000 35000 29.4 29.4 27.6 - - - - -
2014-8-6 6:00:0027.3 25.3 27.3 27.2 997.6 0 89 89 143 5.7 146 4.8 145 5.2 144 6.1 138 8.4 31750 34944 27.6 27.6 27.3 - - - - -
2014-8-6 5:00:0027.3 25.3 27.5 27.3 997.3 0 89 87 146 8.6 146 5.8 143 5.7 148 6.2 146 8.6 35000 35000 27.3 27.6 27.3 - - - - -
2014-8-6 4:00:0027.5 25.5 27.5 27.4 997 0 89 88 140 6.8 141 5.6 146 6.1 146 6.4 141 8.9 33550 35000 27.6 27.7 27.6 - - - - -
2014-8-6 3:00:0027.4 25.8 27.6 27.3 997.2 0 91 89 143 6.9 146 5.8 143 6 144 7 140 9.6 29132 29515 27.7 27.8 27.7 - - - - -
2014-8-6 2:00:0027.6 25.6 27.7 27.6 997.3 0 89 86 145 7.6 143 6.4 143 6.3 142 6.9 143 9.2 35000 35000 27.8 27.9 27.8 - - - - -
2014-8-6 1:00:0027.7 25.1 27.8 27.6 997.8 0 86 86 144 7.8 147 6.4 142 6.8 141 7.4 136 10.8 35000 35000 27.9 28.1 27.9 - - - - -
2014-8-6 00:00:0027.7 25.1 27.8 27.7 998.7 0 86 86 149 6.5 140 5.4 141 5.6 143 6.4 154 10 35000 35000 28.1 28.3 28.1 - - - - -
2014-8-5 23:00:0027.8 25.2 28 27.8 998.7 0 86 84 147 7.2 143 6.7 142 6.3 148 7.7 147 11.3 35000 35000 28.3 28.7 28.3 - - - - -
2014-8-5 22:00:0028 25 28.2 28 999.1 0 84 81 156 7.8 152 6.7 150 7.4 153 7.9 152 10.4 35000 35000 28.7 28.8 28.7 - - - - -
2014-8-5 21:00:0028.2 24.6 28.2 28 999.2 0 81 81 153 9.1 149 7.6 147 7 145 8.8 145 11.7 35000 35000 28.8 29.2 28.8 - - - - -
2014-8-5 20:00:0028 25.4 28.4 28 998.1 0 86 83 139 9.6 139 7.4 144 7.7 143 9.2 138 12.5 35000 35000 29.2 29.7 29.2 - - - - -
2014-8-5 19:00:0028.4 25.2 28.8 28.4 997.5 0 83 83 145 10 145 9.4 140 8.4 140 8.4 146 11.9 35000 35000 29.7 31.3 29.7 - - - - -
2014-8-5 18:00:0028.8 25.8 29.6 28.8 996.9 0 84 82 146 9.1 140 7.5 138 7 143 8.7 147 12.3 35000 35000 31.3 33 31.3 - - - - -
2014-8-5 17:00:0029.6 26.2 30.8 29.6 996.6 0 82 73 133 8.8 136 6.4 139 7.2 141 7.4 148 11.5 30397 30680 33 35.1 33 - - - - -
2014-8-5 16:00:0030.8 25.6 31.2 30.6 996.9 0 74 73 118 7.1 121 5.9 128 5.8 109 6.8 113 10 19049 20968 35.1 39.4 35.1 - - - - -
2014-8-5 15:00:0031.3 26.1 31.7 30.8 997.1 0 74 72 110 7.4 111 5.3 115 5.5 115 5.5 107 8.2 21746 19786 39.5 40.7 39 - - - - -
2014-8-5 14:00:0030.8 26.5 32 30.8 997.6 0 78 68 66 2.9 61 4.3 57 3.8 57 4.6 61 6.9 24880 22259 39.1 42.4 39.1 - - - - -
2014-8-5 13:00:0031.9 25.5 32.5 31.7 997.8 0 69 67 - - - - - - - - - - 17908 22462 42.7 43.8 42.3 - - - - -
2014-8-5 12:00:0032 26.1 32 30.9 998.1 0 71 71 165 7.2 164 5.3 162 4.9 159 5.2 159 7.2 34836 25338 42.6 42.7 40.1 - - - - -
2014-8-5 11:00:0030.9 25.5 31.2 30.1 998.7 0 73 73 160 4.6 156 5 158 5.1 154 6.1 160 8.9 24341 23440 40.2 40.3 37.1 - - - - -
2014-8-5 10:00:0030.2 25.7 30.5 29.3 998.6 0 77 76 162 5.9 150 6.1 153 5.9 150 6.3 155 7.9 23544 23981 37.1 37.1 32.2 - - - - -
2014-8-5 9:00:0029.2 25.6 29.6 28.3 998.5 0 81 80 158 5.4 154 5.1 152 5.2 158 5.3 153 7.5 30277 29342 32 32.9 29.9 - - - - -
2014-8-5 8:00:0028.6 25 28.9 28.2 998.5 0 81 81 161 6.2 161 5.4 159 5.1 157 5.9 157 7.7 28824 31518 30.3 31 29 - - - - -
2014-8-5 7:00:0028.3 25.5 28.3 27.2 998.3 0 85 85 115 5 135 4.2 143 3.9 158 5.6 159 7.8 20025 24907 28.9 28.9 27.3 - - - - -
2014-8-5 6:00:0027.2 25.4 27.2 27 998 0 90 90 155 6.8 157 5.5 155 5.7 157 6 159 8.1 24618 24047 27.3 27.3 27 - - - - -
2014-8-5 5:00:0027 25.4 27.2 27 997.6 0 91 90 148 7.5 146 5.9 154 5.6 155 6.3 159 8 25402 25650 27 27.1 27 - - - - -
2014-8-5 4:00:0027.2 25.6 27.3 27.1 997.2 0 91 90 150 6.1 153 4.9 156 4.7 155 5.9 126 7.8 22096 23693 27.2 27.3 27.1 - - - - -
2014-8-5 3:00:0027.3 25.5 27.5 27.3 997.1 0 90 89 151 6.2 153 4.8 148 4.8 154 5.6 158 7 21385 21285 27.3 27.4 27.3 - - - - -
2014-8-5 2:00:0027.5 25.5 27.6 27.5 996.9 0 89 89 151 6.3 150 5.4 154 5.9 159 6.2 159 8.4 21288 21865 27.4 27.6 27.4 - - - - -
2014-8-5 1:00:0027.6 25.6 28 27.6 997.1 0 89 86 152 6.3 146 5 150 5.1 154 6 163 8.2 20750 21592 27.6 27.8 27.6 - - - - -
2014-8-5 00:00:0028 25.4 28 27.9 997.4 0 86 86 155 6.3 157 5.9 152 5.9 156 6.8 160 8.8 24294 25022 27.8 28 27.8 - - - - -
2014-8-4 23:00:0028 25.6 28.3 28 997.6 0 87 84 160 7 159 6.3 156 6.2 155 6.2 152 8.1 17620 16433 28 28.2 28 - - - - -
2014-8-4 22:00:0028.3 25.3 28.5 28.3 998 0 84 82 153 6.5 156 5.4 156 5 157 6.5 158 8.5 18071 18093 28.2 28.6 28.2 - - - - -
2014-8-4 21:00:0028.5 25.1 28.7 28.5 997.9 0 82 80 157 7 158 5.9 158 6.1 158 6.1 159 8 18202 18950 28.6 28.9 28.5 - - - - -
2014-8-4 20:00:0028.7 25.7 28.9 28.6 997.3 0 84 84 164 6.5 162 5.8 153 6 150 6.1 148 7.9 13619 13651 28.9 29.5 28.9 - - - - -
2014-8-4 19:00:0028.9 25.9 29.9 28.9 996.6 0 84 77 160 6.7 149 5.1 150 4.9 116 6.2 122 7.6 14503 14947 29.5 30.8 29.5 - - - - -
2014-8-4 18:00:0029.8 25.5 30.6 29.8 996.2 0 78 78 116 6.9 114 5.6 117 6.2 119 6.2 105 8.6 17822 16273 30.8 32.9 30.8 - - - - -
2014-8-4 17:00:0030.6 26.8 31.8 30.6 995.9 0 80 75 112 5.6 109 5.5 109 6 108 6.1 109 7.7 13979 13261 32.9 34.6 32.9 - - - - -
2014-8-4 16:00:0031.5 26.8 32.1 31.5 995.9 0 76 71 107 7 108 5.1 108 5 60 5 106 7 12825 12226 34.6 37.4 34.6 - - - - -
2014-8-4 15:00:0031.7 26.5 33.4 31.7 996.1 0 74 63 107 4.3 99 5.1 47 4.1 353 4.1 312 6.9 10858 11509 37.5 39.3 37.5 - - - - -
2014-8-4 14:00:0032.7 26 33.4 32.6 996.4 0 68 61 338 1.6 339 2.2 359 2 191 3.1 165 4.8 11394 11677 39.2 40.1 39.1 - - - - -
2014-8-4 13:00:0032.4 25.7 32.6 31.8 996.8 0 68 66 186 3 193 2.7 192 3 168 3.8 166 5.6 11769 11885 39.9 40.3 39.5 - - - - -
2014-8-4 12:00:0031.8 26.1 31.8 31.1 997 0 72 70 167 3 165 2.8 167 3.4 169 4.1 180 5.4 13260 11984 39.5 39.5 38.2 - - - - -
2014-8-4 11:00:0031.3 26.3 31.3 30.5 997.1 0 75 70 179 2.5 169 3.6 167 4 160 4.3 161 5.4 12034 11171 38.2 38.2 35.9 - - - - -
2014-8-4 10:00:0030.7 25.5 30.7 29.4 997.2 0 74 74 157 3.8 157 4 161 4.2 185 5 156 6.6 13316 12227 35.8 35.8 32.8 - - - - -
2014-8-4 9:00:0029.4 25.2 29.4 28.8 997.4 0 78 78 197 5.3 195 4 185 4.4 182 5.4 187 6.8 16881 13386 32.8 32.8 30.1 - - - - -
2014-8-4 8:00:0028.7 24.9 29 28.2 997.1 0 80 77 177 4.2 173 4.1 175 4.2 183 5.6 193 6.7 13543 14051 30 30 27.8 - - - - -
2014-8-4 7:00:0028.2 24 28.3 27.4 996.8 0 78 77 177 5.6 178 5 174 4.9 174 4.9 178 6.2 22093 19477 27.7 27.7 26.7 - - - - -
2014-8-4 6:00:0027.4 23.8 27.7 27.3 996.5 0 81 78 168 4.7 170 4.4 167 4.6 166 4.7 166 5.8 22297 21831 26.7 26.7 26.5 - - - - -
2014-8-4 5:00:0027.7 23.5 27.9 27.7 996.1 0 78 77 176 4.5 178 4 178 3.8 175 3.8 180 5.6 28676 24575 26.5 26.6 26.5 - - - - -
2014-8-4 4:00:0027.8 23.6 28.1 27.8 995.7 0 78 75 176 3.8 171 3.3 165 3.2 161 3.5 168 4.7 24487 22712 26.6 26.7 26.6 - - - - -
2014-8-4 3:00:0028.1 23.2 28.2 27.9 995.7 0 75 73 157 4.2 159 3.5 165 3.5 169 3.8 182 5.1 31571 27819 26.7 26.8 26.7 - - - - -
2014-8-4 2:00:0028.1 23.2 28.4 28.1 995.7 0 75 72 163 3.4 162 3.1 163 3.4 165 4.1 169 5.9 29565 28656 26.8 27 26.8 - - - - -
2014-8-4 1:00:0028.2 23.1 28.4 28.2 996 0 74 74 156 3.1 155 2.7 160 2.7 167 4.7 166 6 23652 26076 27 27.3 27 - - - - -
2014-8-4 00:00:0028.3 23.4 28.4 27.7 996.2 0 75 75 167 5.3 166 4.3 167 4.3 164 4.6 160 6 28761 26055 27.2 27.3 27.2 - - - - -
2014-8-3 23:00:0027.8 24.6 27.8 27.3 996.6 0 83 82 148 4.9 148 3.8 150 4.1 149 4.5 154 5.8 19874 23332 27.3 27.8 27.3 - - - - -
2014-8-3 22:00:0027.4 25 27.6 27.1 996.6 0 87 85 110 4.3 123 3.6 120 4 114 4.9 135 6.4 14616 11802 27.8 27.9 27.8 - - - - -
2014-8-3 21:00:0027.4 25 27.4 27 996.4 0 87 87 107 4.5 110 4.7 113 4.8 109 5.5 111 7.6 8252 7756 27.9 28.1 27.9 - - - - -
2014-8-3 20:00:0027.3 25.3 28.5 27.3 995.7 0 89 85 103 6.2 108 5.1 110 5.3 111 5.5 112 6.9 6445 6519 28.2 28.7 28.2 - - - - -
2014-8-3 19:00:0028.5 25.3 29.4 28.5 995.1 0 83 76 109 4.4 106 3.4 101 3.6 101 3.6 104 5.6 9731 11052 28.7 29.9 28.7 - - - - -
2014-8-3 18:00:0029.4 25.8 30.2 29.4 994.3 0 81 72 115 1.7 112 1.2 123 1.1 113 1.6 111 2.2 11434 12517 29.9 30.8 29.9 - - - - -
2014-8-3 17:00:0030.1 25.2 30.1 28.7 993.8 0 75 73 84 0.5 69 0.3 22 0.5 286 2.8 271 3.7 13838 13524 30.7 31.3 30.4 - - - - -
2014-8-3 16:00:0028.6 25 29.6 28 993.7 0.1 81 81 284 3.1 285 2.5 287 2.8 246 6.3 338 9.2 11713 10380 30.4 31.7 29.6 - - - - -
2014-8-3 15:00:0029.6 26.2 30.3 29.6 993.4 0 82 79 244 7.7 244 5.9 246 6.4 248 6.8 249 8.6 8966 8886 31.7 34.5 31.7 - - - - -
2014-8-3 14:00:0030.2 26.4 30.8 30.2 993.6 0 80 78 247 7.3 246 6.7 248 6.7 246 6.8 244 9.1 7879 7060 34.4 37.7 34.4 - - - - -
2014-8-3 13:00:0030.8 26.9 30.9 30.2 993.9 0 80 80 235 8 240 6.3 242 6.2 247 6.3 235 8 5875 5365 37.7 37.7 37.3 - - - - -
2014-8-3 12:00:0030.2 27 30.2 29.6 994.3 0 83 83 246 7.7 245 6.2 248 6.3 248 7.2 245 8.8 4440 4176 37.3 37.4 36 - - - - -
2014-8-3 11:00:0029.6 26.8 29.6 28.8 994.6 0 85 85 247 8.3 247 7 248 7.1 248 7.4 246 9 4760 4666 36 36 34 - - - - -
2014-8-3 10:00:0029 26.6 29 28.1 994.7 0 87 86 267 6.7 268 5.6 275 6.2 267 7.2 266 10.1 5066 5262 34 34 31.1 - - - - -
2014-8-3 9:00:0028.2 26 28.2 27.5 994.7 0 88 87 278 9 279 5.9 278 6.5 250 8.2 248 10 7038 6663 31 31 28.8 - - - - -
2014-8-3 8:00:0027.5 26.3 27.5 27 994.6 0 93 91 249 8.7 251 7.2 250 7.7 286 8.7 271 10.4 5580 5395 28.8 28.8 27.1 - - - - -
2014-8-3 7:00:0027 25.6 27 26.3 994.3 0 92 92 286 10.3 286 8.9 286 8.6 286 8.6 286 10.8 6156 5899 27.2 27.2 26.4 - - - - -
2014-8-3 6:00:0026.3 25.8 26.3 26.2 994 0 97 95 273 7.6 273 6.3 269 7 268 8.2 268 11.1 3881 4074 26.3 26.3 26.1 - - - - -
2014-8-3 5:00:0026.3 25.4 26.3 26.2 993.4 0 95 94 268 8.9 268 7.6 268 8 265 8.3 266 11 6287 6704 26.1 26.2 26.1 - - - - -
2014-8-3 4:00:0026.2 25.5 26.3 26.2 993.1 0 96 95 269 10.4 270 8.7 263 8.3 250 9 261 11 7013 6925 26.2 26.3 26.2 - - - - -
2014-8-3 3:00:0026.3 25.4 26.5 26.3 993.1 0 95 94 246 8.5 245 7.4 251 8 251 9.1 247 10.7 6583 7212 26.3 26.3 26.2 - - - - -
2014-8-3 2:00:0026.5 25.6 26.7 26.5 992.7 0 95 92 246 8.8 248 8 249 8.3 252 9.1 251 11.3 5641 6024 26.2 26.2 26.2 - - - - -
2014-8-3 1:00:0026.6 25.4 26.8 26.6 992.6 0 93 90 251 10.1 253 9 261 7.8 285 8.5 285 11.4 8883 9100 26.2 26.2 26.2 - - - - -
2014-8-3 00:00:0026.6 25 26.7 26.5 992.6 0 91 91 288 9.9 289 8.4 285 7.9 284 9.3 293 12.2 12442 12315 26.2 26.2 26.2 - - - - -
2014-8-2 23:00:0026.7 25.1 26.8 26.7 992.7 0 91 91 289 11 286 9.3 284 9.3 284 9.3 293 11.9 12016 10053 26.3 26.4 26.3 - - - - -
2014-8-2 22:00:0026.8 25.4 27.1 26.8 992.3 0 92 90 290 11 289 8.9 288 8.3 289 10.5 290 13 10512 10165 26.4 26.5 26.4 - - - - -
2014-8-2 21:00:0027.1 25.7 27.2 27 992 0 92 91 290 11.6 292 9.9 291 9.9 287 11.5 289 14.7 5894 5719 26.5 26.6 26.5 - - - - -
2014-8-2 20:00:0027.2 25.8 27.3 27.2 991.1 0 92 87 284 13.6 285 11.4 284 10.5 292 11.2 284 13.6 7114 8696 26.6 26.6 26.5 - - - - -
2014-8-2 19:00:0027.2 25.2 27.2 27.1 990.4 0 89 88 293 12.8 292 10.7 291 11.2 292 12.1 294 15.2 12278 11988 26.6 27 26.6 - - - - -
2014-8-2 18:00:0027.1 25.5 27.5 27.1 989.7 0 91 87 290 13.5 290 12 291 10.7 292 11.4 289 14.4 10508 10069 27 27.6 27 - - - - -
2014-8-2 17:00:0027.3 25.1 27.7 26.9 989.4 0 88 85 292 9.4 292 8.5 292 8.9 291 9.6 285 12.6 23325 31554 27.6 28.1 27.6 - - - - -
2014-8-2 16:00:0026.9 24.7 27 25.5 988.9 0 88 88 291 11.1 291 9.6 291 9.5 291 9.9 291 12.9 35000 35000 28 28.5 26.7 - - - - -
2014-8-2 15:00:0025.4 24.9 26.6 25.4 988.8 0.3 97 92 290 10.6 290 9.7 289 9.7 288 10.7 277 13.5 13985 6767 26.7 27.5 26.5 - - - - -
2014-8-2 14:00:0026 25 26 25.1 988.8 0.9 94 93 313 10.6 302 9.9 304 9.9 318 12.9 333 14.6 18492 23996 26.5 27.3 25.8 - - - - -
2014-8-2 13:00:0025.6 24.7 25.9 25.5 988.6 0.2 95 94 329 12.5 338 12.2 321 12.7 295 13.8 335 16.5 3035 4481 26.1 26.6 26.1 - - - - -
2014-8-2 12:00:0025.6 25.3 25.8 25.5 988.4 1.4 98 96 290 15.3 284 14.5 290 13.9 292 14.3 288 18 5733 2794 26.3 26.3 26 - - - - -
2014-8-2 11:00:0025.8 25.1 25.8 25.4 988 0.1 96 95 289 16 288 12.9 291 13.6 287 15.5 289 19.7 3310 4890 26.1 26.2 26 - - - - -
2014-8-2 10:00:0025.5 24.8 26.3 25.5 987.6 0 96 92 290 17.3 288 15.1 287 15.5 289 15.7 294 19.2 10090 5105 26.2 26.7 26.1 - - - - -
2014-8-2 9:00:0026 24.8 26.1 25.2 987.3 0 93 93 294 17.7 294 14.6 290 14.7 290 15.4 292 18.9 31753 27224 26.5 26.7 25.5 - - - - -
2014-8-2 8:00:0025.1 24.8 25.2 25 987.5 0.2 98 97 293 17.2 295 14.3 290 14.4 294 16.1 285 19.1 19112 10752 25.5 25.5 25.2 - - - - -
2014-8-2 7:00:0025.1 24.8 25.1 24.7 987.3 0.1 98 98 286 16.4 292 14.9 289 15.5 288 15.9 279 18.2 5202 9491 25.2 25.2 24.9 - - - - -
2014-8-2 6:00:0024.7 24.5 24.7 24.5 986.7 0.9 99 99 318 15.7 329 14.4 332 14.6 333 14.6 337 18 5079 3218 24.9 24.9 24.7 - - - - -
2014-8-2 5:00:0024.5 24.3 24.5 24.4 986.3 1.3 99 99 342 15.3 339 14.1 338 14.5 330 14.8 344 18.6 3845 2939 24.7 24.7 24.7 - - - - -
2014-8-2 4:00:0024.5 24.3 24.6 24.4 985.8 2.6 99 99 332 16.7 328 14.5 329 15 327 16.3 337 18.8 2766 2709 24.7 24.8 24.7 - - - - -
2014-8-2 3:00:0024.6 24.4 24.6 24.4 985.3 1.3 99 99 327 18.2 326 16.2 324 15.9 316 17 331 19.6 2475 2574 24.8 24.8 24.7 - - - - -
2014-8-2 2:00:0024.5 24.3 24.6 24.5 985.4 1.7 99 98 333 16 335 15.2 336 14.9 329 16.4 316 20 3322 2856 24.7 24.7 24.6 - - - - -
2014-8-2 1:00:0024.6 24.3 25.1 24.6 985.7 0.5 98 96 342 16.5 343 15.1 337 14.1 339 15.3 337 19.9 2699 2847 24.7 24.8 24.6 - - - - -
2014-8-2 00:00:0025.1 24.4 25.6 24.8 986.2 0.3 96 92 339 17.1 336 14.2 336 13.4 336 13.7 338 19.1 13897 11886 24.8 25 24.8 - - - - -
2014-8-1 23:00:0025.6 24.2 26.3 25.6 986.9 0 92 89 336 14.7 337 12.5 336 12.7 338 14.8 343 21.8 11389 16473 25 25.2 25 - - - - -
2014-8-1 22:00:0026.3 24.3 26.5 26.1 987.3 0 89 87 337 19.9 338 13.8 343 11.8 17 15.1 337 19.9 21781 23373 25.2 25.2 25 - - - - -
2014-8-1 21:00:0026.4 24.3 26.6 26.4 987.6 0 88 87 16 17.9 17 14.7 16 15.2 15 16.5 15 21.8 23130 23447 25.1 25.1 25 - - - - -
2014-8-1 20:00:0026.6 24.4 26.8 26.3 987.6 0 88 86 15 19.2 16 15 16 15.2 14 19.3 15 24 24252 25530 25 25 24.7 - - - - -
2014-8-1 19:00:0026.4 24.6 26.5 26.3 987.4 0 90 87 15 19.7 13 17.4 14 17.9 14 19.5 15 23.3 18609 18871 24.8 24.9 24.7 - - - - -
2014-8-1 18:00:0026.4 24.3 26.4 25.2 987.3 0.1 88 88 12 19.7 14 17.6 14 17.9 14 17.9 16 21.9 24361 28820 24.8 24.9 24.8 - - - - -
2014-8-1 17:00:0025.2 24.5 25.3 24.7 987.7 0.9 96 95 16 16.2 14 12.9 18 13.1 17 16.3 16 19 21184 14556 24.8 25.2 24.7 - - - - -
2014-8-1 16:00:0025.3 24.4 26.2 25.3 988.3 0 95 90 19 16.1 18 11.8 17 12.4 18 13.7 18 18.7 4455 4939 25.2 26.6 25.2 - - - - -
2014-8-1 15:00:0026.1 24.5 26.3 26 988.5 0 91 89 17 16.1 17 12 16 11.1 15 11.6 18 17 17367 16321 26.2 26.9 26.2 - - - - -
2014-8-1 14:00:0026.2 24.6 26.6 26.2 988.9 0 91 89 17 11 16 7.9 15 8.5 17 8.6 19 14.4 6807 13490 26.6 28 26.6 - - - - -
2014-8-1 13:00:0026.6 24.6 27 26.6 989.4 0 89 88 16 11.5 16 5.7 22 6 34 8.6 26 14.6 18123 17005 28.1 29 27.7 - - - - -
2014-8-1 12:00:0026.6 24.8 26.6 26.2 990 0 90 89 32 12.4 32 9.1 34 8.8 35 9.2 32 17 22749 20819 27.7 27.8 26.8 - - - - -
2014-8-1 11:00:0026.3 24.9 26.3 25.9 990.2 0 92 92 44 15.6 46 9.4 44 8.5 41 9.2 43 16.7 23638 16832 27.4 27.4 26.3 - - - - -
2014-8-1 10:00:0026.1 25.1 26.4 26.1 990.7 0 94 92 54 10.8 46 6.7 42 8.2 37 9 43 16.8 17162 17547 26.5 26.6 26.1 - - - - -
2014-8-1 9:00:0026.2 25 26.2 25.9 990.9 0.1 93 93 43 13 43 8.5 38 8.1 33 9.2 33 18.3 18498 17283 26.2 26.5 26 - - - - -
2014-8-1 8:00:0026.1 25.1 26.1 25.7 990.9 0.1 94 94 40 13.2 41 6.3 38 7.6 38 8.8 44 14.9 16333 17228 26.5 26.5 26 - - - - -
2014-8-1 7:00:0026 25.1 26 25.7 990.9 0 95 95 31 13.6 34 8.6 38 8 38 8 37 14.4 17431 17069 26.1 26.2 25.9 - - - - -
2014-8-1 6:00:0025.7 25.2 25.8 25.6 991.3 0.5 97 96 27 10.2 24 5.3 25 6.1 23 6.1 14 13 16497 15982 26 26.2 25.9 - - - - -
2014-8-1 5:00:0025.8 25.1 25.8 25.5 991.5 0 96 96 30 8.9 31 4.7 24 4.2 35 5.9 32 12.2 15729 15209 26.2 26.2 26.1 - - - - -
2014-8-1 4:00:0025.5 25.2 25.6 25.4 991.7 0.1 98 98 36 8.2 35 6 34 5.6 30 5.7 24 10.3 16121 14773 26.2 26.2 26.1 - - - - -
2014-8-1 3:00:0025.5 25.2 25.7 25.4 991.9 0.2 98 97 58 8 49 5.2 51 5.3 50 5.4 34 10.7 11321 12025 26.2 26.4 26.2 - - - - -
2014-8-1 2:00:0025.7 25.2 26 25.7 992.3 0 97 94 48 7 48 3.6 50 4.9 52 6.1 56 11.8 12308 20695 26.4 26.4 26.2 - - - - -
2014-8-1 1:00:0026 25 26 25.9 992.7 0 94 93 51 9.4 56 4.9 58 5.4 57 5.7 57 11.5 21157 21511 26.2 26.4 26.1 - - - - -
