2014-7-1 1:00:0022.2 18.7 22.3 22.2 - 0 80 80 192 0 197 1.3 0 0 162 0.1 178 3.2 - - 0 0 0 0 0 0 - -
2014-7-1 00:00:0022.3 18.7 22.4 22.3 - 0 80 79 156 0 0 0 175 2.5 173 2.7 274 3.2 - - 0 0 0 0 0 0 - -
2014-6-30 23:00:0022.3 18.5 22.4 22.3 - 0 79 79 198 2.5 204 1.5 211 2.4 180 3.8 184 5.2 - - 0 0 0 0 0 0 - -
2014-6-30 22:00:0022.4 18.9 22.5 22.4 - 0 81 80 192 3.2 190 3.2 191 3.5 191 3.8 175 4.9 - - 0 0 0 0 0 0 - -
2014-6-30 21:00:0022.5 18.9 22.7 22.5 - 0 80 78 212 2.5 190 3.1 191 3.7 206 4 206 5.1 - - 0 0 0 0 0 0 - -
2014-6-30 20:00:0022.7 18.8 23.3 22.7 - 0 78 74 189 2.2 196 2.4 203 3.5 174 4.6 184 5.7 - - 0 0 0 0 0 0 - -
2014-6-30 19:00:0023.4 18.3 24.2 23.4 - 0 73 65 170 3 174 2.5 172 3.9 172 4.2 156 5.4 - - 0 0 0 0 0 0 - -
2014-6-30 18:00:0024.1 17.1 24.6 24.1 - 0 65 61 218 1.1 207 1.8 220 3.4 198 4.3 203 5.8 - - 0 0 0 0 0 0 - -
2014-6-30 17:00:0024.7 16.5 25.9 24.7 - 0 60 51 229 3.1 222 2.8 211 3.4 205 4.2 218 6.5 - - 0 0 0 0 0 0 - -
2014-6-30 16:00:0025.9 14.7 26.6 25.9 - 0 50 43 215 2.1 208 2.8 197 3.8 210 4 195 5 - - 0 0 0 0 0 0 - -
2014-6-30 15:00:0026.6 13 27.5 26.6 - 0 43 36 237 3.8 230 3.2 219 3.4 217 4.3 229 5.7 - - 0 0 0 0 0 0 - -
2014-6-30 14:00:0027.6 11.6 28.7 27.5 - 0 37 30 254 2.8 229 3.6 222 4 220 4.2 215 5.3 - - 0 0 0 0 0 0 - -
2014-6-30 13:00:0028.4 10.4 28.8 27.5 - 0 33 32 218 2.9 220 2.3 207 3.6 247 4.1 232 6.2 - - 0 0 0 0 0 0 - -
2014-6-30 12:00:0027.4 12.6 27.4 26.4 - 0 40 37 209 2.2 222 2.8 207 3.6 251 3.8 229 5.6 - - 0 0 0 0 0 0 - -
2014-6-30 11:00:0026.4 14.2 26.4 24.9 - 0 47 47 268 2.8 255 2.8 254 3.6 217 4.6 218 6.5 - - 0 0 0 0 0 0 - -
2014-6-30 10:00:0025.1 16.2 25.1 24 - 0 58 57 195 2.7 214 3.1 219 3.7 223 4 198 5.1 - - 0 0 0 0 0 0 - -
2014-6-30 9:00:0024.1 18.9 24.1 23.6 - 0 73 73 195 0.9 209 2.9 210 3.6 199 4.6 201 6.4 - - 0 0 0 0 0 0 - -
2014-6-30 8:00:0023.6 20.9 23.6 23.4 - 0.1 85 85 229 2.2 197 3.3 194 4.4 177 4.8 195 6.6 - - 0 0 0 0 0 0 - -
2014-6-30 7:00:0023.4 21.2 23.5 23.2 - 0.2 87 87 206 2.6 184 3.1 185 3.8 185 3.8 198 4.5 - - 0 0 0 0 0 0 - -
2014-6-30 6:00:0023.2 20.9 23.3 23.1 - 0.3 87 86 108 0 0 0 221 2.2 221 2.2 232 1.6 - - 0 0 0 0 0 0 - -
2014-6-30 5:00:0023.2 20.9 23.4 23 - 0 87 87 187 0 170 0.5 168 2.2 166 2.3 164 3.4 - - 0 0 0 0 0 0 - -
2014-6-30 4:00:0023.3 21.5 23.9 23.3 - 0.8 89 85 156 1.2 151 0.2 147 1.5 152 1.8 161 2.1 - - 0 0 0 0 0 0 - -
2014-6-30 3:00:0023.8 21.2 24.3 23.8 - 0.4 85 79 358 0 0 0 354 1.8 354 1.8 358 0 - - 0 0 0 0 0 0 - -
2014-6-30 2:00:0024.2 20.3 24.2 24.1 - 0 79 79 170 0 0 0 199 1.8 199 1.8 226 1.7 - - 0 0 0 0 0 0 - -
2014-6-30 1:00:0024.2 20.4 24.5 24.2 - 0 79 76 173 0 0 0 161 1.8 192 2.2 215 3.4 - - 0 0 0 0 0 0 - -
2014-6-30 00:00:0024.5 20 24.9 24.5 - 0 76 73 203 1 197 1.7 190 1.1 193 2 192 4.5 - - 0 0 0 0 0 0 - -
2014-6-29 23:00:0024.9 19.6 25.2 24.9 - 0 73 70 198 2.4 204 2.4 199 1.5 192 2.2 164 5 - - 0 0 0 0 0 0 - -
2014-6-29 22:00:0025.2 19.4 25.7 25.2 - 0 70 68 218 1.9 200 2.5 189 2.1 197 2.2 192 5.5 - - 0 0 0 0 0 0 - -
2014-6-29 21:00:0025.7 19.4 26.9 25.7 - 0 69 58 218 2.2 183 1.9 179 1.6 188 2 170 4.6 - - 0 0 0 0 0 0 - -
2014-6-29 20:00:0026.9 18 28.5 26.9 - 0 58 55 178 1.9 183 1.9 189 1.2 176 2.8 164 5.8 - - 0 0 0 0 0 0 - -
2014-6-29 19:00:0028.5 18.5 28.9 28.5 - 0 54 53 195 2.8 165 2.6 184 1 184 1 164 3.6 - - 0 0 0 0 0 0 - -
2014-6-29 18:00:0028.9 18.4 30.1 28.9 - 0 53 48 240 0 231 0.9 224 0.8 207 1.1 192 2.7 - - 0 0 0 0 0 0 - -
2014-6-29 17:00:0030.1 18 30.3 30 - 0 48 47 333 0 0 0 281 0.6 233 1.1 277 2.4 - - 0 0 0 0 0 0 - -
2014-6-29 16:00:0030.2 18.1 31.1 30.2 - 0 48 44 232 1.7 254 1.6 244 1 208 1.2 212 3.1 - - 0 0 0 0 0 0 - -
2014-6-29 15:00:0030.3 17.7 30.8 30 - 0 47 46 271 1.1 242 1.4 274 0.6 178 2.2 198 4.5 - - 0 0 0 0 0 0 - -
2014-6-29 14:00:0030.4 18.3 30.7 30 - 0 48 45 198 1.4 185 2.7 169 2 169 2 150 4.9 - - 0 0 0 0 0 0 - -
2014-6-29 13:00:0030.6 18.1 30.6 29.7 - 0 47 46 206 3.8 179 2.3 195 1.8 196 2.1 232 4.4 - - 0 0 0 0 0 0 - -
2014-6-29 12:00:0029.8 17.5 29.8 28.6 - 0 48 48 203 2.1 182 2.1 219 1.8 216 2.3 220 5 - - 0 0 0 0 0 0 - -
2014-6-29 11:00:0028.8 17.2 28.8 27.2 - 0 49 49 229 2.5 235 1.8 204 1.9 200 2.4 234 4.7 - - 0 0 0 0 0 0 - -
2014-6-29 10:00:0027.2 17.6 27.4 26.1 - 0 56 55 220 1.8 217 2.4 218 1.7 215 1.7 189 3.5 - - 0 0 0 0 0 0 - -
2014-6-29 9:00:0026.4 17.8 26.5 24.7 - 0 59 58 212 2.3 205 2.1 231 1.4 225 1.5 254 3.4 - - 0 0 0 0 0 0 - -
2014-6-29 8:00:0024.7 18.3 24.7 23 - 0 68 67 209 0 0 0 202 1.4 202 1.4 184 0.4 - - 0 0 0 0 0 0 - -
2014-6-29 7:00:0023 18.8 23 22.4 - 0 77 77 226 0 0 0 204 1.4 204 1.4 173 0.4 - - 0 0 0 0 0 0 - -
2014-6-29 6:00:0022.4 18.6 22.4 21.8 - 0 79 79 187 0 0 0 201 1.4 201 1.4 187 0 - - 0 0 0 0 0 0 - -
2014-6-29 5:00:0021.8 19.6 21.9 21.8 - 0 87 87 164 0 0 0 147 1.4 147 1.4 164 0 - - 0 0 0 0 0 0 - -
2014-6-29 4:00:0021.9 19.6 22.5 21.9 - 0 87 83 150 0 0 0 145 1.4 145 1.4 150 0 - - 0 0 0 0 0 0 - -
2014-6-29 3:00:0022.5 19.5 22.7 22.5 - 0 83 83 164 0 0 0 170 1.4 170 1.4 164 0 - - 0 0 0 0 0 0 - -
2014-6-29 2:00:0022.7 19.7 23.1 22.7 - 0 83 83 212 0 0 0 212 1.4 212 1.4 218 2 - - 0 0 0 0 0 0 - -
2014-6-29 1:00:0023.2 20.2 23.6 23.2 - 0 83 82 229 0 0 0 210 1.4 222 1.8 218 2.8 - - 0 0 0 0 0 0 - -
2014-6-29 00:00:0023.6 20.5 24.1 23.6 - 0 82 82 192 0.7 224 1.2 0 0 0 0 234 4.7 - - 0 0 0 0 0 0 - -
2014-6-28 23:00:0024.1 20.9 24.4 24.1 - 0 83 81 243 1.8 225 2.2 0 0 0 0 218 3.7 - - 0 0 0 0 0 0 - -
2014-6-28 22:00:0024.4 21.1 24.8 24.4 - 0 82 80 240 1.2 234 2.1 0 0 0 0 232 4.6 - - 0 0 0 0 0 0 - -
2014-6-28 21:00:0024.8 21.1 25.2 24.8 - 0 80 79 218 2 219 2.1 0 0 0 0 229 4.3 - - 0 0 0 0 0 0 - -
2014-6-28 20:00:0025.2 21.5 25.2 24.8 - 0 80 80 229 0 217 0.7 0 0 0 0 94 3.1 - - 0 0 0 0 0 0 - -
2014-6-28 19:00:0025 21.6 27.1 25 - 0.2 82 67 85 1.6 95 2.5 0 0 0 0 12 5.2 - - 0 0 0 0 0 0 - -
2014-6-28 18:00:0027.2 20.3 28.8 27.2 - 0 66 59 15 2.2 41 2.3 0 0 0 0 85 5 - - 0 0 0 0 0 0 - -
2014-6-28 17:00:0028.8 19.9 29.3 28.8 - 0 59 57 232 1.2 277 0.7 0 0 0 0 265 4.1 - - 0 0 0 0 0 0 - -
2014-6-28 16:00:0029 20.1 29.2 28.7 - 0 59 58 254 3.2 247 2.7 231 0.1 218 0.3 260 4.8 - - 0 0 0 0 0 0 - -
2014-6-28 15:00:0028.8 20.5 30.3 28.8 - 0 61 52 195 2.9 210 1.8 0 0 0 0 237 4.1 - - 0 0 0 0 0 0 - -
2014-6-28 14:00:0029.8 19.7 29.8 29.2 - 0 55 55 97 0 204 0.6 0 0 0 0 229 3.2 - - 0 0 0 0 0 0 - -
2014-6-28 13:00:0029.3 20.2 29.5 28.4 - 0 58 56 254 2 260 1.7 0 0 0 0 195 2.9 - - 0 0 0 0 0 0 - -
2014-6-28 12:00:0028.8 20.2 28.8 27.5 - 0 60 59 187 1.9 231 0.6 0 0 0 0 260 2.9 - - 0 0 0 0 0 0 - -
2014-6-28 11:00:0027.8 20.8 27.9 26.5 - 0 66 64 40 0 0 0 0 0 301 0.3 265 3.4 - - 0 0 0 0 0 0 - -
2014-6-28 10:00:0026.8 20.9 26.8 25.5 - 0 70 69 9 0 304 1.1 287 0.2 324 0.6 310 3.7 - - 0 0 0 0 0 0 - -
2014-6-28 9:00:0025.6 20.7 25.7 23.4 - 0 74 74 308 1.9 296 1.8 0 0 0 0 313 2.9 - - 0 0 0 0 0 0 - -
2014-6-28 8:00:0023.4 21.3 23.4 22.1 - 0 88 88 251 0 239 1 0 0 0 0 226 2.3 - - 0 0 0 0 0 0 - -
2014-6-28 7:00:0022.1 20.9 22.1 21.3 - 0 93 93 226 0 207 0 213 0 213 0 226 0 - - 0 0 0 0 0 0 - -
2014-6-28 6:00:0021.3 20.1 21.3 20.8 - 0 93 93 226 0 240 0 235 0 235 0 226 0 - - 0 0 0 0 0 0 - -
2014-6-28 5:00:0020.8 19.6 20.8 20.5 - 0 93 93 209 0 225 0 232 0 232 0 209 0 - - 0 0 0 0 0 0 - -
2014-6-28 4:00:0020.8 19.6 20.8 20.5 - 0 93 92 341 0 341 0 349 0 349 0 341 0 - - 0 0 0 0 0 0 - -
2014-6-28 3:00:0020.5 19.3 20.8 20.5 - 0 92 92 178 0 216 0 213 0 213 0 178 0 - - 0 0 0 0 0 0 - -
2014-6-28 2:00:0020.7 19.4 21.4 20.7 - 0 92 92 336 0 345 0 358 0 358 0 336 0 - - 0 0 0 0 0 0 - -
2014-6-28 1:00:0021.4 20 21.6 21.4 - 0 92 92 66 0 66 0 125 0 125 0 66 0 - - 0 0 0 0 0 0 - -
2014-6-28 00:00:0021.5 20.1 21.5 21.3 - 0 92 91 220 0 0 0 246 0.6 246 0.6 251 1.3 - - 0 0 0 0 0 0 - -
2014-6-27 23:00:0021.3 19.8 21.9 21.3 - 0 91 89 265 0 0 0 242 0.6 242 0.6 265 0 - - 0 0 0 0 0 0 - -
2014-6-27 22:00:0021.9 20.1 22.4 21.9 - 0 89 88 144 0 0 0 144 0.6 144 0.6 144 0 - - 0 0 0 0 0 0 - -
2014-6-27 21:00:0022.4 20.4 22.8 22.4 - 0 88 87 147 0 0 0 166 0.6 166 0.6 147 0 - - 0 0 0 0 0 0 - -
2014-6-27 20:00:0022.8 20.4 23.2 22.8 - 0 87 85 85 0 0 0 101 0.6 124 1.1 119 3.5 - - 0 0 0 0 0 0 - -
2014-6-27 19:00:0023.2 20.5 24.1 23.2 - 0 85 79 116 0 0 0 127 0.9 124 1.3 133 3.4 - - 0 0 0 0 0 0 - -
2014-6-27 18:00:0024 20.1 24.2 23.9 - 0 79 79 119 1.5 109 0.2 112 0.5 86 0.9 97 3.9 - - 0 0 0 0 0 0 - -
2014-6-27 17:00:0024.1 20.3 24.2 24.1 - 0 79 78 77 0 0 0 96 0.9 92 1.4 88 2.8 - - 0 0 0 0 0 0 - -
2014-6-27 16:00:0024.1 20.2 24.2 24 - 0 79 78 91 0 101 0.8 74 1.5 53 2.6 80 4.2 - - 0 0 0 0 0 0 - -
2014-6-27 15:00:0024.1 20.2 24.5 24.1 - 0 78 76 63 1.1 58 1.8 72 2.3 86 2.7 94 4.3 - - 0 0 0 0 0 0 - -
2014-6-27 14:00:0024.6 19.9 25.4 23.9 - 0.1 75 72 105 2.3 93 2.1 77 2.3 64 2.4 68 3.8 - - 0 0 0 0 0 0 - -
2014-6-27 13:00:0024 20.1 24.1 23.5 - 0 78 78 74 2.5 63 2.1 61 1.9 72 2.7 83 4.6 - - 0 0 0 0 0 0 - -
2014-6-27 12:00:0023.9 20.5 23.9 22.8 - 0 81 81 74 2.5 80 2.6 82 2.2 81 2.5 83 4.1 - - 0 0 0 0 0 0 - -
2014-6-27 11:00:0022.9 20.6 23 22.7 - 0.1 87 86 32 1.6 38 2 49 1.7 48 2 66 3.7 - - 0 0 0 0 0 0 - -
2014-6-27 10:00:0022.9 20.5 23 22.1 - 0 86 86 12 2.3 12 2 28 1.3 53 1.9 57 3.8 - - 0 0 0 0 0 0 - -
2014-6-27 7:00:0021.6 20.4 21.6 21.4 - 0 93 93 63 0.4 30 1.3 32 0.6 32 1.1 38 3.3 - - 0 0 0 0 0 0 - -
2014-6-27 6:00:0021.4 20.3 21.4 21.4 - 0 93 93 353 2.2 22 0.8 26 0.4 48 1.2 26 3.4 - - 0 0 0 0 0 0 - -
2014-6-27 5:00:0021.4 20.3 21.4 21.3 - 0 94 94 23 1.7 55 1.8 48 1.1 47 1.9 38 4.1 - - 0 0 0 0 0 0 - -
2014-6-27 4:00:0021.3 20.3 21.3 21.3 - 0 94 94 46 3.2 38 1.9 44 1.4 48 1.7 46 4.3 - - 0 0 0 0 0 0 - -
2014-6-27 3:00:0021.3 20.3 21.4 21.3 - 0.1 94 94 26 0.8 36 1.5 39 1.2 43 1.3 43 3.8 - - 0 0 0 0 0 0 - -
2014-6-27 2:00:0021.4 20.4 21.5 21.4 - 0.2 94 94 52 1.7 48 1.7 46 1.2 54 1.6 35 4 - - 0 0 0 0 0 0 - -
2014-6-27 1:00:0021.5 20.5 21.5 21.5 - 0.6 94 94 54 1.2 53 1.9 54 1.2 53 1.8 52 3.3 - - 0 0 0 0 0 0 - -
2014-6-27 00:00:0021.5 20.5 21.7 21.5 - 4.3 94 94 57 0 48 0.7 55 0.6 60 1.8 74 4 - - 0 0 0 0 0 0 - -
2014-6-26 23:00:0021.7 20.7 21.9 21.7 - 3.3 94 94 66 2 48 1.9 52 1.4 68 2.3 85 4.7 - - 0 0 0 0 0 0 - -
2014-6-26 22:00:0021.9 20.8 22.2 21.9 - 0.6 94 94 83 2.2 77 2.4 94 1.1 69 2.2 43 4.7 - - 0 0 0 0 0 0 - -
2014-6-26 21:00:0022.2 21.1 22.3 22.2 - 0.2 94 93 80 3.2 65 2.7 64 1.7 64 1.7 74 3.4 - - 0 0 0 0 0 0 - -
2014-6-26 20:00:0022.2 21.1 22.3 22.2 - 1.1 93 93 60 0 0 0 81 1.2 95 1.4 97 2.2 - - 0 0 0 0 0 0 - -
2014-6-26 19:00:0022.3 21.2 22.5 22.3 - 0.5 93 93 97 0 0 0 89 1.3 89 1.3 91 2.5 - - 0 0 0 0 0 0 - -
2014-6-26 18:00:0022.4 21.3 22.4 22.2 - 0 94 94 80 0 0 0 79 1.2 109 1.7 91 3.7 - - 0 0 0 0 0 0 - -
2014-6-26 16:00:0022 20.9 22 21.9 - 15.7 94 93 330 0 0 0 331 2 113 2.6 105 5.3 - - 0 0 0 0 0 0 - -
2014-6-26 15:00:0021.9 20.8 22.2 21.9 - 9.4 93 93 108 3.2 109 2.3 112 2.3 118 2.8 142 5.3 - - 0 0 0 0 0 0 - -
2014-6-26 14:00:0022.1 21 22.2 22 - 4.2 93 93 119 2.5 111 2.3 105 2.6 119 2.9 142 6.6 - - 0 0 0 0 0 0 - -
2014-6-26 13:00:0022.1 20.9 22.2 22.1 - 8.1 93 93 113 2.7 108 2.2 102 2.1 105 2.9 108 4.3 - - 0 0 0 0 0 0 - -
2014-6-26 12:00:0022.1 20.9 22.2 21.9 - 3.3 93 93 88 2.6 93 0.9 102 1.6 122 3.1 113 5.1 - - 0 0 0 0 0 0 - -
2014-6-26 11:00:0021.9 20.8 21.9 21.8 - 2.2 93 93 142 4.6 128 2.9 117 2.7 117 2.7 142 4.6 - - 0 0 0 0 0 0 - -
2014-6-26 10:00:0021.8 20.6 22.4 21.8 - 6.4 93 91 97 1.4 89 1.9 80 1.3 117 3.5 133 7 - - 0 0 0 0 0 0 - -
2014-6-26 9:00:0022.3 21 22.3 21.5 - 0 92 92 60 2.6 123 3.7 118 3.4 121 3.9 122 6.7 - - 0 0 0 0 0 0 - -
2014-6-26 8:00:0021.5 20.2 21.6 21.4 - 2 92 92 88 2.5 103 2 96 1.7 120 2.9 125 4.7 - - 0 0 0 0 0 0 - -
2014-6-26 7:00:0021.4 20.1 21.4 21.2 - 0 92 92 130 2.8 122 3.2 119 2.9 119 3.1 119 6.2 - - 0 0 0 0 0 0 - -
2014-6-26 6:00:0021.2 19.9 21.2 21 - 0.1 92 92 119 2.6 113 3.4 117 2.5 118 2.8 142 4.3 - - 0 0 0 0 0 0 - -
2014-6-26 5:00:0021 19.7 21.1 21 - 0.1 92 92 94 2.5 97 2.2 94 2.4 106 2.4 111 4.3 - - 0 0 0 0 0 0 - -
2014-6-26 4:00:0021.1 19.7 21.1 20.9 - 0.1 92 92 119 2.9 109 1.9 110 2.5 103 3.2 94 5.9 - - 0 0 0 0 0 0 - -
2014-6-26 3:00:0020.9 19.5 21 20.9 - 0.8 92 90 80 3.2 95 3.3 94 2.8 112 3.6 119 5.5 - - 0 0 0 0 0 0 - -
2014-6-26 2:00:0021 19.3 21 20.7 - 0 90 90 77 2.3 106 3.2 108 3.3 107 3.9 97 7 - - 0 0 0 0 0 0 - -
2014-6-26 1:00:0020.7 19.1 20.7 20.5 - 0 90 90 122 3.1 122 1.8 117 2.4 124 4.3 116 6.9 - - 0 0 0 0 0 0 - -
2014-6-26 00:00:0020.5 18.9 20.5 20.1 - 0.1 91 91 125 3.9 127 3.6 123 2.3 123 2.3 108 6.6 - - 0 0 0 0 0 0 - -
2014-6-25 23:00:0020.1 18.6 20.3 20 - 0 91 91 130 2.5 110 2.7 113 1.1 112 2.6 133 6.2 - - 0 0 0 0 0 0 - -
2014-6-25 22:00:0020.2 18.8 20.9 20.2 - 0.3 91 91 97 2.8 118 3 119 2.7 120 3 122 7.7 - - 0 0 0 0 0 0 - -
2014-6-25 21:00:0020.8 19.5 20.8 20.7 - 0.2 92 92 111 5.1 115 3.1 116 2.1 116 3.1 113 6.7 - - 0 0 0 0 0 0 - -
2014-6-25 20:00:0020.7 19.5 21.4 20.7 - 1.5 92 92 119 4.8 116 4.4 118 2.8 123 3.3 133 7.7 - - 0 0 0 0 0 0 - -
2014-6-25 19:00:0021.4 20.1 21.8 21.4 - 4 92 92 99 3.8 117 3.8 114 2.7 121 2.7 128 5.9 - - 0 0 0 0 0 0 - -
2014-6-25 18:00:0021.7 20.4 22 21.7 - 4 92 92 130 3.7 121 4 115 2.3 111 2.9 119 6.4 - - 0 0 0 0 0 0 - -
2014-6-25 17:00:0022 20.6 22.4 21.9 - 5 92 91 97 2.5 106 2.9 97 1.8 119 2.4 108 5.4 - - 0 0 0 0 0 0 - -
2014-6-25 16:00:0022.4 20.9 22.7 22.4 - 4.7 91 89 119 4.3 128 3.5 116 2 116 2 108 4.7 - - 0 0 0 0 0 0 - -
2014-6-25 15:00:0022.7 20.8 24 22.7 - 1.3 89 81 130 0 0 0 140 1 128 2.1 113 4.6 - - 0 0 0 0 0 0 - -
2014-6-25 14:00:0024 20.6 24.7 24 - 0.2 81 74 105 2.9 108 3 99 1.4 117 1.7 105 4.7 - - 0 0 0 0 0 0 - -
2014-6-25 13:00:0024.7 20.4 24.7 24.3 - 0 77 76 150 3.1 147 2.9 124 1.1 131 2.1 130 4.7 - - 0 0 0 0 0 0 - -
2014-6-25 12:00:0024.4 20.3 24.5 23.9 - 0 78 77 102 2.5 103 2.7 107 1.5 107 1.5 108 3.9 - - 0 0 0 0 0 0 - -
2014-6-25 11:00:0023.9 20.3 24.3 23.8 - 0.2 80 72 105 0 0 0 109 0.7 151 1.5 173 2.6 - - 0 0 0 0 0 0 - -
2014-6-25 10:00:0024.3 18.9 24.4 23.6 - 0 72 71 156 1.6 169 2 150 1.5 150 1.5 144 3.3 - - 0 0 0 0 0 0 - -
2014-6-25 9:00:0023.6 19.1 23.6 23.1 - 0 76 76 167 1.6 201 1.3 172 1.3 162 2.1 178 3.6 - - 0 0 0 0 0 0 - -
2014-6-25 8:00:0023.1 19.4 23.1 22.6 - 0 80 80 133 1.8 163 2.3 164 2 146 2.5 170 4.3 - - 0 0 0 0 0 0 - -
2014-6-25 7:00:0022.6 19.4 22.6 22.4 - 0 82 82 150 3.3 145 3 148 2.4 148 2.4 147 4.4 - - 0 0 0 0 0 0 - -
2014-6-25 6:00:0022.4 19.4 22.5 22.3 - 0 83 79 153 2 152 2 147 1.2 149 1.8 164 3.7 - - 0 0 0 0 0 0 - -
2014-6-25 5:00:0022.3 18.5 22.8 22.3 - 0 79 75 173 1.7 0 0 151 1.6 151 1.6 173 1.7 - - 0 0 0 0 0 0 - -
2014-6-25 4:00:0022.8 18 22.8 22.6 - 0 75 74 218 0 0 0 211 1.6 211 1.6 218 0 - - 0 0 0 0 0 0 - -
2014-6-25 3:00:0022.8 18.5 23.2 22.8 - 0 77 77 153 0 0 0 175 1.6 174 2.4 150 3.7 - - 0 0 0 0 0 0 - -
2014-6-25 2:00:0023.2 19.1 23.4 23.2 - 0 78 77 203 1.6 175 2.3 177 2.3 178 2.9 195 4.3 - - 0 0 0 0 0 0 - -
2014-6-25 1:00:0023.4 19.1 23.6 23.4 - 0 77 74 173 3.4 172 2.6 176 2.4 175 3.4 187 5.1 - - 0 0 0 0 0 0 - -
2014-6-25 00:00:0023.6 18.7 23.7 23.6 - 0 74 73 153 3 183 3 185 2.3 187 2.4 164 5.4 - - 0 0 0 0 0 0 - -
2014-6-24 23:00:0023.7 19.1 24.2 23.7 - 0 76 76 170 3.2 164 3.3 168 1.8 176 2.7 158 5.6 - - 0 0 0 0 0 0 - -
2014-6-24 22:00:0024.2 19.7 24.7 24.2 - 0 76 75 153 3.6 178 3.6 181 2.4 182 2.8 203 7 - - 0 0 0 0 0 0 - -
2014-6-24 21:00:0024.7 20.4 25.3 24.7 - 0 77 74 164 1.3 185 2.9 182 2.1 169 3.1 178 6.5 - - 0 0 0 0 0 0 - -
2014-6-24 20:00:0025.4 20.5 26.5 25.4 - 0 74 67 170 3.2 167 4.2 174 2.6 170 2.7 181 6 - - 0 0 0 0 0 0 - -
2014-6-24 19:00:0026.5 20 27.3 26.5 - 0 67 62 173 3.8 177 4.3 174 2.4 172 3.1 164 6.7 - - 0 0 0 0 0 0 - -
2014-6-24 18:00:0027.3 19.5 28.1 27.3 - 0 63 58 175 2.6 170 2.6 168 2.2 167 2.8 164 5.5 - - 0 0 0 0 0 0 - -
2014-6-24 17:00:0028 19.2 28.5 28 - 0 59 56 156 3.4 160 3.1 165 2.3 164 2.6 161 5.5 - - 0 0 0 0 0 0 - -
2014-6-24 16:00:0028.5 19 29.2 28.5 - 0 56 50 203 1.3 177 2.2 163 2.2 158 2.4 142 6.1 - - 0 0 0 0 0 0 - -
2014-6-24 15:00:0029.3 19.1 30.6 29.3 - 0 54 45 105 3.2 108 3.3 126 1.5 126 1.5 119 4.6 - - 0 0 0 0 0 0 - -
2014-6-24 14:00:0030.3 17.6 30.6 29.7 - 0 47 45 173 1.9 152 2.1 153 1.2 156 1.3 206 4.6 - - 0 0 0 0 0 0 - -
2014-6-24 13:00:0029.7 17.2 29.8 29.1 - 0 47 47 105 0 136 1.8 158 0.9 154 1.8 164 4.3 - - 0 0 0 0 0 0 - -
2014-6-24 12:00:0029.2 17.7 29.2 28 - 0 50 50 173 2.2 180 2.8 150 1.5 137 1.5 119 4.2 - - 0 0 0 0 0 0 - -
2014-6-24 11:00:0028.7 18.5 28.7 26.8 - 0 54 53 144 1.8 154 1.6 158 1.1 156 1.9 142 4 - - 0 0 0 0 0 0 - -
2014-6-24 10:00:0027.2 19.2 27.2 26.1 - 0 62 62 189 2.2 209 1.4 196 0.5 190 1.8 226 4.1 - - 0 0 0 0 0 0 - -
2014-6-24 9:00:0026.2 19.6 26.2 24.6 - 0 67 67 164 2.5 156 3.1 189 1.8 201 2.1 192 4.2 - - 0 0 0 0 0 0 - -
2014-6-24 8:00:0024.6 19.9 24.6 23.2 - 0 75 75 181 2.5 180 1.8 189 1.5 192 1.5 198 3.4 - - 0 0 0 0 0 0 - -
2014-6-24 7:00:0023.2 20.7 23.2 21.7 - 0 86 86 218 1.3 183 1.2 168 1.1 180 1.6 206 3 - - 0 0 0 0 0 0 - -
2014-6-24 6:00:0021.7 20.3 21.7 20.8 - 0 92 91 150 0 0 0 160 0.6 160 0.6 150 0 - - 0 0 0 0 0 0 - -
2014-6-24 5:00:0020.9 19.4 21.1 20.8 - 0 91 91 150 0 0 0 155 0.6 155 0.6 150 0 - - 0 0 0 0 0 0 - -
2014-6-24 4:00:0021 19.5 21.1 21 - 0 91 91 181 0 0 0 175 0.6 175 0.6 181 0 - - 0 0 0 0 0 0 - -
2014-6-24 3:00:0021 19.4 21.2 21 - 0 91 90 181 0 0 0 146 0.6 146 0.6 181 0 - - 0 0 0 0 0 0 - -
2014-6-24 2:00:0021.2 19.5 21.4 21.2 - 0 90 88 150 0 0 0 142 0.6 142 0.6 150 0 - - 0 0 0 0 0 0 - -
2014-6-24 1:00:0021.4 19.5 21.7 21.4 - 0 88 88 142 0 0 0 132 0.6 187 1.2 184 3.4 - - 0 0 0 0 0 0 - -
2014-6-24 00:00:0021.6 19.6 22 21.6 - 0 88 85 184 1.5 184 1.2 0 0 0 0 164 2.6 - - 0 0 0 0 0 0 - -
2014-6-23 23:00:0022 19.4 22.5 22 - 0 85 80 161 1.2 179 1.7 0 0 0 0 203 4.1 - - 0 0 0 0 0 0 - -
2014-6-23 22:00:0022.6 19 23 22.6 - 0 80 77 175 1.9 189 1.8 0 0 0 0 192 4.2 - - 0 0 0 0 0 0 - -
2014-6-23 21:00:0023 18.7 23.7 23 - 0 77 71 161 0 0 0 0 0 0 0 189 2.6 - - 0 0 0 0 0 0 - -
2014-6-23 20:00:0023.7 18.2 24.5 23.7 - 0 71 68 209 0 186 1.2 0 0 0 0 218 3.4 - - 0 0 0 0 0 0 - -
2014-6-23 19:00:0024.5 18.2 25.4 24.5 - 0 68 64 164 2.5 180 1.4 0 0 0 0 184 3.9 - - 0 0 0 0 0 0 - -
2014-6-23 18:00:0025.4 18.4 25.9 25.4 - 0 65 63 189 2.6 174 2.6 0 0 0 0 144 4 - - 0 0 0 0 0 0 - -
2014-6-23 17:00:0025.9 18.5 26 25.4 - 0 64 63 181 2.5 166 2.9 0 0 0 0 153 4.4 - - 0 0 0 0 0 0 - -
2014-6-23 16:00:0025.4 18.5 25.7 25.1 - 0 66 64 164 3.2 162 0.2 0 0 0 0 164 3.2 - - 0 0 0 0 0 0 - -
2014-6-23 15:00:0025 18.5 25 24.4 - 0 67 67 336 0 0 0 0 0 0 0 184 2.8 - - 0 0 0 0 0 0 - -
2014-6-23 14:00:0024.5 18.6 24.7 23.8 - 0.1 70 70 226 1.7 233 1.9 0 0 0 0 203 3.1 - - 0 0 0 0 0 0 - -
2014-6-23 13:00:0023.9 19.5 23.9 23.2 - 0 77 76 212 1.3 220 0.2 0 0 0 0 195 4.3 - - 0 0 0 0 0 0 - -
2014-6-23 12:00:0023.2 19.9 23.7 23.2 - 0.1 81 77 243 0 0 0 0 0 179 2.2 144 6.7 - - 0 0 0 0 0 0 - -
2014-6-23 11:00:0023.4 19.2 23.5 23.1 - 0 77 76 189 3.8 182 4 181 2.2 180 2.2 175 5.8 - - 0 0 0 0 0 0 - -
2014-6-23 10:00:0023 19.6 23.1 22.6 - 0 81 79 330 0 0 0 0 0 143 0.1 355 2.7 - - 0 0 0 0 0 0 - -
2014-6-23 9:00:0022.6 19.3 22.6 22 - 0 81 81 119 1.4 144 2 144 0.2 145 0.2 144 3.6 - - 0 0 0 0 0 0 - -
2014-6-23 8:00:0022 19.3 22 21.5 - 0 85 85 153 1.1 151 1.5 0 0 0 0 142 2.2 - - 0 0 0 0 0 0 - -
2014-6-23 7:00:0021.6 19 21.6 21.2 - 0 85 85 88 0 65 0.3 0 0 0 0 119 3 - - 0 0 0 0 0 0 - -
2014-6-23 6:00:0021.2 18.9 21.2 20.9 - 0 87 87 74 0 0 0 0 0 0 0 74 0 - - 0 0 0 0 0 0 - -
2014-6-23 5:00:0021 18.8 21.2 21 - 0 87 85 150 0 0 0 0 0 0 0 150 0 - - 0 0 0 0 0 0 - -
2014-6-23 4:00:0021.2 18.6 21.3 21.1 - 0 85 85 150 0 0 0 0 0 0 0 147 2.7 - - 0 0 0 0 0 0 - -
2014-6-23 3:00:0021.3 18.7 21.6 21.3 - 0 85 82 130 0 0 0 0 0 186 0.3 187 2.6 - - 0 0 0 0 0 0 - -
2014-6-23 2:00:0021.6 18.5 21.9 21.6 - 0 83 82 189 1.3 180 1.1 176 0.5 175 0.5 170 2.9 - - 0 0 0 0 0 0 - -
2014-6-23 1:00:0021.9 19 22.1 21.9 - 0 84 84 167 0 177 0.7 174 0.4 167 0.7 173 4.3 - - 0 0 0 0 0 0 - -
2014-6-23 00:00:0022 19.3 22.1 22 - 0 85 83 344 0 0 0 0 0 0 0 156 2.9 - - 0 0 0 0 0 0 - -
2014-6-22 23:00:0022.1 19.1 22.3 22.1 - 0 83 81 63 0 0 0 0 0 0 0 130 2.6 - - 0 0 0 0 0 0 - -
2014-6-22 22:00:0022.3 18.9 22.7 22.3 - 0 81 78 142 2 130 2.3 128 0.1 131 0.6 122 5.1 - - 0 0 0 0 0 0 - -
2014-6-22 21:00:0022.7 18.7 23.2 22.7 - 0 78 76 83 1.2 110 1.7 0 0 116 0.3 130 4.6 - - 0 0 0 0 0 0 - -
2014-6-22 20:00:0023.2 18.7 23.7 23.2 - 0 76 74 105 3.4 102 2.6 0 0 0 0 97 4.1 - - 0 0 0 0 0 0 - -
2014-6-22 19:00:0023.8 18.8 24.3 23.8 - 0 74 70 97 1.5 111 1.1 0 0 96 1.3 97 3.5 - - 0 0 0 0 0 0 - -
2014-6-22 18:00:0024.4 18.6 25.1 24.4 - 0 70 68 99 2.4 97 2.4 97 1 98 2 99 4.4 - - 0 0 0 0 0 0 - -
2014-6-22 17:00:0025.2 18.8 25.7 25.2 - 0 68 65 111 3.2 96 3.7 106 1.3 94 1.4 102 5 - - 0 0 0 0 0 0 - -
2014-6-22 16:00:0025.4 18.5 25.9 25.4 - 0 66 62 97 1.9 80 2.6 86 0.9 83 1.4 63 4.2 - - 0 0 0 0 0 0 - -
2014-6-22 15:00:0025.7 18.2 25.8 25.3 - 0 63 61 119 3.2 93 2.7 93 1.2 72 1.6 52 4.1 - - 0 0 0 0 0 0 - -
2014-6-22 14:00:0025.5 18 25.5 24.7 - 0 63 62 38 1.7 72 1.1 66 0.6 59 1 77 4 - - 0 0 0 0 0 0 - -
2014-6-22 13:00:0025.3 18.7 25.3 24.6 - 0 67 67 97 1.4 99 1.9 84 0.3 101 1 102 3.7 - - 0 0 0 0 0 0 - -
2014-6-22 12:00:0024.6 18.9 24.6 23.4 - 0 70 70 156 1.3 148 1.1 106 0.5 130 1.5 85 3.1 - - 0 0 0 0 0 0 - -
2014-6-22 11:00:0023.4 19.1 23.4 22.8 - 0 77 77 116 1.1 89 0.2 112 0.6 88 1.5 99 3.5 - - 0 0 0 0 0 0 - -
2014-6-22 10:00:0022.8 18.9 22.8 22.2 - 0 79 79 156 0 0 0 86 1.5 84 1.7 99 3.4 - - 0 0 0 0 0 0 - -
2014-6-22 9:00:0022.2 19.2 22.4 21.8 - 0 83 83 83 0 81 0.8 66 1.2 66 1.2 83 2.9 - - 0 0 0 0 0 0 - -
2014-6-22 8:00:0021.7 19.3 21.7 21.3 - 0 86 86 66 0 0 0 58 1 120 1.2 125 3 - - 0 0 0 0 0 0 - -
2014-6-22 7:00:0021.3 19.5 21.3 21.2 - 0 90 90 85 0 87 0.5 69 0.9 69 0.9 71 1.8 - - 0 0 0 0 0 0 - -
2014-6-22 6:00:0021.3 19.7 21.3 21.2 - 0 91 91 113 0 0 0 115 0.9 68 1 74 2.9 - - 0 0 0 0 0 0 - -
2014-6-22 5:00:0021.2 19.7 21.3 21.2 - 0 91 91 54 0.8 59 1.6 69 0.6 97 1.7 85 3.8 - - 0 0 0 0 0 0 - -
2014-6-22 4:00:0021.3 19.9 21.4 21.2 - 0 92 92 66 0 0 0 57 0.6 61 0.7 60 3 - - 0 0 0 0 0 0 - -
2014-6-22 3:00:0021.3 20 21.3 21.3 - 0 92 92 40 0 31 0 4 0 4 0 40 0 - - 0 0 0 0 0 0 - -
2014-6-22 2:00:0021.3 19.9 21.4 21.2 - 0 92 91 305 0 303 0 279 0 279 0 305 0 - - 0 0 0 0 0 0 - -
2014-6-22 1:00:0021.4 20 21.5 21.4 - 0 91 91 94 0 94 0 105 0 105 0 94 0 - - 0 0 0 0 0 0 - -
2014-6-22 00:00:0021.5 20 21.5 21.4 - 0 91 90 29 0 0 0 0 0 0 0 29 0 - - 0 0 0 0 0 0 - -
2014-6-21 23:00:0021.5 19.9 21.5 21.4 - 0.2 90 89 153 0 0 0 0 0 0 0 119 2.2 - - 0 0 0 0 0 0 - -
2014-6-21 22:00:0021.4 19.5 21.6 21.4 - 0.2 89 89 133 1.6 131 1.6 0 0 111 1.8 116 5.1 - - 0 0 0 0 0 0 - -
2014-6-21 21:00:0021.6 20 21.9 21.6 - 0.3 91 91 122 2.9 109 3.4 105 1.8 105 1.8 102 5 - - 0 0 0 0 0 0 - -
2014-6-21 20:00:0021.9 20.5 22 21.9 - 0.8 92 92 52 0 0 0 0 0 139 2.7 142 5.3 - - 0 0 0 0 0 0 - -
2014-6-21 19:00:0022 20.6 22.2 22 - 0.3 92 91 142 4.3 141 2.9 120 1.1 130 1.5 119 4.4 - - 0 0 0 0 0 0 - -
2014-6-21 18:00:0022.2 20.7 22.7 22.2 - 1.7 91 88 85 2.8 67 2.2 65 0.8 67 1.9 83 6.1 - - 0 0 0 0 0 0 - -
2014-6-21 17:00:0022.7 20.6 22.8 22.7 - 0.3 88 87 77 3.4 72 3.5 73 1.1 69 2.8 74 6.8 - - 0 0 0 0 0 0 - -
2014-6-21 16:00:0022.8 20.6 23.1 22.8 - 0.1 88 87 77 4.8 77 4 74 2.2 64 2.8 60 7.3 - - 0 0 0 0 0 0 - -
2014-6-21 15:00:0023 20.7 23.3 23 - 0 87 86 66 2.3 51 4.1 61 1.8 66 2.5 99 6.5 - - 0 0 0 0 0 0 - -
2014-6-21 14:00:0023.2 21.1 23.3 23 - 0 88 88 60 3.1 51 2.9 50 1.6 58 2.7 49 6.7 - - 0 0 0 0 0 0 - -
2014-6-21 13:00:0023 21.3 23 22.7 - 0 90 90 60 3.3 57 2.3 66 2.2 68 2.8 66 6.9 - - 0 0 0 0 0 0 - -
2014-6-21 12:00:0022.7 21.3 22.7 22.3 - 0.6 92 92 49 3.8 56 3.9 51 2.4 51 2.4 38 6.1 - - 0 0 0 0 0 0 - -
2014-6-21 11:00:0022.3 21.1 22.5 22.3 - 4 93 93 4 2.3 32 2.6 44 1.2 54 1.8 60 6.5 - - 0 0 0 0 0 0 - -
2014-6-21 10:00:0022.4 21.3 22.6 22.4 - 3.5 93 93 85 2.1 82 2.2 0 0 66 1.5 74 5.5 - - 0 0 0 0 0 0 - -
2014-6-21 9:00:0022.4 21.3 22.4 22.2 - 7.9 94 93 29 1.6 45 2.6 41 0.3 88 1 29 4.6 - - 0 0 0 0 0 0 - -
2014-6-21 7:00:0022.3 21.2 22.5 22.3 - 7.2 93 93 18 4 42 2.5 0 0 70 1.1 60 4.9 - - 0 0 0 0 0 0 - -
2014-6-21 6:00:0022.5 21.3 22.6 22.5 - 2.2 93 92 91 2.8 71 1.7 0 0 66 0.9 63 5 - - 0 0 0 0 0 0 - -
2014-6-21 5:00:0022.6 21.2 22.8 22.5 - 0 92 91 83 2.6 66 3.1 72 0.9 67 1.1 63 5.3 - - 0 0 0 0 0 0 - -
2014-6-21 4:00:0022.8 21.3 22.9 22.8 - 0.1 91 90 80 2.4 67 2.8 72 0.5 71 0.8 74 4.3 - - 0 0 0 0 0 0 - -
2014-6-21 3:00:0022.9 21.3 23.2 22.9 - 0 90 90 74 3.2 78 2.6 73 0.3 76 0.6 66 3.6 - - 0 0 0 0 0 0 - -
2014-6-21 2:00:0023.2 21.4 23.5 23.2 - 0 90 89 97 2.8 74 3.3 74 0.6 71 0.7 77 4.5 - - 0 0 0 0 0 0 - -
2014-6-21 1:00:0023.5 21.5 23.6 23.3 - 0 89 89 85 1.7 86 1.8 84 0.2 52 0.6 71 4.5 - - 0 0 0 0 0 0 - -
2014-6-21 00:00:0023.6 21.7 23.8 23.6 - 0 89 89 52 0 0 0 73 1.4 81 1.7 77 3.6 - - 0 0 0 0 0 0 - -
2014-6-20 23:00:0023.8 21.9 24.1 23.8 - 0 89 89 91 1.8 76 1.5 80 1.2 85 1.9 74 4.2 - - 0 0 0 0 0 0 - -
2014-6-20 22:00:0024.1 22.1 24.2 24.1 - 0 89 89 71 1.8 67 2 66 1.3 68 2.1 54 3.8 - - 0 0 0 0 0 0 - -
2014-6-20 21:00:0024.1 22.3 24.1 24 - 0 89 89 119 2.2 98 2.3 96 1.7 97 2.3 97 4.4 - - 0 0 0 0 0 0 - -
2014-6-20 20:00:0024.1 22.2 24.7 24.1 - 0 89 86 119 3.1 103 3.1 99 2.2 94 2.8 94 5.2 - - 0 0 0 0 0 0 - -
2014-6-20 19:00:0024.7 22.2 25.8 24.7 - 0 86 82 83 2.8 93 3 85 2.3 84 3.1 71 5.8 - - 0 0 0 0 0 0 - -
2014-6-20 18:00:0025.8 22.4 26.9 25.8 - 0 81 76 74 1.7 81 2.5 76 2.3 71 2.6 80 5 - - 0 0 0 0 0 0 - -
2014-6-20 17:00:0026.9 22.2 27 26.6 - 0 76 74 111 2.6 120 2.7 115 1.5 87 2.5 57 4.6 - - 0 0 0 0 0 0 - -
2014-6-20 16:00:0027 22.3 27.2 26.4 - 0 75 74 83 2.5 96 2.6 97 1.8 101 2.4 130 4.1 - - 0 0 0 0 0 0 - -
2014-6-20 15:00:0026.5 22.5 26.5 25.4 - 0 79 79 142 2.5 131 2.4 144 1.3 131 3.2 130 4.4 - - 0 0 0 0 0 0 - -
2014-6-20 14:00:0025.7 22.4 25.7 24.9 - 0 82 82 128 3.8 128 3.5 118 2.7 118 3.1 125 5.1 - - 0 0 0 0 0 0 - -
2014-6-20 13:00:0024.9 22 25.1 24.9 - 0 84 84 91 0 96 0.6 91 1 129 2.4 136 4.1 - - 0 0 0 0 0 0 - -
2014-6-20 12:00:0024.8 22.1 24.8 24.4 - 0 85 85 113 2.5 135 2.4 123 2.4 135 3.2 130 5 - - 0 0 0 0 0 0 - -
2014-6-20 11:00:0024.4 22 24.4 23.9 - 0 86 86 94 2 109 2.1 116 1.4 145 3 128 4.6 - - 0 0 0 0 0 0 - -
2014-6-20 10:00:0023.9 21.9 24 23.6 - 0.1 89 89 153 3.1 146 2.7 138 2.1 140 3 139 4.6 - - 0 0 0 0 0 0 - -
2014-6-20 9:00:0023.6 21.8 23.6 23.3 - 0.1 90 90 139 2.5 147 2.6 146 2.9 135 3 142 4.7 - - 0 0 0 0 0 0 - -
2014-6-20 8:00:0023.3 21.6 23.3 23.1 - 0.5 90 89 139 2.9 136 2.8 138 2.6 147 3.1 156 4.1 - - 0 0 0 0 0 0 - -
2014-6-20 7:00:0023.1 21.3 23.1 23.1 - 1 89 88 164 2.6 150 3.3 146 3.1 148 4.1 139 6.1 - - 0 0 0 0 0 0 - -
2014-6-20 6:00:0023.1 21.1 23.4 23.1 - 0.4 88 84 142 4.6 143 4.2 147 3.8 155 4 150 6.5 - - 0 0 0 0 0 0 - -
2014-6-20 5:00:0023.4 20.6 23.6 23.4 - 0 84 81 173 4.6 151 3.8 157 4 157 4.3 153 6.4 - - 0 0 0 0 0 0 - -
2014-6-20 4:00:0023.6 20.1 23.6 23.5 - 0 81 80 150 4.6 146 3.9 148 4.2 153 5.2 164 7.6 - - 0 0 0 0 0 0 - -
2014-6-20 3:00:0023.5 19.9 23.6 23.5 - 0 80 80 142 5.2 150 4.5 155 4.1 153 4.5 175 7.6 - - 0 0 0 0 0 0 - -
2014-6-20 2:00:0023.6 19.9 23.7 23.6 - 0 80 79 161 4 147 4.7 149 3.7 148 4 164 6.2 - - 0 0 0 0 0 0 - -
2014-6-20 1:00:0023.7 19.9 23.7 23.7 - 0 79 79 144 3.2 144 4.5 147 3.9 142 4.3 153 7.1 - - 0 0 0 0 0 0 - -
2014-6-20 00:00:0023.7 19.9 23.8 23.7 - 0 79 77 125 3.8 141 3.7 145 4.4 150 5.2 142 7.7 - - 0 0 0 0 0 0 - -
2014-6-19 23:00:0023.8 19.6 24 23.8 - 0 77 75 142 4.3 141 5 154 4.9 154 4.9 153 7.2 - - 0 0 0 0 0 0 - -
2014-6-19 22:00:0024 19.4 24.4 24 - 0 75 73 142 3.8 148 3.5 146 3.9 147 4.6 142 6.7 - - 0 0 0 0 0 0 - -
2014-6-19 21:00:0024.4 19.3 25.1 24.4 - 0 73 70 161 5.3 153 3.9 147 4.6 147 4.7 139 7.2 - - 0 0 0 0 0 0 - -
2014-6-19 20:00:0025.1 19.3 25.9 25.1 - 0 70 67 150 5 142 4.8 142 4.1 142 4.1 164 5.9 - - 0 0 0 0 0 0 - -
2014-6-19 19:00:0025.9 19.3 26.4 25.9 - 0 67 65 161 3.8 163 3.2 150 3.6 168 4.2 150 5.9 - - 0 0 0 0 0 0 - -
2014-6-19 18:00:0026.4 19.2 27.7 26.4 - 0 65 60 173 3.1 169 4.1 166 4.1 155 4.3 142 6.3 - - 0 0 0 0 0 0 - -
2014-6-19 17:00:0027.7 19.2 28.1 27.7 - 0 60 58 150 2.6 155 3.6 156 3.9 139 4.2 119 6.2 - - 0 0 0 0 0 0 - -
2014-6-19 16:00:0028.1 19.1 28.4 27.8 - 0 58 57 133 3.1 133 4.2 154 3.6 135 4.6 156 7.1 - - 0 0 0 0 0 0 - -
2014-6-19 15:00:0027.9 19.1 27.9 26.8 - 0 59 59 142 5 139 3.7 147 3.9 146 5 164 6.2 - - 0 0 0 0 0 0 - -
2014-6-19 14:00:0026.7 19.3 27 26.3 - 0 64 62 133 5.2 148 5.3 149 5 148 5 164 7.3 - - 0 0 0 0 0 0 - -
2014-6-19 13:00:0026.5 19.1 26.7 26.1 - 0 64 62 142 3.2 153 4.4 159 4.5 156 4.7 164 6.7 - - 0 0 0 0 0 0 - -
2014-6-19 12:00:0026.2 19 26.7 26.1 - 0 64 63 181 3.7 175 4.2 176 4.5 176 4.5 167 6.5 - - 0 0 0 0 0 0 - -
2014-6-19 11:00:0026.6 18.9 27.7 26.6 - 0 63 58 187 4.4 175 4.5 174 3.9 147 4.6 164 6.5 - - 0 0 0 0 0 0 - -
2014-6-19 10:00:0026.9 18.9 26.9 25.5 - 0 61 61 144 3.9 157 4.1 155 3.6 164 3.9 175 6 - - 0 0 0 0 0 0 - -
2014-6-19 9:00:0025.4 18.6 25.5 24 - 0 66 65 170 4.3 166 3.8 172 3.5 151 4.5 147 6.4 - - 0 0 0 0 0 0 - -
2014-6-19 8:00:0024 18.4 24 22.3 - 0 71 71 158 5.4 157 3.9 157 4.2 157 4.2 156 6.7 - - 0 0 0 0 0 0 - -
2014-6-19 7:00:0022.3 18.8 22.3 21.1 - 0 80 80 83 1.7 108 1.6 106 1.5 121 2.4 142 4 - - 0 0 0 0 0 0 - -
2014-6-19 6:00:0021.1 18.6 21.1 20.6 - 0 85 85 97 0 0 0 118 1.2 130 1.6 133 3 - - 0 0 0 0 0 0 - -
2014-6-19 5:00:0020.7 18.1 21 20.7 - 0 85 84 125 1.2 118 1.3 110 1.2 125 1.8 139 3.5 - - 0 0 0 0 0 0 - -
2014-6-19 4:00:0021 18.2 21.1 21 - 0 84 84 94 1.8 127 2.5 126 1.9 145 2.9 153 3.8 - - 0 0 0 0 0 0 - -
2014-6-19 3:00:0021 18.2 21.2 21 - 0 84 82 150 3.3 149 2.8 152 2.4 152 2.4 147 3.7 - - 0 0 0 0 0 0 - -
2014-6-19 2:00:0021.2 17.9 21.2 21.2 - 0 82 81 128 1.2 129 1.5 126 1.3 140 1.7 128 3.1 - - 0 0 0 0 0 0 - -
2014-6-19 1:00:0021.2 17.8 21.3 21.2 - 0 81 80 153 0.7 144 1.8 137 1.8 147 2.9 144 4.4 - - 0 0 0 0 0 0 - -
2014-6-19 00:00:0021.3 17.7 21.6 21.3 - 0 80 76 128 1.8 145 2.5 0 0 0 0 150 4.7 - - 0 0 0 0 0 0 - -
2014-6-18 23:00:0021.6 17.1 22 21.6 - 0 76 72 173 1.8 167 1.7 0 0 0 0 164 4.6 - - 0 0 0 0 0 0 - -
2014-6-18 22:00:0022.1 16.9 22.4 22.1 - 0 73 71 170 2.8 162 3.6 0 0 0 0 184 5.4 - - 0 0 0 0 0 0 - -
2014-6-18 21:00:0022.4 17 22.6 22.4 - 0 71 71 133 1.9 123 2.1 0 0 0 0 119 4 - - 0 0 0 0 0 0 - -
2014-6-18 20:00:0022.6 17.3 22.9 22.6 - 0 72 72 116 2.4 123 2.9 0 0 0 0 133 4.6 - - 0 0 0 0 0 0 - -
2014-6-18 19:00:0023 17.6 23.6 23 - 0 72 70 119 2.8 128 2.6 0 0 0 0 136 5.3 - - 0 0 0 0 0 0 - -
2014-6-18 18:00:0023.6 17.8 24.2 23.6 - 0 70 67 130 3.2 121 2.7 0 0 129 0.2 139 6.3 - - 0 0 0 0 0 0 - -
2014-6-18 17:00:0024.2 17.7 24.7 24.2 - 0 67 66 125 3.6 130 3.8 0 0 0 0 130 6.5 - - 0 0 0 0 0 0 - -
2014-6-18 16:00:0024.5 17.9 25.4 24.5 - 0 66 60 94 3.2 91 3.8 0 0 0 0 83 5.4 - - 0 0 0 0 0 0 - -
2014-6-18 15:00:0025 17.3 25 24.6 - 0 62 62 113 3.5 110 3.2 0 0 0 0 122 5.3 - - 0 0 0 0 0 0 - -
2014-6-18 14:00:0024.7 17.1 25.2 24.7 - 0 63 60 119 3.1 107 3.3 0 0 0 0 130 4.9 - - 0 0 0 0 0 0 - -
2014-6-18 13:00:0025.2 16.8 25.5 24.8 - 0 60 58 85 1.9 97 1.4 0 0 0 0 83 3.3 - - 0 0 0 0 0 0 - -
2014-6-18 12:00:0025.1 17 25.1 23.9 - 0 61 60 147 0 174 1.6 0 0 0 0 119 5.6 - - 0 0 0 0 0 0 - -
2014-6-18 11:00:0023.8 17.3 23.8 22.8 - 0 67 67 128 2.8 141 1.3 0 0 0 0 108 5.4 - - 0 0 0 0 0 0 - -
2014-6-18 10:00:0022.9 17.1 23 22.2 - 0 70 69 128 2.1 124 2.3 0 0 0 0 105 4.1 - - 0 0 0 0 0 0 - -
2014-6-18 9:00:0022.2 17.2 22.3 21.7 - 0 73 73 85 0 88 0.9 0 0 0 0 74 3.5 - - 0 0 0 0 0 0 - -
2014-6-18 8:00:0021.7 17.6 21.7 20.9 - 0 78 77 88 0 0 0 0 0 0 0 130 2.8 - - 0 0 0 0 0 0 - -
2014-6-18 7:00:0020.8 18 20.8 20.6 - 0 84 84 85 0 0 0 0 0 0 0 60 5.2 - - 0 0 0 0 0 0 - -
2014-6-18 6:00:0020.7 18.3 20.8 20.7 - 0 86 85 94 2.4 78 2.4 0 0 0 0 83 4 - - 0 0 0 0 0 0 - -
2014-6-18 5:00:0020.8 18.1 20.8 20.7 - 0 85 84 46 2.2 56 2.1 0 0 0 0 60 4.1 - - 0 0 0 0 0 0 - -
2014-6-18 4:00:0020.7 18.1 21 20.7 - 0 85 83 74 0.7 68 1.3 0 0 0 0 74 4.1 - - 0 0 0 0 0 0 - -
2014-6-18 3:00:0021 18.1 21.2 21 - 0 83 82 71 0 67 1 0 0 0 0 57 3.2 - - 0 0 0 0 0 0 - -
2014-6-18 2:00:0021.1 18 21.2 21.1 - 0 82 82 74 0 0 0 0 0 62 0.4 57 2.9 - - 0 0 0 0 0 0 - -
2014-6-18 1:00:0021.2 18.2 21.3 21.2 - 0 83 83 60 1.8 63 1.1 72 0.2 94 0.8 83 3.8 - - 0 0 0 0 0 0 - -
2014-6-18 00:00:0021.3 18.4 21.3 21.2 - 0 83 83 105 0 0 0 94 2.6 78 4.4 80 4.7 - - 0 0 0 0 0 0 - -
2014-6-17 23:00:0021.3 18.4 21.3 21.2 - 0 84 84 68 1.6 64 1.7 64 3 74 3.3 54 3.4 - - 0 0 0 0 0 0 - -
2014-6-17 22:00:0021.1 19.1 21.1 20.8 - 0 88 88 66 2.2 75 1.5 73 2.7 79 4.8 97 5 - - 0 0 0 0 0 0 - -
2014-6-17 21:00:0021.1 19.4 21.9 21.1 - 0 90 86 68 2.8 66 3 61 4.6 60 4.7 60 4.6 - - 0 0 0 0 0 0 - -
2014-6-17 20:00:0021.8 19.4 21.9 21.8 - 0 86 86 74 2.3 68 0.3 68 2.5 50 3.7 74 3.8 - - 0 0 0 0 0 0 - -
2014-6-17 19:00:0021.9 19.4 22.2 21.8 - 0 86 86 60 0 26 1.1 33 2.6 26 3.2 15 3.6 - - 0 0 0 0 0 0 - -
2014-6-17 18:00:0022.1 19.8 22.3 22.1 - 0 87 87 66 2.3 73 1.2 71 2.7 68 3.4 52 4 - - 0 0 0 0 0 0 - -
2014-6-17 17:00:0022.2 20.1 22.4 22.2 - 0 88 87 57 2.2 61 1.1 61 3 59 4 52 4.4 - - 0 0 0 0 0 0 - -
2014-6-17 16:00:0022.4 20.2 23.2 22.4 - 0 87 86 38 2.3 52 1.8 56 3.1 67 3.7 80 4 - - 0 0 0 0 0 0 - -
2014-6-17 15:00:0023.3 20.8 23.7 23.3 - 0 86 84 83 2.9 69 2.9 59 3.1 59 3.1 74 3.9 - - 0 0 0 0 0 0 - -
2014-6-17 14:00:0023.5 21 23.5 22.5 - 0 86 86 91 0 0 0 69 2.8 18 2.9 353 2.9 - - 0 0 0 0 0 0 - -
2014-6-17 13:00:0022.6 20.8 23 22.5 - 0.3 90 90 21 1.6 35 0.8 31 2.7 335 2.7 38 2.7 - - 0 0 0 0 0 0 - -
2014-6-17 12:00:0022.5 20.8 22.6 22.3 - 0.3 90 90 333 1.3 319 1.9 328 2.7 328 2.7 324 2.5 - - 0 0 0 0 0 0 - -
2014-6-17 11:00:0022.3 20.7 22.3 22.1 - 0.2 91 91 83 0 0 0 60 2.7 59 2.9 60 3.3 - - 0 0 0 0 0 0 - -
2014-6-17 10:00:0022.1 20.7 22.4 22.1 - 0.9 92 91 52 0 0 0 64 2.9 57 3.9 52 4.1 - - 0 0 0 0 0 0 - -
2014-6-17 9:00:0022.3 20.9 22.7 22.3 - 0 92 92 46 1.4 41 2 45 3.6 46 3.9 54 4.9 - - 0 0 0 0 0 0 - -
2014-6-17 8:00:0022.6 21.5 22.9 22.5 - 0 93 93 40 1.9 37 2.1 37 3.1 42 3.8 57 5.3 - - 0 0 0 0 0 0 - -
2014-6-17 7:00:0022.9 21.9 23 22.9 - 1.3 94 94 18 2.6 25 2.1 23 2.3 353 2.5 327 3.7 - - 0 0 0 0 0 0 - -
2014-6-17 6:00:0022.9 21.8 23.1 22.9 - 0.6 94 93 350 0.9 333 1.5 345 2.3 337 3.2 353 5.2 - - 0 0 0 0 0 0 - -
2014-6-17 5:00:0023.1 22 23.1 23 - 0 93 93 319 0 329 0.3 324 1.6 335 1.9 355 2.9 - - 0 0 0 0 0 0 - -
2014-6-17 4:00:0022.9 21.8 23 22.9 - 4 93 93 7 0 0 0 356 1.3 16 1.7 355 3.5 - - 0 0 0 0 0 0 - -
2014-6-17 3:00:0022.9 21.7 22.9 22.9 - 0.8 93 93 330 0 0 0 318 0.9 319 1.1 296 3.1 - - 0 0 0 0 0 0 - -
2014-6-17 2:00:0022.9 21.7 23 22.9 - 0.2 93 93 344 0 0 0 1 0.3 126 0.4 130 2.9 - - 0 0 0 0 0 0 - -
2014-6-17 1:00:0022.9 21.6 22.9 22.8 - 0 93 92 139 2.9 135 1.8 0 0 98 0.4 139 2.9 - - 0 0 0 0 0 0 - -
2014-6-17 00:00:0022.8 21.4 22.9 22.8 - 0 92 91 122 0 0 0 112 0.8 133 1.5 113 3.8 - - 0 0 0 0 0 0 - -
2014-6-16 23:00:0022.8 21.3 23.1 22.8 - 0.1 91 89 139 2.8 115 0.7 94 0.4 131 1.8 133 4 - - 0 0 0 0 0 0 - -
2014-6-16 22:00:0023.1 21.1 23.2 23.1 - 0.3 89 86 77 3.1 93 2.4 111 1.7 138 3.2 128 4.9 - - 0 0 0 0 0 0 - -
2014-6-16 21:00:0023.1 20.7 23.3 23.1 - 0 86 82 130 4.7 134 3.6 132 2.9 133 3.9 119 5.9 - - 0 0 0 0 0 0 - -
2014-6-16 20:00:0023.3 20 23.6 23.3 - 0 82 77 142 3.5 126 3.5 128 3.3 131 4.5 150 6.8 - - 0 0 0 0 0 0 - -
2014-6-16 19:00:0023.6 19.3 23.9 23.6 - 0 77 74 136 4.6 142 4.9 134 4.4 141 4.8 133 6.8 - - 0 0 0 0 0 0 - -
2014-6-16 18:00:0023.7 19.1 23.7 23.4 - 0 75 75 181 2.9 146 4.2 143 4.5 144 5.8 119 8.6 - - 0 0 0 0 0 0 - -
2014-6-16 17:00:0023.7 19.4 24.1 23.7 - 0 77 74 147 5.9 134 5.1 139 5 145 5.6 139 9.1 - - 0 0 0 0 0 0 - -
2014-6-16 16:00:0023.9 19.2 23.9 23.5 - 0 75 75 144 5.1 138 4.6 141 4.8 142 6.1 164 9.4 - - 0 0 0 0 0 0 - -
2014-6-16 15:00:0023.7 19.7 24.2 23.6 - 0 78 77 139 6.3 144 5.5 141 4.9 139 5.3 150 9 - - 0 0 0 0 0 0 - -
2014-6-16 14:00:0024.2 20 24.7 24.1 - 0 77 73 150 5.6 136 5.9 138 5.1 144 6.8 130 10.2 - - 0 0 0 0 0 0 - -
2014-6-16 13:00:0024.7 19.4 25.1 24.5 - 0 72 69 133 4.1 131 4.7 137 4.7 140 6.7 150 11.2 - - 0 0 0 0 0 0 - -
2014-6-16 12:00:0025.1 19 25.2 24.7 - 0 69 69 144 6.5 157 6 150 5.8 146 6 128 9.2 - - 0 0 0 0 0 0 - -
2014-6-16 11:00:0024.7 19.3 25.1 24.6 - 0 72 71 142 3.3 132 4.6 131 5 139 7.4 153 11.8 - - 0 0 0 0 0 0 - -
2014-6-16 10:00:0025.1 19.4 25.2 25 - 0 71 68 119 8.5 132 6.1 129 5.6 119 6.1 128 9.4 - - 0 0 0 0 0 0 - -
2014-6-16 9:00:0025.2 19 25.4 24.4 - 0 68 68 111 6.2 118 6.1 120 6 120 6 113 9.8 - - 0 0 0 0 0 0 - -
2014-6-16 8:00:0024.4 20 24.5 24.3 - 0 76 76 108 4 115 4.2 119 4.8 119 6 128 10.1 - - 0 0 0 0 0 0 - -
2014-6-16 7:00:0024.3 20 24.3 24 - 0 77 77 142 6 119 4.9 113 4.5 110 5.2 105 9.1 - - 0 0 0 0 0 0 - -
2014-6-16 6:00:0024 20 24 23.8 - 0 78 78 108 3.7 114 4.3 108 3.8 108 3.8 91 6 - - 0 0 0 0 0 0 - -
2014-6-16 5:00:0023.9 20 23.9 23.8 - 0 79 78 97 2.5 99 2.5 105 2.7 116 3.6 116 5.7 - - 0 0 0 0 0 0 - -
2014-6-16 4:00:0023.8 19.8 24.1 23.8 - 0 78 75 111 2.9 120 3.3 114 3.1 129 4.6 142 6.7 - - 0 0 0 0 0 0 - -
2014-6-16 3:00:0024.1 19.3 24.1 24 - 0 74 73 116 2.7 121 3.3 124 2.8 136 4 156 5.9 - - 0 0 0 0 0 0 - -
2014-6-16 2:00:0024 19 24 23.9 - 0 73 73 139 4 129 3.7 133 3.6 126 3.9 130 5.9 - - 0 0 0 0 0 0 - -
2014-6-16 1:00:0023.9 18.9 24 23.9 - 0 73 72 105 2.8 119 2.5 122 2.7 118 4.5 125 6.9 - - 0 0 0 0 0 0 - -
2014-6-16 00:00:0024 18.7 24.1 24 - 0 72 70 128 4.6 125 5.1 118 1.8 118 2.3 128 7.4 - - 0 0 0 0 0 0 - -
2014-6-15 23:00:0024 18.6 24.4 24 - 0 72 69 91 2.4 108 4.3 105 1.5 109 2.2 119 7.6 - - 0 0 0 0 0 0 - -
2014-6-15 22:00:0024.5 18.8 25 24.5 - 0 71 62 91 2.6 100 3 97 1 97 1.1 71 5.7 - - 0 0 0 0 0 0 - -
2014-6-15 21:00:0025 17.7 25.3 25 - 0 64 63 85 3.1 98 3.2 96 0.3 114 0.3 97 4.6 - - 0 0 0 0 0 0 - -
2014-6-15 20:00:0025.3 18.8 26.7 25.3 - 0 67 55 97 2.5 99 2.3 0 0 92 0.2 94 3.9 - - 0 0 0 0 0 0 - -
2014-6-15 19:00:0026.8 16.9 27.4 26.8 - 0 55 52 97 2.5 100 2.5 0 0 93 0.1 99 3.7 - - 0 0 0 0 0 0 - -
2014-6-15 18:00:0027.4 16.8 28 27.4 - 0 52 47 83 2.3 85 1.9 0 0 90 0.5 71 4.3 - - 0 0 0 0 0 0 - -
2014-6-15 17:00:0028 16.2 29.3 28 - 0 49 38 97 3.5 98 2.6 91 0.2 92 0.7 102 4.7 - - 0 0 0 0 0 0 - -
2014-6-15 16:00:0029.2 14 30.3 29.2 - 0 39 36 94 3 101 2.8 91 0.7 119 1.3 119 5.6 - - 0 0 0 0 0 0 - -
2014-6-15 15:00:0030.3 14.1 30.3 29.4 - 0 37 37 133 4 116 3.5 119 0.8 124 1.3 136 5.7 - - 0 0 0 0 0 0 - -
2014-6-15 14:00:0029.7 13.9 29.9 28.9 - 0 38 36 77 2.7 111 2.7 113 0.4 86 1.3 94 5.5 - - 0 0 0 0 0 0 - -
2014-6-15 13:00:0029.1 14 29.2 28.1 - 0 40 39 91 2.6 89 3.6 89 1.2 99 1.2 83 5.5 - - 0 0 0 0 0 0 - -
2014-6-15 12:00:0028.1 16.6 28.1 27.6 - 0 50 48 52 3.2 89 2.7 93 0.3 103 1.1 111 5.7 - - 0 0 0 0 0 0 - -
2014-6-15 11:00:0027.6 18.2 27.6 27 - 0 56 56 85 2.6 94 3.4 94 0.9 89 1.1 105 5.3 - - 0 0 0 0 0 0 - -
2014-6-15 10:00:0027.1 18.6 27.1 26.6 - 0 60 55 74 3.7 83 2.2 0 0 0 0 83 4 - - 0 0 0 0 0 0 - -
2014-6-15 9:00:0026.6 17.7 26.7 26.4 - 0 58 56 74 0 64 0.7 0 0 0 0 139 2.6 - - 0 0 0 0 0 0 - -
2014-6-15 8:00:0026.5 17.3 26.5 25.5 - 0 57 55 71 0 0 0 0 0 0 0 60 3.4 - - 0 0 0 0 0 0 - -
2014-6-15 7:00:0025.5 17.9 25.5 24.9 - 0 63 63 164 0 0 0 0 0 0 0 130 1.7 - - 0 0 0 0 0 0 - -
2014-6-15 6:00:0025.1 18.6 25.4 24.9 - 0 67 65 97 0 0 0 0 0 115 0.7 91 2.7 - - 0 0 0 0 0 0 - -
2014-6-15 5:00:0025.4 18.3 25.9 25.4 - 0 65 56 111 1.7 127 1.6 114 0.7 103 1.3 63 4 - - 0 0 0 0 0 0 - -
2014-6-15 4:00:0025.9 17.7 26 25.9 - 0 61 59 74 2 85 0.2 103 1.1 103 1.1 74 2 - - 0 0 0 0 0 0 - -
2014-6-15 3:00:0026.1 17.5 26.1 25.8 - 0 59 56 94 0 0 0 115 1.1 115 1.1 94 0 - - 0 0 0 0 0 0 - -
2014-6-15 2:00:0025.9 18 26.2 25.9 - 0 62 60 91 0 0 0 106 1.1 167 1.2 153 2 - - 0 0 0 0 0 0 - -
2014-6-15 1:00:0026.2 17.8 26.5 26.1 - 0 60 56 156 1.9 161 0.3 168 1.2 181 2.4 175 3.4 - - 0 0 0 0 0 0 - -
2014-6-15 00:00:0026.5 17.1 27 26.5 - 0 56 52 175 1.5 189 2.1 180 1 176 1.3 189 4.4 - - 0 0 0 0 0 0 - -
2014-6-14 23:00:0027 16.3 28 27 - 0 52 45 164 2 177 2.2 171 0.9 181 2.6 175 6.1 - - 0 0 0 0 0 0 - -
2014-6-14 22:00:0028 14.9 28.7 28 - 0 45 39 170 3 178 3.1 180 1.5 180 1.5 175 4.7 - - 0 0 0 0 0 0 - -
2014-6-14 21:00:0028.7 13.4 29.3 28.7 - 0 39 34 150 2.2 168 2.4 166 0.8 174 1.3 184 4 - - 0 0 0 0 0 0 - -
2014-6-14 20:00:0029.3 12 30.1 29.3 - 0 34 34 164 2.4 163 2.8 166 1 141 1.4 142 4.1 - - 0 0 0 0 0 0 - -
2014-6-14 19:00:0030.1 13.8 30.7 30.1 - 0 37 37 139 2.9 143 2.7 134 0.7 93 2.1 113 4.9 - - 0 0 0 0 0 0 - -
2014-6-14 18:00:0030.7 16.5 32.1 30.7 - 0 43 37 105 3.2 95 3.4 93 2.3 91 2.6 116 6.1 - - 0 0 0 0 0 0 - -
2014-6-14 17:00:0032.2 15.7 33.1 32.2 - 0 37 32 97 4.3 96 4.2 94 2.4 96 3.3 116 7 - - 0 0 0 0 0 0 - -
2014-6-14 16:00:0032.7 14.8 34.7 32.7 - 0 34 24 116 3.9 90 3.9 90 3.2 90 3.6 91 7.1 - - 0 0 0 0 0 0 - -
2014-6-14 15:00:0034.4 11.4 34.8 34 - 0 25 22 71 3.7 65 3.3 81 1.9 95 2.3 74 5.5 - - 0 0 0 0 0 0 - -
2014-6-14 14:00:0035 10.2 35.2 34.1 - 0 22 22 54 2.8 68 2.7 95 1.4 101 1.4 119 4.8 - - 0 0 0 0 0 0 - -
2014-6-14 13:00:0034.1 12.6 34.1 32.9 - 0 27 25 338 0.7 302 2.2 0 0 183 0.3 158 4.6 - - 0 0 0 0 0 0 - -
2014-6-14 12:00:0032.8 13.3 33.3 32.6 - 0 30 29 237 0 334 0.3 0 0 298 0.5 285 3.9 - - 0 0 0 0 0 0 - -
2014-6-14 11:00:0032.7 14 32.7 31.1 - 0 32 31 248 2 323 1.8 299 0.2 345 1 358 3.4 - - 0 0 0 0 0 0 - -
2014-6-14 10:00:0031 15.7 31 28.7 - 0 40 40 257 2.6 309 1.9 305 0.2 305 0.2 271 3.1 - - 0 0 0 0 0 0 - -
2014-6-14 9:00:0028.6 17.6 28.6 26.7 - 0 51 51 234 1.8 207 0.7 0 0 235 0.6 248 3.1 - - 0 0 0 0 0 0 - -
2014-6-14 8:00:0026.6 17.6 26.6 25.2 - 0 58 57 263 1.7 255 0.8 0 0 0 0 209 2.2 - - 0 0 0 0 0 0 - -
2014-6-14 7:00:0025.2 17.6 25.2 24.5 - 0 63 63 201 0 0 0 0 0 0 0 187 3.1 - - 0 0 0 0 0 0 - -
2014-6-14 6:00:0024.5 17.6 24.5 24.3 - 0 65 65 173 0 167 0 167 0 167 0 173 0 - - 0 0 0 0 0 0 - -
2014-6-14 5:00:0024.4 17.3 24.4 23.9 - 0 65 65 153 0 157 0 177 0 177 0 153 0 - - 0 0 0 0 0 0 - -
2014-6-14 4:00:0023.9 17.8 24.3 23.9 - 0 69 66 153 0 158 0 148 0 148 0 153 0 - - 0 0 0 0 0 0 - -
2014-6-14 3:00:0024.3 17.5 24.5 24.2 - 0 66 65 153 0 162 0 166 0 166 0 153 0 - - 0 0 0 0 0 0 - -
2014-6-14 2:00:0024.4 17.9 24.9 24.4 - 0 67 61 178 0 168 0 157 0 157 0 178 0 - - 0 0 0 0 0 0 - -
2014-6-14 1:00:0024.9 16.8 25.8 24.8 - 0 61 55 173 0 157 0 150 0 150 0 173 0 - - 0 0 0 0 0 0 - -
2014-6-14 00:00:0025.8 16 26.5 25.8 - 0 55 46 173 0 0 0 0 0 209 0.8 226 3.8 - - 0 0 0 0 0 0 - -
2014-6-13 23:00:0026.6 14 27 26.6 - 0 46 41 119 0 0 0 148 0.5 196 1.2 187 3.5 - - 0 0 0 0 0 0 - -
2014-6-13 22:00:0026.9 14.2 27.5 26.9 - 0 46 44 139 0 0 0 135 0.3 128 0.5 133 1.5 - - 0 0 0 0 0 0 - -
2014-6-13 21:00:0027.5 16.9 27.9 27.5 - 0 52 49 153 1.3 141 1.4 128 0.5 79 1.2 63 2.9 - - 0 0 0 0 0 0 - -
2014-6-13 20:00:0027.9 16.5 28.3 27.9 - 0 50 48 85 1.8 83 2.1 80 1 90 1.9 74 4.6 - - 0 0 0 0 0 0 - -
2014-6-13 19:00:0028.3 16.4 29.8 28.3 - 0 48 44 108 2.8 99 2.6 88 2 75 3.4 97 6.2 - - 0 0 0 0 0 0 - -
2014-6-13 18:00:0029.8 16.1 31.9 29.8 - 0 43 31 80 3.5 77 3.2 78 2.6 62 2.9 38 6.4 - - 0 0 0 0 0 0 - -
2014-6-13 17:00:0031.9 12.6 32.7 31.9 - 0 31 29 240 0 264 0.9 251 1.6 278 1.8 310 3.2 - - 0 0 0 0 0 0 - -
2014-6-13 16:00:0032.2 12.6 32.5 31.8 - 0 30 30 240 0.5 241 1.1 268 1.8 311 2.7 316 4.8 - - 0 0 0 0 0 0 - -
2014-6-13 15:00:0031.9 12.4 32.7 31.9 - 0 30 29 296 0 240 0.8 243 2.3 307 3.4 285 4.7 - - 0 0 0 0 0 0 - -
2014-6-13 14:00:0032.1 12.3 32.6 31.9 - 0 30 28 299 1.6 281 1.7 307 2.2 343 2.5 319 4.4 - - 0 0 0 0 0 0 - -
2014-6-13 13:00:0031.8 13 32.3 31.3 - 0 32 31 353 2.5 334 1 318 1.4 318 2.1 274 5.3 - - 0 0 0 0 0 0 - -
2014-6-13 12:00:0031.2 13.2 31.3 30.4 - 0 33 33 282 2.5 249 1.2 259 0.7 290 1.5 246 4.9 - - 0 0 0 0 0 0 - -
2014-6-13 11:00:0030.5 14.1 30.6 29 - 0 37 34 319 0.8 292 1.2 291 1.2 308 1.9 327 4.7 - - 0 0 0 0 0 0 - -
2014-6-13 10:00:0028.9 15.5 28.9 27 - 0 44 42 263 2.8 298 2.3 279 1.6 271 1.9 254 5.5 - - 0 0 0 0 0 0 - -
2014-6-13 9:00:0027 16.5 27.4 26.1 - 0 53 52 265 2.7 270 2.4 271 0.8 261 1.6 229 4.7 - - 0 0 0 0 0 0 - -
2014-6-13 8:00:0026 16.8 26 24.1 - 0 57 57 240 2.3 276 0.6 272 0.8 286 1.1 263 3.9 - - 0 0 0 0 0 0 - -
2014-6-13 7:00:0024 18.3 24 21.7 - 0 70 70 299 1.3 300 0.7 0 0 292 0.1 279 2.6 - - 0 0 0 0 0 0 - -
2014-6-13 6:00:0021.7 17.9 21.7 21.1 - 0 79 79 192 0 0 0 0 0 0 0 192 0 - - 0 0 0 0 0 0 - -
2014-6-13 5:00:0021.1 17.7 21.2 21.1 - 0 81 80 195 0 0 0 0 0 0 0 206 0.4 - - 0 0 0 0 0 0 - -
2014-6-13 4:00:0021.2 17.6 21.3 21.2 - 0 80 77 218 0 0 0 0 0 225 0.5 223 2.9 - - 0 0 0 0 0 0 - -
2014-6-13 3:00:0021.3 17.2 21.7 21.3 - 0 77 72 234 1.5 223 1.8 229 0.2 227 0.3 240 3 - - 0 0 0 0 0 0 - -
2014-6-13 2:00:0021.7 16.6 22.3 21.7 - 0 72 71 198 1.9 215 0.4 217 0.1 228 1.4 232 4.1 - - 0 0 0 0 0 0 - -
2014-6-13 1:00:0022.3 16.9 23 22.3 - 0 71 61 218 2.6 230 2.8 224 1.3 224 1.3 248 4.9 - - 0 0 0 0 0 0 - -
2014-6-13 00:00:0022.5 15.3 23 22.3 - 0 64 62 218 0 0 0 227 0.2 227 0.2 218 0 - - 0 0 0 0 0 0 - -
2014-6-12 23:00:0023 15.4 23.7 23 - 0 62 57 288 0 0 0 307 0.2 307 0.2 288 0 - - 0 0 0 0 0 0 - -
2014-6-12 22:00:0023.7 14.7 24.1 23.7 - 0 57 55 116 0 0 0 103 0.2 98 0.6 99 2.6 - - 0 0 0 0 0 0 - -
2014-6-12 21:00:0024.1 14.6 24.6 24.1 - 0 55 54 116 0 0 0 117 0.2 80 1.5 83 4.6 - - 0 0 0 0 0 0 - -
2014-6-12 20:00:0024.6 14.5 25.5 24.6 - 0 54 50 105 3.3 91 2.6 93 0.9 81 1.9 83 4.3 - - 0 0 0 0 0 0 - -
2014-6-12 19:00:0025.5 14.4 27 25.5 - 0 50 45 80 3.5 71 3.3 82 2 78 2.4 83 5.6 - - 0 0 0 0 0 0 - -
2014-6-12 18:00:0027.1 14 28.1 27.1 - 0 44 38 88 3.9 81 3.1 68 2.1 65 2.6 63 5.8 - - 0 0 0 0 0 0 - -
2014-6-12 17:00:0028.2 12.3 28.6 28.1 - 0 37 37 54 4.2 72 3.8 64 1.9 78 2.7 66 6.9 - - 0 0 0 0 0 0 - -
2014-6-12 16:00:0028.4 13.2 28.6 28.3 - 0 39 36 57 4.2 55 2.9 62 2 58 2.4 29 6.7 - - 0 0 0 0 0 0 - -
2014-6-12 15:00:0028.3 12.8 29 28.2 - 0 38 35 52 3.5 43 3.2 35 1.7 19 2.5 38 7 - - 0 0 0 0 0 0 - -
2014-6-12 14:00:0028.3 12.8 28.8 27.9 - 0 38 36 353 4.1 4 3.8 25 1.9 43 3 63 7 - - 0 0 0 0 0 0 - -
2014-6-12 13:00:0028.5 12.3 28.7 27.8 - 0 37 36 60 3.3 47 3.3 30 1.8 43 2.5 333 6.8 - - 0 0 0 0 0 0 - -
2014-6-12 12:00:0028 13.2 28 26.5 - 0 40 40 66 3 49 3.8 42 2.6 39 2.7 38 6.7 - - 0 0 0 0 0 0 - -
2014-6-12 11:00:0026.8 14.6 26.9 25.9 - 0 47 47 71 4.1 56 3.8 40 1.5 20 1.9 29 7.3 - - 0 0 0 0 0 0 - -
2014-6-12 10:00:0026.1 15.5 26.1 25 - 0 52 52 46 2.8 26 3.5 21 0.5 57 1.1 15 5.1 - - 0 0 0 0 0 0 - -
2014-6-12 9:00:0025.3 16.5 25.4 23.5 - 0 58 58 52 1.7 41 1.6 33 0.2 32 1.1 347 5.6 - - 0 0 0 0 0 0 - -
2014-6-12 8:00:0023.5 17.3 23.6 22.2 - 0 68 68 49 3.2 46 2.7 37 0.8 37 0.8 60 4.2 - - 0 0 0 0 0 0 - -
2014-6-12 7:00:0022.2 18.7 22.2 21.8 - 0 80 80 40 1.1 18 1.2 27 0.1 33 0.8 18 3.4 - - 0 0 0 0 0 0 - -
2014-6-12 6:00:0021.8 19 21.8 21.4 - 0 84 84 4 0 0 0 345 0.2 345 0.2 327 2.4 - - 0 0 0 0 0 0 - -
2014-6-12 5:00:0021.4 18.8 21.5 21.2 - 0 85 84 302 0 0 0 301 0 301 0 302 0 - - 0 0 0 0 0 0 - -
2014-6-12 4:00:0021.2 18.8 21.3 21.2 - 0 86 86 288 0 0 0 298 0 298 0 288 0 - - 0 0 0 0 0 0 - -
2014-6-12 3:00:0021.2 19 21.6 21.2 - 0 87 85 330 0 0 0 324 0 324 0 299 1.3 - - 0 0 0 0 0 0 - -
2014-6-12 2:00:0021.6 19 22.1 21.6 - 0 85 81 288 0 0 0 311 0 311 0 277 2.2 - - 0 0 0 0 0 0 - -
2014-6-12 1:00:0022.1 18.6 22.1 21.8 - 0 81 80 285 0 0 0 246 0 246 0 195 0.4 - - 0 0 0 0 0 0 - -
2014-6-12 00:00:0022 18.3 22.5 22 - 0 80 77 38 0 0 0 0 0 0 0 38 0 - - 0 0 0 0 0 0 - -
2014-6-11 23:00:0022.5 18.2 22.9 22.5 - 0 77 75 128 0 0 0 0 0 0 0 60 2.5 - - 0 0 0 0 0 0 - -
2014-6-11 22:00:0022.9 18.2 23.8 22.9 - 0 75 68 125 1.9 115 1.9 0 0 0 0 105 4.1 - - 0 0 0 0 0 0 - -
2014-6-11 21:00:0023.8 17.4 24.7 23.8 - 0 67 61 111 1.9 94 2.4 0 0 0 0 83 4.4 - - 0 0 0 0 0 0 - -
2014-6-11 20:00:0024.7 16.7 25.6 24.7 - 0 61 55 99 2.6 93 2.3 0 0 0 0 97 4 - - 0 0 0 0 0 0 - -
2014-6-11 19:00:0025.6 16 26.7 25.6 - 0 55 51 97 2.6 101 2.3 0 0 0 0 63 4.3 - - 0 0 0 0 0 0 - -
2014-6-11 18:00:0026.7 15.8 27.9 26.7 - 0 51 45 57 3.1 85 2.8 0 0 0 0 116 4.4 - - 0 0 0 0 0 0 - -
2014-6-11 17:00:0027.8 14.9 28.1 27.6 - 0 45 44 113 1.2 111 2.3 0 0 0 0 119 4.4 - - 0 0 0 0 0 0 - -
2014-6-11 16:00:0027.9 14.8 28.6 27.4 - 0 45 44 139 2.2 108 2.9 0 0 97 0.3 83 5.4 - - 0 0 0 0 0 0 - -
2014-6-11 15:00:0027.7 15.3 28.2 27.5 - 0 47 45 83 4.2 107 3.9 105 0.4 78 1 46 6.1 - - 0 0 0 0 0 0 - -
2014-6-11 14:00:0028.1 15.4 28.2 27.1 - 0 46 44 80 3.2 79 4.1 89 0.4 60 0.7 102 6.5 - - 0 0 0 0 0 0 - -
2014-6-11 13:00:0027.3 14.8 27.5 26.4 - 0 46 46 91 0 40 1.9 0 0 76 1.2 91 6 - - 0 0 0 0 0 0 - -
2014-6-11 12:00:0026.7 15.5 27 26 - 0 50 48 57 4.7 58 4.7 73 0.1 98 0.8 83 6.5 - - 0 0 0 0 0 0 - -
2014-6-11 11:00:0026.4 15.5 26.4 25.5 - 0 51 51 99 3.6 105 2.7 0 0 115 1.5 130 7.7 - - 0 0 0 0 0 0 - -
2014-6-11 10:00:0025.7 16.9 26.1 25 - 0 58 53 142 6 116 3.9 102 1.2 112 2 102 6.5 - - 0 0 0 0 0 0 - -
2014-6-11 9:00:0025 16.5 25 23.7 - 0 59 59 66 3.4 96 4 103 0.7 85 1.2 60 6.3 - - 0 0 0 0 0 0 - -
2014-6-11 8:00:0023.6 17.4 23.6 22.5 - 0 68 68 83 2.5 105 3.6 78 0.2 80 0.8 52 5.3 - - 0 0 0 0 0 0 - -
2014-6-11 7:00:0022.5 17.7 22.5 21.7 - 0 74 74 116 2.6 101 2.5 0 0 0 0 94 4.9 - - 0 0 0 0 0 0 - -
2014-6-11 6:00:0021.7 18.5 21.7 21.2 - 0 82 82 80 0 0 0 0 0 0 0 97 2.9 - - 0 0 0 0 0 0 - -
2014-6-11 5:00:0021.3 18.6 21.4 21.3 - 0 85 84 97 0 0 0 0 0 0 0 83 2.9 - - 0 0 0 0 0 0 - -
2014-6-11 4:00:0021.5 18.7 21.9 21.5 - 0 84 82 105 0 0 0 0 0 0 0 74 3.3 - - 0 0 0 0 0 0 - -
2014-6-11 3:00:0021.9 18.7 22.2 21.9 - 0 82 79 71 0 74 0.9 0 0 0 0 66 4.2 - - 0 0 0 0 0 0 - -
2014-6-11 2:00:0022.2 18.5 22.3 22.2 - 0 79 78 68 0 0 0 0 0 73 0.5 71 4.1 - - 0 0 0 0 0 0 - -
2014-6-11 1:00:0022.2 18.6 22.6 22.2 - 0 80 78 60 2.2 60 2.2 54 0.3 60 0.5 66 3.7 - - 0 0 0 0 0 0 - -
2014-6-11 00:00:0022.5 18.6 22.5 22.4 - 0 79 78 108 1.7 89 0.9 0 0 0 0 80 2.4 - - 0 0 0 0 0 0 - -
2014-6-10 23:00:0022.5 18.5 22.5 22.2 - 0 78 75 97 0 0 0 0 0 0 0 91 3 - - 0 0 0 0 0 0 - -
2014-6-10 22:00:0022.3 17.6 22.6 22.3 - 0 75 72 97 0 0 0 0 0 89 0.2 97 3.2 - - 0 0 0 0 0 0 - -
2014-6-10 21:00:0022.6 17.2 23 22.6 - 0 72 68 94 2.9 93 2.7 91 0.2 95 1.3 111 5.1 - - 0 0 0 0 0 0 - -
2014-6-10 20:00:0023 16.7 23.6 23 - 0 67 64 83 2.5 96 2.8 97 0.7 93 1.8 83 6.3 - - 0 0 0 0 0 0 - -
2014-6-10 19:00:0023.6 16.3 24.8 23.6 - 0 64 59 99 3.4 98 4.2 93 1.9 90 2.5 94 7.1 - - 0 0 0 0 0 0 - -
2014-6-10 18:00:0024.8 16 26.2 24.8 - 0 58 54 125 4 116 4.4 110 1.9 96 2.9 85 7.4 - - 0 0 0 0 0 0 - -
2014-6-10 17:00:0026.2 16.3 27.5 26.2 - 0 54 47 122 5.2 100 5.1 99 2.4 99 2.4 108 7.7 - - 0 0 0 0 0 0 - -
2014-6-10 16:00:0027.5 15.2 28.5 27.5 - 0 47 46 74 4.6 79 5.3 84 2.2 74 2.3 97 7.3 - - 0 0 0 0 0 0 - -
2014-6-10 15:00:0028.5 16 28.9 27.8 - 0 47 46 71 4.3 69 4.6 79 1.6 79 2.3 108 7.3 - - 0 0 0 0 0 0 - -
2014-6-10 14:00:0027.8 17 28.4 27.7 - 0 52 50 97 3.4 100 3.8 83 1.2 95 2.2 60 7.9 - - 0 0 0 0 0 0 - -
2014-6-10 13:00:0027.8 17.4 28.4 27.7 - 0 53 49 71 5.6 80 3.5 74 1.7 81 2 63 7 - - 0 0 0 0 0 0 - -
2014-6-10 12:00:0027.7 17.1 27.7 25.9 - 0 52 52 139 3.1 129 3 111 0.8 83 1.4 52 6.7 - - 0 0 0 0 0 0 - -
2014-6-10 11:00:0025.9 17.8 26.2 24.8 - 0 61 60 57 3.5 77 3.3 77 0.8 92 1.1 119 6.2 - - 0 0 0 0 0 0 - -
2014-6-10 10:00:0024.8 18.4 24.9 23 - 0 67 67 71 3.4 104 3.5 97 0.8 116 1.3 130 5.8 - - 0 0 0 0 0 0 - -
2014-6-10 9:00:0023.1 18.5 23.2 22.3 - 0 75 75 91 2.9 93 3.4 105 0.8 100 1.5 97 5.5 - - 0 0 0 0 0 0 - -
2014-6-10 8:00:0022.3 18.6 22.4 22.2 - 0 79 78 102 3.2 115 3.6 101 1.2 102 1.7 97 6 - - 0 0 0 0 0 0 - -
2014-6-10 7:00:0022.2 18.8 22.2 21.7 - 0 81 81 91 3.8 102 3.3 99 0.2 99 0.2 111 4.9 - - 0 0 0 0 0 0 - -
2014-6-10 6:00:0021.7 18.5 21.7 21.5 - 0 82 80 102 2.2 104 1.9 0 0 97 0.3 97 4.1 - - 0 0 0 0 0 0 - -
2014-6-10 5:00:0021.5 17.9 21.5 21.5 - 0 80 78 66 2.7 64 2.7 0 0 129 0.1 150 3.7 - - 0 0 0 0 0 0 - -
2014-6-10 4:00:0021.5 17.5 21.6 21.4 - 0 78 77 119 0 0 0 0 0 140 1.1 142 3.8 - - 0 0 0 0 0 0 - -
2014-6-10 3:00:0021.6 17.3 21.6 21.5 - 0 77 75 99 0 112 0.3 101 1 112 2.3 142 3.8 - - 0 0 0 0 0 0 - -
2014-6-10 2:00:0021.6 17 21.7 21.6 - 0 75 74 122 2.6 108 2.1 106 2 123 2.8 130 4 - - 0 0 0 0 0 0 - -
2014-6-10 1:00:0021.7 17 22.1 21.7 - 0 74 74 119 1.9 125 2 132 2.2 149 3 156 3.8 - - 0 0 0 0 0 0 - -
2014-6-10 00:00:0022.1 17.4 22.1 21.9 - 0 75 74 142 2.9 142 2.5 134 2.4 133 2.9 150 5.5 - - 0 0 0 0 0 0 - -
2014-6-9 23:00:0022 17.5 22.4 22 - 0 75 73 142 2.1 133 2.5 127 1.6 125 2.7 139 4.8 - - 0 0 0 0 0 0 - -
2014-6-9 22:00:0022.4 17.2 22.9 22.4 - 0 73 70 116 3 109 2.5 119 2.3 132 3.9 139 6.6 - - 0 0 0 0 0 0 - -
2014-6-9 21:00:0022.9 17.3 23.3 22.9 - 0 71 69 105 2.3 118 3.1 119 3.4 129 4.3 113 7.4 - - 0 0 0 0 0 0 - -
2014-6-9 20:00:0023.3 17.3 23.9 23.3 - 0 69 64 102 4.2 115 4.1 120 3.3 117 4 113 6.8 - - 0 0 0 0 0 0 - -
2014-6-9 19:00:0024 16.8 25.2 24 - 0 64 59 130 3.7 125 3.4 122 3.4 117 4.5 116 8.2 - - 0 0 0 0 0 0 - -
2014-6-9 18:00:0025.2 16.5 26.3 25.1 - 0 59 54 97 3.8 108 4.6 109 3.9 119 4.9 122 8.6 - - 0 0 0 0 0 0 - -
2014-6-9 17:00:0026.4 16.3 27.5 26 - 0 54 51 128 5.2 117 4.7 116 4.2 130 4.9 156 7.7 - - 0 0 0 0 0 0 - -
2014-6-9 16:00:0027.2 16.4 28.4 27.2 - 0 51 48 119 4.4 127 4.6 134 4.2 123 4.6 108 7.5 - - 0 0 0 0 0 0 - -
2014-6-9 15:00:0028.4 16.3 29 28.2 - 0 48 45 142 3.2 129 4.2 143 4.3 146 5.1 153 8.2 - - 0 0 0 0 0 0 - -
2014-6-9 14:00:0028.5 15.8 29 28.5 - 0 46 45 153 4 131 4.4 125 3.4 121 3.9 136 7.4 - - 0 0 0 0 0 0 - -
2014-6-9 13:00:0028.6 16 28.8 27.3 - 0 46 45 133 2.8 136 3.4 118 3.1 140 3.5 130 7 - - 0 0 0 0 0 0 - -
2014-6-9 12:00:0027.3 15.5 27.8 27.1 - 0 49 47 161 2.3 130 2.6 105 2.6 106 3.3 128 6.5 - - 0 0 0 0 0 0 - -
2014-6-9 11:00:0027.2 16 27.2 25.4 - 0 50 49 119 3.5 161 3.5 140 3.1 138 3.1 181 6.2 - - 0 0 0 0 0 0 - -
2014-6-9 10:00:0025.4 15.8 25.8 24 - 0 55 54 83 1.2 110 2.6 104 2.2 139 3.5 150 6.5 - - 0 0 0 0 0 0 - -
2014-6-9 9:00:0024 16.1 24 23 - 0 61 60 142 4 138 4.1 137 3.1 146 4 142 6.5 - - 0 0 0 0 0 0 - -
2014-6-9 8:00:0023 16.6 23 22.2 - 0 67 67 139 3.8 133 3.6 146 3.1 160 3.7 156 6.2 - - 0 0 0 0 0 0 - -
2014-6-9 7:00:0022.2 17.1 22.2 21.3 - 0 73 72 175 2.6 149 3.6 151 2.9 147 3.1 142 5.7 - - 0 0 0 0 0 0 - -
2014-6-9 6:00:0021.2 17.5 21.2 20.6 - 0 79 79 142 3.1 141 3 141 2 141 2 144 3.7 - - 0 0 0 0 0 0 - -
2014-6-9 5:00:0020.7 17.4 21 20.7 - 0 81 79 111 2.1 116 2.2 117 1.3 135 2.5 105 3.5 - - 0 0 0 0 0 0 - -
2014-6-9 4:00:0021 17.2 21.1 21 - 0 79 79 130 1.5 136 1.9 136 2.5 131 3.3 142 5 - - 0 0 0 0 0 0 - -
2014-6-9 3:00:0021 17.2 21.2 21 - 0 79 77 97 1.1 106 1.3 109 2 124 2.3 136 2.9 - - 0 0 0 0 0 0 - -
2014-6-9 2:00:0021.1 17 21.5 21.1 - 0 78 76 119 1.2 124 1.5 119 1.6 150 2.7 175 4.1 - - 0 0 0 0 0 0 - -
2014-6-9 1:00:0021.5 17.1 21.6 21.4 - 0 76 75 156 3 152 2.3 148 2.6 148 3.1 156 4.9 - - 0 0 0 0 0 0 - -
2014-6-9 00:00:0021.6 17 22.2 21.6 - 0 75 72 144 3.1 143 2.6 147 2.7 130 3.4 142 5.4 - - 0 0 0 0 0 0 - -
2014-6-8 23:00:0022.2 16.9 22.6 22.2 - 0 72 70 119 2.9 124 2.1 124 2.9 143 4.1 133 5.9 - - 0 0 0 0 0 0 - -
2014-6-8 22:00:0022.6 16.9 23 22.6 - 0 70 70 139 3.5 143 2.9 149 3.2 132 4.3 156 6 - - 0 0 0 0 0 0 - -
2014-6-8 21:00:0023 17.3 23.5 23 - 0 70 70 150 2.6 144 3.9 140 4.1 138 4.2 133 5.9 - - 0 0 0 0 0 0 - -
2014-6-8 20:00:0023.5 17.6 24.2 23.5 - 0 70 67 122 3.7 121 3.8 126 3.6 121 4.1 119 5.9 - - 0 0 0 0 0 0 - -
2014-6-8 19:00:0024.2 17.8 25.4 24.2 - 0 67 64 105 3.9 114 3.6 117 4 118 4.7 111 6.7 - - 0 0 0 0 0 0 - -
2014-6-8 18:00:0025.4 18 26.6 25.4 - 0 64 61 111 3.7 116 4.1 118 4.4 123 5.1 125 7.6 - - 0 0 0 0 0 0 - -
2014-6-8 17:00:0026.6 18.5 28.1 26.6 - 0 61 55 74 4.2 103 4.6 112 4.1 118 4.6 122 6.8 - - 0 0 0 0 0 0 - -
2014-6-8 16:00:0028.1 18.2 28.6 28 - 0 55 50 125 4 123 3.6 114 3 126 3.6 130 5.6 - - 0 0 0 0 0 0 - -
2014-6-8 15:00:0028.5 17.2 28.8 28.2 - 0 51 49 173 1.3 160 1.7 124 1.6 119 2.7 113 4.6 - - 0 0 0 0 0 0 - -
2014-6-8 14:00:0028.5 17.3 28.7 28 - 0 51 49 153 1.6 150 2 140 2.4 139 2.5 130 4.9 - - 0 0 0 0 0 0 - -
2014-6-8 13:00:0028.5 17.1 28.5 27.6 - 0 50 50 122 2.9 135 2.9 187 1.6 150 2.9 133 4.6 - - 0 0 0 0 0 0 - -
2014-6-8 12:00:0027.6 17.7 27.7 26.7 - 0 55 54 150 1.6 149 2 153 2.8 100 3.1 144 5.2 - - 0 0 0 0 0 0 - -
2014-6-8 11:00:0026.7 18 26.7 25.8 - 0 59 59 142 2 94 1 121 2.4 125 2.9 122 4.6 - - 0 0 0 0 0 0 - -
2014-6-8 10:00:0025.8 18.7 25.8 24.5 - 0 65 65 150 1.4 163 1.4 152 2 150 2.8 158 3.6 - - 0 0 0 0 0 0 - -
2014-6-8 9:00:0024.5 19.4 24.5 24.1 - 0 73 73 128 2.4 137 2.2 151 2.9 147 3.1 161 4 - - 0 0 0 0 0 0 - -
2014-6-8 8:00:0024.2 19.8 24.4 23.5 - 0 76 76 274 0 191 0.5 171 1.6 157 1.8 153 3.4 - - 0 0 0 0 0 0 - -
2014-6-8 7:00:0023.6 20.3 23.6 22.8 - 0 82 82 189 1.4 164 0.8 138 1 137 1.6 144 2.9 - - 0 0 0 0 0 0 - -
2014-6-8 6:00:0022.8 20 22.8 22.8 - 0 84 83 175 1.1 111 1.7 113 1.5 113 1.5 116 3.1 - - 0 0 0 0 0 0 - -
2014-6-8 5:00:0022.8 19.8 22.8 22.7 - 0 83 83 83 0 0 0 80 1.4 86 1.9 80 2.7 - - 0 0 0 0 0 0 - -
2014-6-8 4:00:0022.7 19.8 23 22.7 - 0 84 82 94 0 0 0 99 1.4 99 1.4 125 0.4 - - 0 0 0 0 0 0 - -
2014-6-8 3:00:0023 19.9 23.4 23 - 0 82 81 153 0 0 0 154 1.4 151 1.5 147 2 - - 0 0 0 0 0 0 - -
2014-6-8 2:00:0023.4 19.9 23.5 23.4 - 0 81 80 153 0 0 0 157 1.5 169 1.7 161 2.5 - - 0 0 0 0 0 0 - -
2014-6-8 1:00:0023.4 19.9 23.8 23.4 - 0 80 79 156 0 0 0 170 1.5 168 2.1 150 3.1 - - 0 0 0 0 0 0 - -
2014-6-8 00:00:0023.8 19.9 24.4 23.8 - 0 79 76 164 2 166 1.9 172 0.5 165 1.4 170 4.1 - - 0 0 0 0 0 0 - -
2014-6-7 23:00:0024.4 19.8 25.1 24.4 - 0 76 69 164 1.7 161 2.4 170 1 167 1.3 170 4.1 - - 0 0 0 0 0 0 - -
2014-6-7 22:00:0025.1 18.9 25.6 25.1 - 0 68 63 158 1.4 153 1.3 0 0 118 1.2 111 3.9 - - 0 0 0 0 0 0 - -
2014-6-7 21:00:0025.6 18.1 26.1 25.6 - 0 63 63 116 3.1 115 3 115 1 115 1 128 4.4 - - 0 0 0 0 0 0 - -
2014-6-7 20:00:0026.1 18.5 27.2 26.1 - 0 63 62 128 1.7 110 3 107 1 118 1.6 99 4.7 - - 0 0 0 0 0 0 - -
2014-6-7 19:00:0027.3 19.4 28.6 27.3 - 0 62 51 99 3.1 122 3.1 114 0.9 120 1.4 99 4.7 - - 0 0 0 0 0 0 - -
2014-6-7 18:00:0028.6 17.6 29.5 28.6 - 0 51 46 113 2.5 104 2.2 103 0.7 89 1.5 119 4.7 - - 0 0 0 0 0 0 - -
2014-6-7 17:00:0029.4 16.6 30 29.3 - 0 46 46 63 2.5 79 2.8 89 1.5 77 2.4 83 5.9 - - 0 0 0 0 0 0 - -
2014-6-7 16:00:0030 17.4 31 30 - 0 47 44 91 3.7 71 3.4 78 1.7 78 1.7 83 5.6 - - 0 0 0 0 0 0 - -
2014-6-7 15:00:0030.9 17.7 31.1 30.6 - 0 45 42 94 2.8 98 2.4 85 1 98 1.6 122 5.2 - - 0 0 0 0 0 0 - -
2014-6-7 14:00:0031.1 17.5 31.2 30.1 - 0 44 43 119 3.2 123 3.8 103 0.6 96 1.2 125 4.7 - - 0 0 0 0 0 0 - -
2014-6-7 13:00:0030.4 18 31.2 29.5 - 0 47 41 128 2.9 112 3.1 0 0 118 0.6 119 5.2 - - 0 0 0 0 0 0 - -
2014-6-7 12:00:0030 17.7 30 29.1 - 0 48 45 293 1.6 306 0.6 0 0 0 0 116 3.4 - - 0 0 0 0 0 0 - -
2014-6-7 11:00:0029.1 17 29.2 27.9 - 0 48 48 164 1.3 95 1.9 0 0 140 0.1 60 3.1 - - 0 0 0 0 0 0 - -
2014-6-7 10:00:0027.8 17.9 27.8 26 - 0 55 55 133 0 151 1.5 0 0 170 1.1 161 3.9 - - 0 0 0 0 0 0 - -
2014-6-7 9:00:0026 19.1 26 24.7 - 0 65 65 153 2 167 2.9 179 0.6 174 0.6 164 4 - - 0 0 0 0 0 0 - -
2014-6-7 8:00:0024.8 19.2 24.8 23.2 - 0 71 71 195 2.4 179 2.3 0 0 142 0.3 142 3.8 - - 0 0 0 0 0 0 - -
2014-6-7 7:00:0023.2 19.3 23.2 21.8 - 0 79 79 173 1.9 155 2.2 0 0 0 0 144 3 - - 0 0 0 0 0 0 - -
2014-6-7 6:00:0021.8 19.2 21.8 21.4 - 0 85 85 111 0 0 0 0 0 0 0 119 1.3 - - 0 0 0 0 0 0 - -
2014-6-7 5:00:0021.4 18.8 21.7 21.4 - 0 85 84 128 0 0 0 0 0 0 0 133 1.9 - - 0 0 0 0 0 0 - -
2014-6-7 4:00:0021.7 18.8 21.7 21.6 - 0 84 83 150 1.1 145 1.5 0 0 149 0.2 156 3.2 - - 0 0 0 0 0 0 - -
2014-6-7 3:00:0021.6 18.7 21.9 21.6 - 0 84 80 139 0 0 0 147 0 147 0 139 0 - - 0 0 0 0 0 0 - -
2014-6-7 2:00:0021.9 18.4 22.1 21.9 - 0 80 77 142 0 0 0 135 0 135 0 105 1.7 - - 0 0 0 0 0 0 - -
2014-6-7 1:00:0022.1 17.9 22.3 22.1 - 0 77 74 142 0 0 0 138 0 138 0 128 1.6 - - 0 0 0 0 0 0 - -
2014-6-7 00:00:0022.3 17.5 22.4 22.3 - 0 74 74 99 0 0 0 0 0 0 0 128 2.7 - - 0 0 0 0 0 0 - -
2014-6-6 23:00:0022.4 18.1 22.7 22.4 - 0 77 76 119 1.7 125 1.9 0 0 0 0 113 2.9 - - 0 0 0 0 0 0 - -
2014-6-6 22:00:0022.8 18.4 23.3 22.8 - 0 76 72 128 2.4 127 2 0 0 0 0 108 4.1 - - 0 0 0 0 0 0 - -
2014-6-6 21:00:0023.3 18 23.6 23.3 - 0 72 72 99 2.5 112 3.1 0 0 111 0.2 99 5.6 - - 0 0 0 0 0 0 - -
2014-6-6 20:00:0023.6 18.3 24.3 23.6 - 0 72 69 133 2.5 126 2.7 0 0 122 1.3 130 6.7 - - 0 0 0 0 0 0 - -
2014-6-6 19:00:0024.3 18.1 25.3 24.3 - 0 68 63 125 5.9 120 4 121 0.8 92 1.7 139 7 - - 0 0 0 0 0 0 - -
2014-6-6 18:00:0025.3 17.7 27.1 25.3 - 0 63 55 105 5.2 91 5.3 91 1.7 91 1.7 85 7.1 - - 0 0 0 0 0 0 - -
2014-6-6 17:00:0027.1 17.2 28.6 26.9 - 0 55 48 85 3.9 89 3.9 97 1 82 1.1 97 6.4 - - 0 0 0 0 0 0 - -
2014-6-6 16:00:0028.1 16.3 28.7 28 - 0 49 48 128 2.9 135 2.7 0 0 107 0.6 113 6.2 - - 0 0 0 0 0 0 - -
2014-6-6 15:00:0028.4 16.7 29 28.3 - 0 49 43 83 2.9 100 3.1 0 0 87 0.4 74 5.6 - - 0 0 0 0 0 0 - -
2014-6-6 14:00:0028.8 15.5 29.3 28.4 - 0 44 42 99 2.3 107 2.5 0 0 87 0.5 108 6.7 - - 0 0 0 0 0 0 - -
2014-6-6 13:00:0029 15.1 29.2 28.3 - 0 43 42 91 4 66 3.9 0 0 50 0.3 91 6.2 - - 0 0 0 0 0 0 - -
2014-6-6 12:00:0028.5 14.8 28.5 27.5 - 0 43 43 63 2.8 60 2.6 0 0 66 0.2 71 5.8 - - 0 0 0 0 0 0 - -
2014-6-6 11:00:0027.6 16.2 27.7 26.3 - 0 50 49 49 2 55 2.9 0 0 99 0.5 105 5.8 - - 0 0 0 0 0 0 - -
2014-6-6 10:00:0026.4 17.5 26.4 25.1 - 0 58 58 128 2.8 119 2.4 0 0 0 0 119 3.9 - - 0 0 0 0 0 0 - -
2014-6-6 9:00:0025.1 17.6 25.3 23.9 - 0 63 62 119 0 0 0 0 0 0 0 178 3.5 - - 0 0 0 0 0 0 - -
2014-6-6 8:00:0023.9 17.4 24 22.4 - 0 67 67 142 0.8 170 1.2 0 0 126 0.3 128 3.4 - - 0 0 0 0 0 0 - -
2014-6-6 7:00:0022.5 18 22.8 21 - 0 75 75 128 2.6 125 2.4 123 0.3 87 0.3 94 3.4 - - 0 0 0 0 0 0 - -
2014-6-6 6:00:0021 18.3 21 20.2 - 0 85 85 105 0 0 0 0 0 0 0 85 2.6 - - 0 0 0 0 0 0 - -
2014-6-6 5:00:0020.2 18.1 20.3 20.2 - 0 87 86 94 0 0 0 0 0 0 0 94 0 - - 0 0 0 0 0 0 - -
2014-6-6 4:00:0020.3 17.8 20.5 20.3 - 0 86 85 40 0 0 0 0 0 0 0 40 0 - - 0 0 0 0 0 0 - -
2014-6-6 3:00:0020.5 17.9 20.8 20.5 - 0 85 82 173 0 0 0 0 0 0 0 173 2.6 - - 0 0 0 0 0 0 - -
2014-6-6 2:00:0020.8 17.6 21 20.8 - 0 82 78 218 0 0 0 0 0 0 0 226 2.3 - - 0 0 0 0 0 0 - -
2014-6-6 1:00:0021 17.1 21.4 21 - 0 78 76 192 0 0 0 0 0 186 0.2 220 2.6 - - 0 0 0 0 0 0 - -
2014-6-6 00:00:0021.4 17.1 22 21.4 - 0 76 76 175 1.7 171 0.7 0 0 172 0.5 218 3.3 - - 0 0 0 0 0 0 - -
2014-6-5 23:00:0022 17.6 22.5 22 - 0 76 74 175 2 169 2 176 0.6 182 0.9 156 4.1 - - 0 0 0 0 0 0 - -
2014-6-5 22:00:0022.5 17.7 23.2 22.5 - 0 75 73 195 1.6 187 2.1 0 0 172 0.2 170 3.3 - - 0 0 0 0 0 0 - -
2014-6-5 21:00:0023.1 18 23.6 23.1 - 0 73 70 119 0 0 0 0 0 127 0.5 128 2.9 - - 0 0 0 0 0 0 - -
2014-6-5 20:00:0023.6 17.9 24.8 23.6 - 0 70 61 142 1.7 122 1.7 125 0.5 126 1.4 125 4.7 - - 0 0 0 0 0 0 - -
2014-6-5 19:00:0024.8 16.7 25.7 24.8 - 0 61 57 60 2.3 72 3.1 76 1.4 76 1.4 80 3.8 - - 0 0 0 0 0 0 - -
2014-6-5 18:00:0025.7 16.5 26.4 25.7 - 0 57 55 111 2.5 100 2 99 0.8 101 1.8 125 4.9 - - 0 0 0 0 0 0 - -
2014-6-5 17:00:0026.2 16.8 27 26.2 - 0 56 52 85 2.9 87 3 95 1.6 105 2.2 97 4.9 - - 0 0 0 0 0 0 - -
2014-6-5 16:00:0026.7 16.6 27.1 26.4 - 0 54 52 21 1.7 42 1.1 63 1.5 94 2.3 108 4.6 - - 0 0 0 0 0 0 - -
2014-6-5 15:00:0027.2 16.5 27.3 26.6 - 0 52 51 102 3.7 94 4 77 1.9 61 1.9 97 5.5 - - 0 0 0 0 0 0 - -
2014-6-5 14:00:0026.7 16.7 26.7 26 - 0 54 53 57 1.3 61 2.5 59 1.2 80 2.4 85 5.7 - - 0 0 0 0 0 0 - -
2014-6-5 13:00:0026.3 16.2 26.8 24.6 - 0 54 54 49 1.7 65 2.8 34 1.6 66 2.2 88 6 - - 0 0 0 0 0 0 - -
2014-6-5 12:00:0024.6 16.4 24.7 23.3 - 0 60 60 85 1.3 88 2.2 34 1.5 46 2.4 52 4.6 - - 0 0 0 0 0 0 - -
2014-6-5 11:00:0023.5 16.7 23.5 22.5 - 0 66 66 38 2.6 32 2.7 24 1.8 48 2.5 18 5.7 - - 0 0 0 0 0 0 - -
2014-6-5 10:00:0022.5 16.6 22.5 21.3 - 0 69 69 49 2.8 48 2.8 50 2.5 72 3 71 5.2 - - 0 0 0 0 0 0 - -
2014-6-5 9:00:0021.3 16.9 21.4 21 - 0 76 76 49 2.3 49 2.4 54 1.7 59 2.7 40 4.2 - - 0 0 0 0 0 0 - -
2014-6-5 8:00:0021.3 17.3 21.4 20.8 - 0 78 77 83 2.6 67 1.9 43 1.2 51 1.9 12 4 - - 0 0 0 0 0 0 - -
2014-6-5 7:00:0020.9 17.6 20.9 20.2 - 0 82 82 23 1.3 355 1.3 355 0.6 5 0.9 15 2.8 - - 0 0 0 0 0 0 - -
2014-6-5 6:00:0020.2 17.8 20.2 19.9 - 0 86 86 18 0 0 0 344 0.3 300 0.8 310 2.8 - - 0 0 0 0 0 0 - -
2014-6-5 5:00:0019.9 17.8 19.9 19.6 - 0 88 88 330 0 0 0 313 0.6 327 0.7 327 1.9 - - 0 0 0 0 0 0 - -
2014-6-5 4:00:0019.6 17.7 19.6 19.4 - 0 89 88 336 0 0 0 299 0.7 299 0.7 285 1.7 - - 0 0 0 0 0 0 - -
2014-6-5 3:00:0019.4 17.5 19.4 19 - 0 89 89 319 0 0 0 304 0.7 304 0.7 319 0 - - 0 0 0 0 0 0 - -
2014-6-5 2:00:0019 17.1 19.6 19 - 0 89 84 330 0 0 0 330 0.7 297 0.7 296 1.9 - - 0 0 0 0 0 0 - -
2014-6-5 1:00:0019.7 16.9 20.2 19.7 - 0 84 81 310 0 0 0 354 0.7 19 1.1 12 2.2 - - 0 0 0 0 0 0 - -
2014-6-5 00:00:0020.2 16.9 20.7 20.2 - 0 81 79 38 0 26 0.5 20 1.1 41 2.5 54 4 - - 0 0 0 0 0 0 - -
2014-6-4 23:00:0020.8 17 21.4 20.8 - 0 79 77 40 1.7 22 2.3 31 2.1 45 2.8 15 4.7 - - 0 0 0 0 0 0 - -
2014-6-4 22:00:0021.4 17.2 22.2 21.4 - 0 77 71 60 2.2 62 2.3 64 2.4 62 2.6 71 4.1 - - 0 0 0 0 0 0 - -
2014-6-4 21:00:0022.2 16.6 22.9 22.2 - 0 71 65 319 0 0 0 339 1.1 22 2 350 3.2 - - 0 0 0 0 0 0 - -
2014-6-4 20:00:0022.9 16 23.5 22.9 - 0 65 62 7 2 29 1.6 29 1.7 21 2.4 1 4.1 - - 0 0 0 0 0 0 - -
2014-6-4 19:00:0023.5 15.9 23.8 23.5 - 0 62 61 26 2.8 24 2.5 27 2.2 5 2.8 23 5.2 - - 0 0 0 0 0 0 - -
2014-6-4 18:00:0023.8 15.8 24.2 23.8 - 0 61 58 1 3.8 351 2.4 349 2.2 4 2.7 344 4.4 - - 0 0 0 0 0 0 - -
2014-6-4 17:00:0024.2 15.6 24.6 24.2 - 0 58 55 350 3.2 1 2.5 5 2.1 2 3.6 4 6.2 - - 0 0 0 0 0 0 - -
2014-6-4 16:00:0024.4 15.3 24.4 23.9 - 0 57 56 350 1.9 32 2.4 12 3.1 19 3.9 1 5.5 - - 0 0 0 0 0 0 - -
2014-6-4 15:00:0023.9 15.1 24.6 23.8 - 0 58 54 26 4.4 2 4.1 22 4 22 4 46 6.3 - - 0 0 0 0 0 0 - -
2014-6-4 14:00:0024.3 15.1 24.4 22.6 - 0 57 57 330 3.5 335 3.3 352 2.9 13 3.4 358 6.1 - - 0 0 0 0 0 0 - -
2014-6-4 13:00:0022.6 15.9 23.6 22.6 - 0 66 61 353 2.6 21 3.1 23 2.9 47 4.4 60 7.2 - - 0 0 0 0 0 0 - -
2014-6-4 12:00:0023.6 15.7 23.8 23.1 - 0 61 61 1 4.1 24 3.3 18 3.6 10 4.5 38 7.6 - - 0 0 0 0 0 0 - -
2014-6-4 11:00:0023.1 15.6 23.5 23 - 0 63 58 9 5 19 4.5 10 4.5 10 4.5 15 7.8 - - 0 0 0 0 0 0 - -
2014-6-4 10:00:0023.3 15 23.6 23.1 - 0 60 58 15 1.7 359 2.6 351 3.2 341 4.3 299 7.4 - - 0 0 0 0 0 0 - -
2014-6-4 9:00:0023.1 15.1 23.1 21.9 - 0 61 60 350 5.4 7 4.1 4 4 351 4.7 336 8.2 - - 0 0 0 0 0 0 - -
2014-6-4 8:00:0021.9 15.3 22.3 21.5 - 0 66 65 344 5.2 342 4.2 345 4 345 4.1 341 7.5 - - 0 0 0 0 0 0 - -
2014-6-4 7:00:0021.5 15.8 21.5 20 - 0 70 70 344 1.9 346 2.1 342 2.3 325 2.7 322 4.6 - - 0 0 0 0 0 0 - -
2014-6-4 6:00:0020 15.9 20 19.4 - 0 77 77 322 0 320 0.7 320 1.6 319 1.9 322 3.8 - - 0 0 0 0 0 0 - -
2014-6-4 5:00:0019.4 15.8 19.6 19.2 - 0 80 78 324 2.6 320 2.1 317 1.9 317 1.9 324 3.2 - - 0 0 0 0 0 0 - -
2014-6-4 4:00:0019.6 15.7 19.7 19.4 - 0 78 78 327 2.2 322 1.4 326 1.2 321 1.8 330 4 - - 0 0 0 0 0 0 - -
2014-6-4 3:00:0019.5 15.7 19.6 19.4 - 0 79 78 310 0 314 1.9 313 1.8 317 2.2 322 4 - - 0 0 0 0 0 0 - -
2014-6-4 2:00:0019.6 15.8 19.7 19.6 - 0 79 78 324 2.2 322 2.5 320 2 313 2.2 308 4.1 - - 0 0 0 0 0 0 - -
2014-6-4 1:00:0019.7 15.8 19.8 19.7 - 0 78 78 277 1.9 304 1.9 304 1.7 301 2.2 341 4.3 - - 0 0 0 0 0 0 - -
2014-6-4 00:00:0019.8 15.8 20.1 19.8 - 0 78 77 285 2.2 301 1.6 301 0.9 297 1.4 305 3.8 - - 0 0 0 0 0 0 - -
2014-6-3 23:00:0020.1 16 20.1 20 - 0.1 77 77 313 1.1 302 1.8 300 1.3 296 1.4 285 3.2 - - 0 0 0 0 0 0 - -
2014-6-3 22:00:0020.1 16 20.2 20.1 - 0 77 77 308 1.6 327 1 318 0.7 327 1.3 350 4 - - 0 0 0 0 0 0 - -
2014-6-3 21:00:0020.2 16.1 20.2 20.2 - 0 77 76 344 1.2 332 1.6 335 0.7 332 1.7 341 4.2 - - 0 0 0 0 0 0 - -
2014-6-3 20:00:0020.2 16 20.3 20 - 0 77 76 319 1.6 342 2.3 340 1.8 335 2.7 347 6.1 - - 0 0 0 0 0 0 - -
2014-6-3 19:00:0020 16.5 20.6 19.9 - 0 80 77 285 2.8 338 2.3 339 2.2 4 2.8 15 7.5 - - 0 0 0 0 0 0 - -
2014-6-3 18:00:0020.5 16.7 20.5 19.8 - 0 79 79 353 2.5 341 2 338 1.6 323 1.9 310 4.8 - - 0 0 0 0 0 0 - -
2014-6-3 17:00:0019.8 17.4 20.6 19.7 - 0.1 86 80 310 1.7 317 1.7 323 1.3 334 2.8 324 5.8 - - 0 0 0 0 0 0 - -
2014-6-3 16:00:0020.2 17 22.7 20.2 - 0.3 81 61 344 1.9 345 2.2 339 1.6 330 3.9 310 8.1 - - 0 0 0 0 0 0 - -
2014-6-3 15:00:0022.7 15 22.8 22.3 - 0 62 61 299 2.2 310 3.2 310 3 320 3.5 299 7.6 - - 0 0 0 0 0 0 - -
2014-6-3 14:00:0022.3 14.8 22.4 22.1 - 0 62 60 338 3.2 317 2.9 320 2.4 318 3.6 305 7.9 - - 0 0 0 0 0 0 - -
2014-6-3 13:00:0022.5 14.5 23.3 22.3 - 0 61 58 308 4 327 3.2 326 2.8 325 3.9 310 7.3 - - 0 0 0 0 0 0 - -
2014-6-3 12:00:0022.5 14.2 23 22.4 - 0 60 56 285 3.7 315 3 324 2.9 323 3.9 299 7.9 - - 0 0 0 0 0 0 - -
2014-6-3 11:00:0022.5 14.5 22.6 21.7 - 0 61 61 344 3.4 307 4.1 309 2.6 339 3.2 338 7.4 - - 0 0 0 0 0 0 - -
2014-6-3 10:00:0021.9 14.9 22.7 21.7 - 0 64 61 324 1.3 348 2.9 336 2.9 311 4.1 305 8.7 - - 0 0 0 0 0 0 - -
2014-6-3 9:00:0022.5 15 22.7 21.6 - 0 63 62 336 2.7 314 4.1 317 3.1 310 4.3 330 8 - - 0 0 0 0 0 0 - -
2014-6-3 8:00:0021.6 15.3 21.6 20.3 - 0 68 68 302 4.1 323 4.4 309 3.8 306 3.9 296 8.2 - - 0 0 0 0 0 0 - -
2014-6-3 7:00:0020.3 15.6 20.3 19.8 - 0 74 74 322 5.2 311 3.7 309 2.6 306 2.6 338 5.3 - - 0 0 0 0 0 0 - -
2014-6-3 6:00:0019.8 15.5 19.9 19.8 - 0 76 76 285 2.2 309 2.8 305 2.6 311 2.8 313 7 - - 0 0 0 0 0 0 - -
2014-6-3 5:00:0019.8 15.7 19.8 19.8 - 0 77 76 265 4.2 300 2.9 316 2.2 314 2.7 291 5.9 - - 0 0 0 0 0 0 - -
2014-6-3 4:00:0019.8 15.4 19.8 19.8 - 0 76 75 308 2.4 312 2.8 317 2.1 315 2.4 330 5.7 - - 0 0 0 0 0 0 - -
2014-6-3 3:00:0019.8 15.3 19.8 19.8 - 0 75 73 299 2.5 306 2.4 307 2.4 308 2.5 330 5.3 - - 0 0 0 0 0 0 - -
2014-6-3 2:00:0019.8 14.9 19.8 19.6 - 0 73 73 288 2.6 317 1.7 313 1.5 316 2.3 319 5.7 - - 0 0 0 0 0 0 - -
2014-6-3 1:00:0019.6 14.8 19.9 19.5 - 0 74 72 336 2.6 305 2.6 306 1.8 319 2.2 333 4.5 - - 0 0 0 0 0 0 - -
2014-6-3 00:00:0019.9 14.8 20.1 19.9 - 0 73 68 322 1.3 318 0.9 322 0.5 342 4 341 7.5 - - 0 0 0 0 0 0 - -
2014-6-2 23:00:0020.1 14 20.1 20 - 0 68 68 313 6.2 341 4.2 339 3.8 347 4.3 324 7.8 - - 0 0 0 0 0 0 - -
2014-6-2 22:00:0020 17.2 20 19.7 - 0 84 84 355 1.2 327 2 329 2.3 316 3.1 310 7.9 - - 0 0 0 0 0 0 - -
2014-6-2 21:00:0019.7 17.7 21.2 19.7 - 0.1 88 75 279 3.6 310 2.9 308 2.7 313 4.7 336 9.1 - - 0 0 0 0 0 0 - -
2014-6-2 20:00:0021.2 16.6 21.7 21.2 - 0 75 71 341 3.8 322 3.9 316 3.9 311 4.3 296 7.1 - - 0 0 0 0 0 0 - -
2014-6-2 19:00:0021.7 16.3 22.8 21.7 - 0 71 65 324 3.9 336 2.4 335 3.2 319 5 341 9.9 - - 0 0 0 0 0 0 - -
2014-6-2 18:00:0022.8 16 23.4 22.8 - 0 65 62 285 4.3 317 3.9 324 3.5 317 4.4 299 7.7 - - 0 0 0 0 0 0 - -
2014-6-2 17:00:0023.3 15.9 23.6 23.3 - 0 63 62 322 7.6 319 5.3 319 3.9 325 4.5 324 9.7 - - 0 0 0 0 0 0 - -
2014-6-2 16:00:0023.7 16.4 25.2 23.6 - 0 64 59 327 2.2 315 3.9 317 4.3 302 5.6 305 10 - - 0 0 0 0 0 0 - -
2014-6-2 15:00:0025.3 16.8 25.6 24.7 - 0 59 59 327 2.9 295 3.7 300 4.8 301 5.6 296 11.6 - - 0 0 0 0 0 0 - -
2014-6-2 14:00:0024.7 17.7 24.8 23.6 - 0 65 64 324 2.9 290 4.1 304 4.3 306 4.9 319 9.1 - - 0 0 0 0 0 0 - -
2014-6-2 13:00:0023.7 18.9 23.7 23.1 - 0 75 74 274 3.5 297 3.7 301 3.6 309 4.5 291 8.2 - - 0 0 0 0 0 0 - -
2014-6-2 12:00:0023.7 19 24.7 23.7 - 0 75 69 299 2.3 306 3.9 301 4.1 297 4.5 305 9.2 - - 0 0 0 0 0 0 - -
2014-6-2 11:00:0024.3 19.2 24.6 23.6 - 0 73 72 330 4.4 306 3.6 304 4.1 304 4.6 293 9.4 - - 0 0 0 0 0 0 - -
2014-6-2 10:00:0023.6 19.1 23.8 23.6 - 0 76 76 327 2.6 316 3.6 310 3.9 302 4.2 322 8.6 - - 0 0 0 0 0 0 - -
2014-6-2 9:00:0023.6 19.4 23.8 23.4 - 0 77 77 327 4.1 296 4.1 297 3.3 294 4.2 288 8.6 - - 0 0 0 0 0 0 - -
2014-6-2 8:00:0023.8 19.9 23.9 23.3 - 0 78 78 274 3.2 288 2.6 292 2.8 303 3.6 324 7.3 - - 0 0 0 0 0 0 - -
2014-6-2 7:00:0023.4 20.4 23.4 23.2 - 0 83 83 305 3.3 300 2.3 300 2.2 282 2.6 285 5 - - 0 0 0 0 0 0 - -
2014-6-2 6:00:0023.1 20.2 23.3 23 - 0 84 82 299 0 280 0.2 278 1.6 284 2.8 260 4.7 - - 0 0 0 0 0 0 - -
2014-6-2 5:00:0023 20.2 23 22.9 - 0 84 84 285 2.4 292 3.1 291 2.4 281 2.6 277 5.7 - - 0 0 0 0 0 0 - -
2014-6-2 4:00:0022.9 20.8 23.1 22.8 - 0 88 88 330 1.6 275 2.8 278 1.9 291 2.9 310 5.2 - - 0 0 0 0 0 0 - -
2014-6-2 3:00:0023.1 21.8 23.1 23 - 0 92 92 299 1.6 285 0.8 281 1 230 1.4 220 2.6 - - 0 0 0 0 0 0 - -
2014-6-2 2:00:0023 21.6 23 22.9 - 0 92 92 220 1.1 227 0.7 237 1 234 2.1 232 3.6 - - 0 0 0 0 0 0 - -
2014-6-2 1:00:0022.9 21.6 23 22.9 - 0 92 91 229 2.5 223 2.1 223 1.8 233 2 248 3.6 - - 0 0 0 0 0 0 - -
2014-6-2 00:00:0022.9 21.5 23 22.9 - 0 91 91 201 2.3 207 1.8 209 2.1 210 2.9 195 5 - - 0 0 0 0 0 0 - -
2014-6-1 23:00:0022.9 21.3 23 22.9 - 0.1 91 90 181 1.7 200 0.8 207 1.9 175 3.2 218 4.8 - - 0 0 0 0 0 0 - -
2014-6-1 22:00:0022.9 21.1 22.9 22.8 - 0 90 89 170 2.8 178 2.8 176 3.2 178 4.1 203 6.4 - - 0 0 0 0 0 0 - -
2014-6-1 21:00:0022.8 20.9 22.9 22.8 - 0 89 89 184 4 178 3.8 178 3.8 175 4.6 195 7.3 - - 0 0 0 0 0 0 - -
2014-6-1 20:00:0022.9 21 22.9 22.7 - 0 89 89 189 3.7 184 3.9 178 3.8 179 4.9 189 7.7 - - 0 0 0 0 0 0 - -
2014-6-1 19:00:0022.7 21 22.7 22.5 - 0 90 90 164 5 170 3.6 171 3.9 167 4.5 175 7 - - 0 0 0 0 0 0 - -
2014-6-1 18:00:0022.5 20.8 22.6 22.4 - 0 90 90 173 5.6 169 4.7 162 4.6 169 5.3 153 8 - - 0 0 0 0 0 0 - -
2014-6-1 17:00:0022.4 20.8 22.4 21.9 - 0.1 91 91 181 4 168 4.8 169 4.6 167 5.7 170 8.7 - - 0 0 0 0 0 0 - -
2014-6-1 16:00:0021.9 20.6 21.9 21.7 - 3.7 92 92 164 5.5 168 5.5 167 5.3 166 5.7 164 9.2 - - 0 0 0 0 0 0 - -
2014-6-1 15:00:0021.7 20.4 21.8 21.6 - 6.2 92 92 243 2.6 180 3.5 172 4.3 170 4.9 187 8 - - 0 0 0 0 0 0 - -
2014-6-1 14:00:0021.8 20.4 22.2 21.8 - 6.3 92 91 164 3.5 170 3.6 172 4.8 165 7.3 161 11.2 - - 0 0 0 0 0 0 - -
2014-6-1 13:00:0022.1 20.6 22.5 22.1 - 5.5 91 87 161 6.1 163 5.9 160 7 159 7.1 150 10.6 - - 0 0 0 0 0 0 - -
2014-6-1 12:00:0022.4 20.5 22.5 22.1 - 1.2 89 89 167 8.4 162 6.2 160 6.3 164 7.2 153 11.5 - - 0 0 0 0 0 0 - -
2014-6-1 11:00:0022.2 20.4 23.2 22.2 - 2.1 89 80 164 7.2 167 6.4 166 6.3 167 7.2 175 12.6 - - 0 0 0 0 0 0 - -
2014-6-1 10:00:0023.2 19.8 23.2 23 - 0 81 80 142 7.2 164 6.7 165 6.2 165 7.2 150 11.6 - - 0 0 0 0 0 0 - -
2014-6-1 9:00:0023.1 19.6 23.1 22.7 - 0 81 79 161 6.4 169 6.7 168 6.9 161 7.3 164 11.5 - - 0 0 0 0 0 0 - -
2014-6-1 8:00:0023 19.3 23 22.5 - 0 80 80 156 6.5 166 6.6 166 5.9 165 6.6 150 11.6 - - 0 0 0 0 0 0 - -
2014-6-1 7:00:0022.5 19.3 22.5 21.9 - 0 82 82 170 6.7 162 5.1 165 5.3 161 6.2 175 9.4 - - 0 0 0 0 0 0 - -
2014-6-1 6:00:0021.9 19.1 22.2 21.8 - 0.2 84 81 173 4 166 4.4 162 5.3 162 5.5 161 8.5 - - 0 0 0 0 0 0 - -
2014-6-1 5:00:0022.3 18.8 22.6 22.3 - 0.3 81 77 170 4.8 160 5.9 166 4.5 158 5.9 164 8.7 - - 0 0 0 0 0 0 - -
2014-6-1 4:00:0022.5 18.4 22.5 22.3 - 0 78 78 164 6.3 161 5.1 162 4.7 156 5.8 158 8.8 - - 0 0 0 0 0 0 - -
2014-6-1 3:00:0022.3 18.6 22.3 22.2 - 0 80 80 156 3.9 171 4.7 167 4.5 161 4.9 150 8.5 - - 0 0 0 0 0 0 - -
2014-6-1 2:00:0022.2 18.8 22.6 22.2 - 0 81 76 147 4.9 170 4.9 163 4.6 162 4.8 173 8.1 - - 0 0 0 0 0 0 - -
2014-6-1 1:00:0022.6 18.1 22.9 22.6 - 0 76 72 198 3.4 172 3.1 166 4.1 174 5.2 153 8.8 - - 0 0 0 0 0 0 - -
