2014-7-1 1:00:0022 19.4 22.2 21.9 1,009.8 0 85 84 158 1.8 178 1.1 170 0.9 170 1.3 167 2.3 4379 4409 21.2 21.3 21.2 22.4 23.5 24 24.4 -
2014-7-1 00:00:0022.2 19.4 22.3 22.2 1,010.3 0 84 83 186 1.8 200 0.9 187 0.6 208 1.9 210 3.7 5113 4980 21.3 21.4 21.3 22.6 23.7 24.2 24.5 -
2014-6-30 23:00:0022.3 19.3 22.4 22.2 1,010.6 0 83 83 210 2.8 211 2.1 208 1.9 191 2.4 183 4.8 5026 4965 21.4 21.6 21.4 22.8 23.9 24.5 24.7 -
2014-6-30 22:00:0022.4 19.8 22.5 22.4 1,010.6 0 85 84 212 4.3 202 3.1 196 2.2 191 2.3 192 4.5 4607 4285 21.6 21.9 21.6 23.1 24.2 24.7 24.8 -
2014-6-30 21:00:0022.5 19.7 22.8 22.5 1,010.4 0 84 82 190 4.1 193 2.4 188 2.3 202 2.6 209 4.7 2672 2771 21.9 22.3 21.9 23.5 24.6 24.9 25 -
2014-6-30 20:00:0022.9 19.7 23.3 22.9 1,010.3 0 82 78 210 1.8 185 1.4 192 1.8 163 2.6 188 5.5 3127 3125 22.3 22.7 22.3 23.9 25 25.2 25.1 -
2014-6-30 19:00:0023.3 19.2 24.1 23.3 1,009.7 0 78 70 179 2.7 189 1.6 180 1.6 197 2.5 206 4.6 3503 3657 22.8 24.7 22.8 24.6 25.4 25.5 25.2 -
2014-6-30 18:00:0024.1 18.5 24.8 24.1 1,009.9 0 71 66 215 2.8 218 1.9 207 2 210 3.4 215 6.4 4689 4721 24.7 25 24.3 25.2 25.8 25.7 25.3 -
2014-6-30 17:00:0024.8 18 25.8 24.8 1,009.7 0 66 54 215 4.9 220 3.2 216 2.4 198 3.1 196 5.5 5757 6374 25 26.1 25 26 26.3 25.9 25.3 -
2014-6-30 16:00:0025.8 15.8 26.4 25.8 1,009.2 0 54 49 200 2.7 179 1.7 173 1.8 207 3 204 4.5 12601 14332 26.1 27.7 26.1 26.8 26.8 26.1 25.2 -
2014-6-30 15:00:0026.5 15.5 27.7 26.5 1,009.4 0 51 43 208 4.1 218 3 207 2.9 207 3.3 206 4.9 14676 14597 27.8 32 27.8 28.3 27.3 26 25 -
2014-6-30 14:00:0027.7 14.3 28.5 27.7 1,009.8 0 44 37 200 3.8 204 3.2 209 2.5 209 2.8 208 5.3 24730 21755 32 37.1 32 29.6 27.2 25.6 24.8 -
2014-6-30 13:00:0028.1 14.4 28.2 27.4 1,009.5 0 43 43 221 2.8 219 2.2 211 2.1 246 2.7 215 5.2 17406 16607 34.9 39.5 34.8 29.7 26.6 25.1 24.5 -
2014-6-30 12:00:0027.4 15.1 27.4 26.2 1,010.1 0 47 45 258 2.9 247 1.9 238 1.8 209 3.1 202 5.1 17315 18728 35.8 38 34 28.7 25.7 24.6 24.3 -
2014-6-30 11:00:0026.2 16.5 26.2 25 1,010.4 0 55 54 209 4.1 226 2.8 223 2.7 198 3.5 205 5.9 14463 14086 36.3 36.3 29 26.8 24.8 24.3 24.2 -
2014-6-30 10:00:0025.1 17.3 25.1 24.2 1010 0 62 61 193 5 192 3.8 206 3 201 3 213 7 8266 7556 29.6 29.6 26.3 25.3 24.3 24.1 24.2 -
2014-6-30 9:00:0024.2 19.9 24.2 23.6 1,009.6 0 77 77 197 4.9 205 3.6 211 2.4 194 2.8 214 5.7 4634 4542 26.4 26.4 24.3 24.2 24 24.1 24.2 -
2014-6-30 8:00:0023.6 20.7 23.6 23.3 1,009.3 0.2 84 84 191 3.6 196 2.9 190 2.5 188 3.5 184 6 4278 3927 24.3 24.3 23.1 23.7 23.9 24.1 24.3 -
2014-6-30 7:00:0023.3 21.6 23.3 23 1,009.2 0.1 90 89 190 4.6 189 3.2 187 2.9 187 3 185 5.7 3419 3130 23.3 23.5 23 23.6 23.9 24.2 24.4 -
2014-6-30 6:00:0023 21.8 23.1 22.9 1,009.7 0.4 93 87 - 0 - 0 - 0 282 1.5 297 2.3 2427 2570 23 23 22.4 23.3 24 24.3 24.5 -
2014-6-30 5:00:0023 20.9 23 22.8 1,008.9 0 88 87 - 0.2 - 0.2 174 0.7 164 1.8 159 2.8 3555 3451 22.5 22.7 22.5 23.5 24.1 24.5 24.6 -
2014-6-30 4:00:0023 21.8 23.6 23 1,008.5 0.5 93 91 107 1.5 108 1 155 1.1 176 1.1 161 1.9 2848 2173 22.7 22.8 22.7 23.6 24.3 24.6 24.7 -
2014-6-30 3:00:0023.6 22 23.9 23.6 1009 0.4 91 86 - 0 - 0 - 0 197 0.3 193 1 1755 2338 22.8 22.9 22.8 23.8 24.4 24.7 24.8 -
2014-6-30 2:00:0023.9 21.4 24 23.8 1,008.5 0 86 83 - 0 - 0 - 0 219 1.3 212 2.7 2972 3154 22.9 23 22.9 23.9 24.6 24.9 25 -
2014-6-30 1:00:0023.8 21.1 24.3 23.8 1,008.1 0.1 85 82 - 0 - 0 194 0.5 187 1 193 2.2 3336 3432 23.1 23.1 23.1 24.1 24.9 25.1 25.1 -
2014-6-30 00:00:0024.4 21.1 24.8 24.4 1,008.3 0 82 78 210 2.3 214 1.6 186 0.9 196 1.8 191 3.1 3481 3252 23.1 23.5 23.1 24.3 25.1 25.3 25.3 -
2014-6-29 23:00:0024.8 20.7 25.1 24.8 1,008.5 0 78 74 187 3.7 195 2.1 197 1.6 193 2.2 207 5 4157 4202 23.5 23.7 23.5 24.6 25.4 25.6 25.4 -
2014-6-29 22:00:0025.2 20.2 25.7 25.2 1,008.5 0 74 69 206 2.2 191 1.4 189 1.6 192 2.3 198 5 3997 4193 23.7 24.2 23.7 25.1 25.9 25.9 25.6 -
2014-6-29 21:00:0025.7 20.3 26.7 25.7 1,008.3 0 72 68 185 2.6 185 1.2 183 1.8 183 2.5 201 5.1 5158 5191 24.2 24.9 24.2 25.7 26.4 26.2 25.7 -
2014-6-29 20:00:0026.8 20.4 28.2 26.8 1,007.4 0 68 63 201 2.3 195 1.4 190 1.5 173 2.3 177 5.7 4386 4432 25 26.5 25 26.5 26.9 26.5 25.7 -
2014-6-29 19:00:0028.2 21 29 28.2 1,006.5 0 65 58 161 2.2 170 1.2 179 1 217 1.3 254 2.3 2879 2969 26.5 28 26.5 27.5 27.5 26.7 25.7 -
2014-6-29 18:00:0029 19.9 29.6 29 1,006.3 0 58 53 343 0.9 336 0.3 5 0.3 79 1.8 64 3.3 3099 3183 28 30.1 28 28.5 27.9 26.8 25.7 -
2014-6-29 17:00:0029.6 19.6 29.9 29.6 1,006.1 0 55 53 80 2 74 1.5 64 1.4 65 1.4 69 2.5 3820 3826 30.1 32 30.1 29.5 28.2 26.8 25.5 -
2014-6-29 16:00:0029.9 19.6 30.6 29.9 1,006.1 0 54 51 137 1.7 146 1 179 1.1 222 1.7 269 3.1 3778 3718 32.1 35.6 32 30.4 28.4 26.6 25.3 -
2014-6-29 15:00:0030.2 19.6 30.3 29.8 1,006.3 0 53 51 188 1.6 159 0.7 224 1.2 203 2.3 203 3.7 3863 3816 33.9 36.6 33.9 30.9 28.3 26.4 25 -
2014-6-29 14:00:0029.8 20.4 30.3 29.6 1,006.6 0 57 51 196 2.6 196 2.3 189 2.2 189 2.2 204 3.8 3745 3776 35.2 39.6 33.8 31 28.1 25.9 24.6 -
2014-6-29 13:00:0030 20.6 30 29.3 1,007.1 0 57 53 191 2.6 162 1.4 190 1.4 199 2.2 184 4.5 3620 3753 39.7 40.9 37.8 31.6 27.3 25.2 24.2 -
2014-6-29 12:00:0029.3 19.6 29.3 28.5 1,007.4 0 56 55 202 3 211 2.5 201 2.2 211 2.2 215 4 3944 3925 39.7 39.7 36.4 30.1 26.2 24.6 23.9 -
2014-6-29 11:00:0028.5 18.9 28.5 27 1,007.5 0 56 56 284 1.9 283 1.7 253 1.6 208 2.5 200 4.3 4323 4311 37.2 37.2 31.2 28.4 25.2 24 23.6 -
2014-6-29 10:00:0027 19.4 27.1 26.1 1,007.9 0 63 61 215 1.5 217 1.1 203 1.4 205 2.1 206 3.8 4918 4836 31.4 33.8 29.2 26.8 24.3 23.6 23.5 -
2014-6-29 9:00:0026.1 19.3 26.1 24.5 1,007.7 0 66 64 229 2.5 241 1.7 221 2 210 2.1 220 3.2 4744 5018 29.4 29.9 27.1 25.2 23.5 23.3 23.4 -
2014-6-29 8:00:0024.4 19.5 24.4 23.1 1,007.5 0 74 74 212 1 195 0.8 216 0.8 210 1.4 199 2.8 3655 3577 26.9 26.9 23.1 23.3 23 23.2 23.5 -
2014-6-29 7:00:0023.1 19.3 23.1 22.3 1,007.4 0 79 79 217 2.3 215 1.7 216 1 171 1 217 2.3 3372 3298 23.1 23.1 21.6 22.5 22.8 23.3 23.6 -
2014-6-29 6:00:0022.3 18.9 22.3 21.7 1,007.1 0 81 81 203 1 205 0.8 214 0.8 216 0.9 212 2.5 3786 3813 21.6 21.6 20.9 22 22.9 23.4 23.7 -
2014-6-29 5:00:0021.7 19.6 21.7 21.6 1,006.7 0 88 88 - 0 - 0 185 0.3 172 0.9 183 1.4 3034 3090 20.9 20.9 20.7 22 23 23.6 23.9 -
2014-6-29 4:00:0021.7 20.2 22.1 21.7 1,006.6 0 91 89 178 1 - 0.1 - 0.2 174 0.7 177 1.3 2563 2512 20.7 21 20.6 22.2 23.3 23.8 24 -
2014-6-29 3:00:0022.1 20.2 22.7 22.1 1,006.7 0 89 85 - 0 - 0 - 0 216 1 246 1.4 2831 2809 21 21.5 21 22.6 23.6 24 24.1 -
2014-6-29 2:00:0022.7 20 23.2 22.7 1,006.6 0 85 85 206 1.2 209 1.1 218 0.9 217 1.5 221 2.4 3216 3330 21.5 22.1 21.5 23 23.9 24.2 24.3 -
2014-6-29 1:00:0023.2 20.7 23.7 23.2 1,007.2 0 86 86 207 1.3 215 0.9 223 1.1 217 1.5 216 2.8 3108 3066 22.1 22.6 22.1 23.4 24.2 24.4 24.4 -
2014-6-29 00:00:0023.7 21.2 24.1 23.7 1,007.6 0 86 85 214 1.6 213 1.1 218 1.2 219 2 219 3.8 3000 2928 22.7 23.1 22.7 23.9 24.5 24.6 24.5 -
2014-6-28 23:00:0024.1 21.6 24.5 24.1 1,007.8 0 86 84 204 2.2 206 1.8 213 1.8 211 2.3 209 3.9 3033 3009 23.1 23.6 23.1 24.2 24.8 24.9 24.6 -
2014-6-28 22:00:0024.5 21.6 24.8 24.5 1,007.9 0 84 83 219 2.2 223 1.9 219 1.8 213 2.3 207 4 2969 2988 23.6 24.1 23.6 24.7 25.2 25.1 24.7 -
2014-6-28 21:00:0024.9 21.8 25 24.7 1,007.6 0 83 82 215 2.9 217 2 208 2.2 205 2.4 199 4.3 2667 2656 24.1 24.8 24.1 25.2 25.5 25.3 24.8 -
2014-6-28 20:00:0024.7 22.2 24.7 24.6 1,006.7 0 86 85 214 1.3 219 0.8 199 1 82 1.4 93 2.5 1862 1851 24.8 25 24.8 25.7 25.9 25.5 24.8 -
2014-6-28 19:00:0024.7 22.2 26.1 24.7 1006 0 86 79 81 2 91 1.5 83 1.4 23 4.1 25 5.8 2095 2067 25.1 25.5 25 26.3 26.4 25.7 24.8 -
2014-6-28 18:00:0026.3 21.9 28.8 26.3 1,005.4 0 77 65 27 7.2 28 5.1 16 4.2 16 4.2 16 9 2312 2610 25.6 29.1 25.6 27.5 26.9 25.8 24.7 -
2014-6-28 17:00:0028.8 21.6 28.9 28.8 1,004.7 0 65 64 215 3.8 214 1.8 249 1.8 211 2.2 215 3.8 2422 2455 29.2 30.9 29.2 28.5 27.1 25.8 24.5 -
2014-6-28 16:00:0028.9 21.9 29 28.7 1,004.9 0 66 65 189 3.3 195 2.3 211 2.3 209 2.8 207 4.7 2329 2308 30.9 31.8 30.8 29.1 27.2 25.6 24.3 -
2014-6-28 15:00:0029 22.3 29.2 29 1,005.4 0 67 61 187 3.7 189 2.9 190 2.1 190 2.1 208 3.9 2176 2195 31.2 33.3 31.2 29.6 27.2 25.3 24 -
2014-6-28 14:00:0029 21.2 29.3 28.5 1,005.8 0 63 60 211 2.1 211 2 205 1.5 209 1.7 210 3.4 2230 2264 33.2 36.1 33.2 30.2 26.8 24.8 23.6 -
2014-6-28 13:00:0028.5 21.3 28.7 28.1 1006 0 65 63 209 2.4 211 1.5 195 1.6 226 1.8 206 3.4 2243 2306 33.7 34.9 33.7 29.5 26.2 24.3 23.3 -
2014-6-28 12:00:0028 21.1 28.1 27.7 1,006.5 0 66 66 287 2.5 263 1.8 221 1.4 279 1.8 292 3.2 2535 2473 33.8 35.9 32.8 28.9 25.5 23.7 22.9 -
2014-6-28 11:00:0027.7 21.3 27.7 26.3 1,006.8 0 68 67 54 1.9 55 1.4 19 1.3 267 1.9 300 3.9 2620 2747 35.8 35.8 31.8 27.9 24.5 23.1 22.6 -
2014-6-28 10:00:0026.3 21.1 26.4 25.3 1,007.2 0 73 73 304 2.2 300 1.9 310 1.6 255 2 303 3.7 2760 2622 32.5 33.2 30.9 26.5 23.4 22.5 22.4 -
2014-6-28 9:00:0025.3 21.6 25.3 23.6 1,006.9 0 80 79 344 1.7 338 1.1 290 1.3 203 1.8 209 3.8 2031 2013 30.7 30.7 26.7 24.6 22.4 22.1 22.3 -
2014-6-28 8:00:0023.6 21.5 23.6 22.1 1,006.9 0 88 88 204 2.1 202 1.6 200 1.6 214 1.8 214 3 3162 3195 26.6 26.6 24.1 22.7 21.7 21.9 22.3 -
2014-6-28 7:00:0022.1 21.6 22.1 21.1 1,006.8 0 97 97 224 1.9 215 1.4 209 1.3 210 1.3 211 2 3427 3533 24 24 20.6 21.3 21.3 21.8 22.3 -
2014-6-28 6:00:0021.1 20.8 21.1 20.5 1007 0 98 98 - 0 - 0 - 0 - 0 - 0 1878 2149 20.6 20.6 19.2 20.4 21.2 21.9 22.4 -
2014-6-28 5:00:0020.5 20.2 20.6 20.3 1,006.3 0 98 98 - 0 - 0 - 0 - 0 - 0 1490 1677 19.2 19.2 19.1 20.3 21.4 22 22.5 -
2014-6-28 4:00:0020.5 20.2 20.6 20.4 1,006.1 0 98 97 - 0 - 0 - 0 - 0 - 0 2053 1878 19.1 19.2 19.1 20.4 21.5 22.2 22.7 -
2014-6-28 3:00:0020.6 20.3 20.8 20.6 1,006.1 0 98 97 - 0 - 0 - 0 305 0.5 305 0.9 1934 2284 19.2 19.3 19.2 20.6 21.7 22.4 22.8 -
2014-6-28 2:00:0020.6 20.1 21 20.6 1,006.4 0 97 96 - 0 - 0 - 0 - 0 - 0 2695 2395 19.3 19.8 19.3 20.9 22 22.5 22.9 -
2014-6-28 1:00:0021 20.3 21.4 21 1,006.6 0 96 96 - 0 - 0 - 0 205 0.9 217 1.6 3074 2910 19.8 20.4 19.8 21.2 22.2 22.7 23 -
2014-6-28 00:00:0021.4 20.7 21.4 21.1 1,007.3 0 96 96 243 1.1 236 0.6 250 0.9 255 0.9 250 1.6 3292 3236 20.3 20.4 20 21.4 22.4 22.9 23.1 -
2014-6-27 23:00:0021.1 20.6 21.3 21 1,007.6 0 97 95 - 0 - 0 - 0 - 0 - 0 4354 3795 20 20.6 20 21.7 22.8 23.1 23.2 -
2014-6-27 22:00:0021.4 20.6 22 21.4 1,007.4 0 95 93 - 0 - 0 - 0 - 0 - 0 3086 2956 20.6 21.5 20.6 22.2 23.1 23.3 23.3 -
2014-6-27 21:00:0022 20.8 22.6 22 1,007.1 0 93 90 - 0 - 0 - 0.1 73 1 65 1.7 5776 5561 21.5 22.3 21.5 22.8 23.4 23.5 23.4 -
2014-6-27 20:00:0022.6 20.9 23.1 22.6 1,006.9 0 90 89 140 0.7 114 0.5 95 0.8 124 1.7 89 3.1 7458 7676 22.3 23.3 22.3 23.4 23.8 23.6 23.4 -
2014-6-27 19:00:0023.2 21.1 23.8 23.2 1,006.3 0 88 85 124 2.2 125 1.7 124 1.5 106 1.6 110 2.9 8664 7429 23.3 24.7 23.3 24.1 24 23.7 23.4 -
2014-6-27 18:00:0023.9 21 23.9 23.8 1,006.1 0 84 82 121 2.3 129 1.8 103 1.6 74 2.1 77 3.2 11433 14192 24.7 25 24.7 24.5 24.1 23.7 23.3 -
2014-6-27 17:00:0023.9 21 24.1 23.9 1006 0 84 82 66 2.9 67 2.5 72 2 61 2 69 3.1 18599 17463 24.8 25.5 24.8 24.7 24.1 23.6 23.3 -
2014-6-27 16:00:0024.1 21.2 24.1 23.8 1,005.8 0 84 82 89 1.8 86 1.3 52 1.4 53 2.5 26 3.9 12892 17704 25.5 25.5 24.9 24.8 24.2 23.6 23.2 -
2014-6-27 15:00:0023.9 20.8 24.3 23.9 1,005.8 0 83 80 30 3.4 33 2.4 56 2.4 56 2.4 66 3.8 19158 20978 25.1 26.9 25.1 25.2 24.2 23.4 23 -
2014-6-27 14:00:0024.3 20.8 24.4 23.8 1006 0 81 80 63 2.8 62 1.9 17 1.3 28 2.3 23 4 21613 17132 27 29 26 25.7 23.9 23.2 22.9 -
2014-6-27 13:00:0023.8 20.7 23.9 23.6 1,006.1 0 83 82 48 1.7 44 1.2 60 1.7 36 2.5 33 4.3 17551 18243 26 27.4 26 25 23.6 23 22.8 -
2014-6-27 12:00:0023.6 20.9 23.7 22.8 1,006.2 0 85 83 20 1.8 40 1.9 48 1.9 61 2.1 67 3.7 16486 15808 26.1 27.7 24.6 24.5 23.2 22.8 22.7 -
2014-6-27 11:00:0022.8 20.7 23.1 22.8 1,006.6 0 88 87 60 3 62 2.3 58 1.9 43 2.3 29 3.7 22445 16067 24.7 24.9 24.2 23.7 23 22.6 22.6 -
2014-6-27 10:00:0023 20.7 23.1 22.3 1,006.3 0 87 87 58 2 60 1.8 57 1.6 28 2.2 17 3.7 13605 14863 25 25.9 23.6 23.6 22.6 22.5 22.5 -
2014-6-27 9:00:0022.3 20.9 22.3 22.1 1,006.1 0 92 92 33 2.5 40 2 21 1.8 36 2.3 23 3.7 12387 11856 23.6 23.6 22.9 22.7 22.4 22.4 22.5 -
2014-6-27 8:00:0022.1 20.9 22.1 21.8 1006 0 93 93 11 3.1 18 2.3 25 2 21 2.3 18 4.4 9518 9360 23 23.5 22.1 22.5 22.2 22.3 22.5 -
2014-6-27 7:00:0021.8 21 21.8 21.7 1,005.4 0 95 95 10 2.3 9 1.6 13 1.7 12 1.8 4 3 4852 5130 22.2 22.2 21.7 21.9 22.1 22.3 22.6 -
2014-6-27 6:00:0021.7 20.9 21.7 21.6 1,004.8 0 95 95 8 1.9 11 1.3 21 1.4 31 1.9 19 3.1 5974 5883 21.7 21.7 21.5 21.8 22.1 22.3 22.6 -
2014-6-27 5:00:0021.6 20.8 21.6 21.5 1,003.8 0 95 95 58 2.5 49 1.8 31 1.6 33 1.9 35 3.4 11534 11455 21.4 21.4 21.4 21.8 22.1 22.4 22.6 -
2014-6-27 4:00:0021.5 20.8 21.5 21.4 1,003.6 0.1 96 96 17 2.6 25 1.8 26 1.7 30 2.2 17 3.7 11206 10620 21.4 21.5 21.4 21.8 22.2 22.4 22.7 -
2014-6-27 3:00:0021.4 20.9 21.5 21.4 1,003.7 0 97 97 24 2.2 22 1.7 26 1.7 28 2.5 20 3.9 6251 5442 21.5 21.5 21.4 21.9 22.2 22.5 22.7 -
2014-6-27 2:00:0021.5 21 21.6 21.5 1,003.9 0.2 97 96 23 1.9 29 1.9 28 1.7 33 2.3 23 3.9 2832 3019 21.5 21.5 21.5 22 22.3 22.5 22.7 -
2014-6-27 1:00:0021.6 21.1 21.6 21.6 1,004.2 0.4 97 97 29 3.2 28 1.8 39 1.7 29 2.1 32 3.4 2696 3775 21.6 21.6 21.5 22 22.4 22.6 22.8 -
2014-6-27 00:00:0021.6 21.1 21.7 21.6 1,004.4 3.3 97 97 24 2.2 30 1.7 30 1.6 37 2 20 4.5 969 1104 21.6 21.8 21.6 22.1 22.5 22.7 22.9 -
2014-6-26 23:00:0021.7 21.2 21.9 21.7 1,004.5 3 97 97 32 2.2 27 1.9 40 1.7 78 2.8 70 4.7 3210 2833 21.8 22 21.8 22.3 22.6 22.8 22.9 -
2014-6-26 22:00:0021.8 21.3 22.1 21.8 1,004.8 0.5 97 96 78 2.2 82 1.7 79 1.7 61 2.1 64 3.6 2287 2470 22 22.2 22 22.5 22.8 22.9 23 -
2014-6-26 21:00:0022.1 21.4 22.3 22.1 1,004.2 0.2 96 96 58 2.8 56 1.9 49 1.7 49 1.7 65 3.3 4512 4877 22.2 22.3 22.2 22.6 22.9 22.9 23 -
2014-6-26 20:00:0022.2 21.7 22.4 22.2 1,004.2 0.9 97 95 84 2.1 84 1.6 73 1.2 82 1.9 74 2.6 3273 2558 22.3 22.6 22.3 22.8 23 23 23 -
2014-6-26 19:00:0022.4 21.6 22.5 22.4 1,004.2 0.4 95 95 73 2.2 74 1.7 72 1.2 82 1.6 89 2.5 4772 3048 22.6 23.1 22.6 23 23.1 23.1 23 -
2014-6-26 18:00:0022.5 21.8 22.5 22.3 1,003.5 0 96 96 89 1.7 90 1.2 79 0.8 67 1.8 87 3.3 4776 4251 23.1 23.7 23.1 23.2 23.1 23 23 -
2014-6-26 17:00:0022.3 21.6 22.3 22.1 1,003.5 2.1 96 96 51 2.1 38 1.3 52 1.5 60 2.2 56 4.2 3143 3504 23.6 23.6 22.8 23 22.9 22.9 22.9 -
2014-6-26 16:00:0022.1 21.6 22.1 21.9 1,004.3 13.8 97 96 - 0 - 0 313 0.4 98 2.3 91 4.5 5395 2325 22.8 22.8 22.1 22.7 22.6 22.7 22.7 -
2014-6-26 15:00:0022.1 21.6 22.2 22 1,003.3 8.7 97 96 94 3.6 97 1.6 98 2 87 2.7 83 4.6 2536 1503 22.3 23 22.3 22.8 22.8 22.8 22.8 -
2014-6-26 14:00:0022 21.3 22.1 22 1,003.2 4.1 96 96 79 3.7 82 2.7 82 2.6 88 2.7 84 5.1 5049 4969 22.7 22.9 22.5 22.8 22.8 22.8 22.8 -
2014-6-26 13:00:0022.1 21.4 22.2 22.1 1004 8.5 96 96 72 2.9 83 2.2 93 2.4 96 2.6 100 4.2 3430 2097 22.6 23.1 22.5 22.8 22.8 22.7 22.8 -
2014-6-26 12:00:0022.1 21.4 22.1 21.9 1,004.4 3.5 96 96 91 2.1 83 1.6 80 1.7 96 2.6 90 3.7 4281 3370 23 23.4 22.8 22.9 22.6 22.6 22.8 -
2014-6-26 11:00:0021.9 21.2 21.9 21.7 1,004.7 2.9 96 96 96 4.2 94 3 95 2.5 95 2.5 96 4.2 2760 3532 22.8 22.8 22.1 22.6 22.6 22.6 22.7 -
2014-6-26 10:00:0021.7 21 22 21.7 1,004.9 8.3 96 93 86 3.5 86 2.4 82 2 82 3 82 5.2 2558 2864 22.1 23.5 22.1 22.6 22.6 22.6 22.7 -
2014-6-26 9:00:0022 20.8 22.2 21.4 1,004.4 0 93 93 75 4.2 77 2.7 81 2.8 94 3.2 96 5.8 13605 13918 23.5 25 22 22.9 22.3 22.5 22.8 -
2014-6-26 8:00:0021.4 20.7 21.5 21.4 1,005.4 2.3 96 95 79 3.5 83 2.5 75 2.3 72 2.3 87 4 4500 4522 22 22 21.5 21.9 22.1 22.5 22.8 -
2014-6-26 7:00:0021.4 20.6 21.4 21.2 1,005.1 0 95 95 69 2.8 72 1.8 81 1.9 90 2.2 83 3.6 6951 6967 21.6 21.7 21.2 21.7 22.1 22.5 22.9 -
2014-6-26 6:00:0021.2 20.5 21.2 20.9 1005 0.2 96 95 93 2.2 92 1.8 90 2.2 86 2.5 91 4.8 4949 5234 21.2 21.2 21 21.6 22.1 22.5 22.9 -
2014-6-26 5:00:0020.9 20.2 20.9 20.9 1005 0.2 96 95 86 2.6 85 2.1 81 2.2 82 2.6 74 4.4 7561 7567 20.9 20.9 20.9 21.5 22.1 22.6 23 -
2014-6-26 4:00:0020.9 20.1 21 20.9 1,004.7 0.1 95 94 88 3.4 91 2.2 87 2.2 82 3.3 74 5.8 7169 7414 20.9 20.9 20.9 21.6 22.2 22.7 23.1 -
2014-6-26 3:00:0020.9 20.1 21 20.9 1,004.8 0.1 95 94 76 2.8 71 1.9 78 2.1 89 2.9 90 5 8402 8199 20.9 20.9 20.8 21.6 22.3 22.7 23.2 -
2014-6-26 2:00:0021 19.8 21 20.8 1,005.2 0.1 93 92 86 3.6 84 2.7 87 2.9 87 3.1 93 4.8 5337 7125 20.8 20.8 20.8 21.6 22.3 22.8 23.3 -
2014-6-26 1:00:0020.9 19.6 20.9 20.6 1,005.9 0 92 92 84 2.1 91 2 90 2.2 96 2.2 82 4.1 8420 9469 20.8 20.8 20.7 21.6 22.4 22.9 23.3 -
2014-6-26 00:00:0020.6 19.4 20.6 20.3 1,006.4 0 93 93 92 2.6 99 2.1 93 2 95 2.4 91 4.8 6955 7130 20.7 20.7 20.6 21.7 22.5 23.1 23.5 -
2014-6-25 23:00:0020.2 19 20.3 20.1 1007 0 93 92 94 3.8 96 2.9 93 2.4 89 3.1 93 5.8 8941 8084 20.6 20.7 20.5 21.8 22.7 23.2 23.6 -
2014-6-25 22:00:0020.3 19 20.7 20.3 1,007.3 0.5 92 92 90 3.6 97 2.4 98 2.8 87 3.4 100 6.9 10726 9046 20.7 21.2 20.6 22.1 22.9 23.4 23.7 -
2014-6-25 21:00:0020.7 19.9 20.8 20.7 1,007.1 0.3 95 95 93 4 89 2.9 91 2.3 100 2.6 100 5.3 6720 6779 21.2 21.4 21.2 22.3 23.1 23.6 23.8 -
2014-6-25 20:00:0020.7 20 21.2 20.7 1,006.6 1.4 96 94 107 3 111 2.1 106 2.1 89 3.4 92 5.4 4721 4890 21.3 21.6 21.3 22.5 23.4 23.7 23.9 -
2014-6-25 19:00:0021.2 20.4 21.8 21.2 1,006.2 4.4 95 95 85 3.4 89 2.6 93 2.9 84 3.2 106 6.3 3312 3331 21.6 22.4 21.6 23 23.7 23.9 24 -
2014-6-25 18:00:0021.8 21.1 21.9 21.8 1,005.7 4.3 96 95 89 3 94 2.2 83 1.8 84 2.5 100 4.5 5030 4044 22.4 22.8 22.4 23.4 23.9 24.1 24 -
2014-6-25 17:00:0021.9 21.1 22.3 21.9 1,005.5 4.7 95 95 81 4 81 2.4 80 2.3 74 2.6 89 4.9 4352 4485 22.8 23.6 22.7 23.8 24.2 24.2 24 -
2014-6-25 16:00:0022.3 21.6 22.8 22.3 1,005.3 5.6 96 92 105 3 112 1.9 104 1.8 90 1.9 86 4.1 2377 3457 23.4 23.9 23.3 24.3 24.5 24.3 24 -
2014-6-25 15:00:0022.9 21.5 23.9 22.9 1,005.6 0.9 92 86 121 3.5 115 2.2 118 1.5 122 2 128 4.2 3585 3187 23.9 25.4 23.9 25 24.7 24.2 23.9 -
2014-6-25 14:00:0023.9 21.4 24.4 23.9 1,006.1 0.1 86 81 83 2.5 90 2 86 1.9 82 2.3 77 3.9 5237 5837 25.4 27.5 25.4 25.6 24.7 24.1 23.8 -
2014-6-25 13:00:0024.4 21.3 24.4 24 1,006.5 0.1 83 81 148 1.5 132 1.2 112 1.6 84 2.5 79 4.1 7990 7466 27.5 27.5 25.7 25.5 24.4 23.9 23.7 -
2014-6-25 12:00:0024.3 20.8 24.3 23.7 1,006.9 0 81 81 71 2.7 71 2 106 1.7 101 1.8 97 3.5 6818 6390 27.2 28.2 25.8 25.4 24 23.7 23.7 -
2014-6-25 11:00:0023.7 21 23.8 23.6 1,007.4 0.4 85 81 75 1.4 78 0.7 114 0.5 158 1.3 145 2 4390 4128 26 26 24.9 24.4 23.7 23.6 23.6 -
2014-6-25 10:00:0023.8 20.3 23.9 23.4 1,007.2 0 81 79 145 1.5 150 1.3 161 1.3 164 1.6 169 2.8 7678 7828 25 25.6 24 24 23.5 23.4 23.6 -
2014-6-25 9:00:0023.4 20.3 23.5 23.3 1,007.6 0 83 82 163 1.9 172 1.4 179 1.1 177 1.7 140 2.7 7228 7679 24 24.2 24 23.5 23.2 23.4 23.6 -
2014-6-25 8:00:0023.3 20.3 23.3 22.7 1007 0 83 82 154 2 166 1.5 180 1.7 172 2 177 3.8 8369 8508 24 24.2 22.5 23 23 23.3 23.7 -
2014-6-25 7:00:0022.6 20 22.6 22.5 1,006.3 0 85 84 149 1.9 159 1.6 152 1.3 138 1.8 171 3.3 10639 10321 22.4 22.4 21.6 22.4 22.9 23.4 23.8 -
2014-6-25 6:00:0022.4 19.9 22.4 22.4 1,006.3 0 86 83 138 2.1 147 1.4 142 1.1 148 1.6 150 2.9 12229 12891 21.6 21.6 21 22.2 23 23.5 23.9 -
2014-6-25 5:00:0022.4 19.4 22.4 22.3 1,005.6 0 83 81 127 1 142 1 143 1.2 140 1.3 146 2.5 15717 15390 21 21 20.9 22.1 23.1 23.7 24 -
2014-6-25 4:00:0022.4 19 22.8 22.4 1,006.1 0 81 80 - 0 - 0 - 0 181 1.2 177 1.9 16087 15356 20.9 21.1 20.7 22.3 23.3 23.9 24.2 -
2014-6-25 3:00:0022.8 19.2 23 22.7 1,005.7 0 80 80 192 1.5 179 0.9 177 1.2 173 1.6 154 3.2 12683 13352 21.1 21.5 21.1 22.6 23.5 24.1 24.3 -
2014-6-25 2:00:0023 20 23.2 23 1,005.9 0 83 81 166 2.4 178 1.3 174 1.5 169 1.9 181 3.8 11604 11263 21.5 21.6 21.5 22.8 23.8 24.3 24.5 -
2014-6-25 1:00:0023.2 19.8 23.5 23.2 1,006.3 0 81 79 192 2.6 192 1.3 180 1.6 179 2.1 187 4.5 13623 13691 21.6 21.8 21.6 23 24 24.5 24.6 -
2014-6-25 00:00:0023.5 19.6 23.6 23.5 1,006.5 0 79 78 177 2.4 171 2 176 2.1 179 2.5 166 4.8 17809 15794 21.8 21.9 21.7 23.2 24.3 24.7 24.8 -
2014-6-24 23:00:0023.6 19.7 24.2 23.6 1,006.7 0 79 79 168 3.6 168 2.1 174 2.3 173 2.9 162 4.9 17016 16151 21.9 22.5 21.9 23.7 24.7 25 24.9 -
2014-6-24 22:00:0024.2 20.7 24.7 24.2 1007 0 81 80 184 3.7 180 1.9 181 2.2 182 3.4 176 6.2 11069 10634 22.5 23.4 22.5 24.2 25.1 25.3 25.1 -
2014-6-24 21:00:0024.7 21.2 25.3 24.7 1,006.6 0 81 79 174 3.4 170 2.8 171 2.8 174 3.2 175 5.5 6388 6575 23.4 23.6 23.2 24.7 25.5 25.6 25.2 -
2014-6-24 20:00:0025.3 21.4 26.4 25.3 1,005.9 0 79 72 182 2.9 181 2.5 168 2.8 161 3 159 5.8 5892 6219 23.7 24.8 23.7 25.4 26.1 25.9 25.3 -
2014-6-24 19:00:0026.4 21.2 27.2 26.4 1,005.6 0 73 68 157 5.4 158 3.7 169 2.7 164 2.8 157 5.4 7965 7767 24.8 26 24.8 26.2 26.6 26.1 25.4 -
2014-6-24 18:00:0027.2 20.8 27.7 27.2 1005 0 68 65 185 2.9 177 1.9 173 1.6 182 2.3 172 4.3 8577 8317 26 27.5 26 27.1 27.1 26.4 25.4 -
2014-6-24 17:00:0027.7 20.5 27.8 27.6 1,004.7 0 65 64 160 2.5 153 2 154 1.7 159 2 151 3.6 8487 8364 27.5 28 27.4 27.9 27.6 26.6 25.4 -
2014-6-24 16:00:0027.8 20.9 27.8 27.6 1,004.7 0 66 64 104 1.4 121 1 128 1.4 85 2.8 82 4.3 6713 7539 28 28.7 27.9 28.8 28.2 26.8 25.2 -
2014-6-24 15:00:0027.8 21.1 29.9 27.8 1005 0 67 52 74 4.4 76 3 81 2.7 80 3.2 64 5.3 8025 7349 28.8 37.5 28.8 30.8 28.9 26.6 24.8 -
2014-6-24 14:00:0029.9 19.3 30 29.2 1,005.4 0 53 51 88 1 84 0.8 158 0.8 216 2.9 225 4.4 7955 8024 37.5 40.5 37.2 32.7 28.6 26 24.4 -
2014-6-24 13:00:0029.2 19.2 29.5 28.9 1,005.6 0 55 54 218 3.7 215 3.1 216 2.7 216 2.7 214 4.8 8552 8681 39 41.3 38.9 32.6 27.9 25.3 23.9 -
2014-6-24 12:00:0029 19.6 29.1 28.2 1,006.5 0 57 56 222 2 210 0.9 175 1.7 139 2.2 148 4 8427 9710 41.3 41.3 37.1 31.5 26.7 24.4 23.4 -
2014-6-24 11:00:0028.2 20.2 28.2 27.1 1007 0 62 60 160 3.2 158 2.6 177 1.5 238 1.8 149 4.6 8915 9383 39.4 39.6 33.9 29.7 25.5 23.7 23 -
2014-6-24 10:00:0027.2 20.3 27.5 25.8 1,007.4 0 66 64 123 1.4 121 0.9 142 1.6 210 2.1 176 4.2 8934 8966 36.8 38.1 31.4 28.2 24.1 22.9 22.7 -
2014-6-24 9:00:0025.8 20.4 25.9 25.2 1,007.2 0 72 71 217 3 216 2.2 214 2 205 2.3 207 4.5 6788 6442 31.7 32.9 30.1 25.7 23 22.4 22.6 -
2014-6-24 8:00:0025.3 21.6 25.3 23.5 1007 0 80 79 151 2.5 162 1.5 162 1.5 177 1.6 165 2.9 4866 4776 30.1 30.1 25.3 23.5 22.1 22.1 22.6 -
2014-6-24 7:00:0023.4 21.1 23.4 21.4 1007 0 87 86 179 1.9 166 1.4 171 1.4 172 1.8 163 3 3758 3927 25.3 25.3 20.8 21.6 21.5 22.1 22.7 -
2014-6-24 6:00:0021.4 20.9 21.4 20.7 1,006.7 0 97 97 150 0.9 159 0.7 150 0.6 137 0.7 155 1.3 3328 3271 20.8 20.8 18.7 20.4 21.4 22.2 22.8 -
2014-6-24 5:00:0020.7 20.2 20.8 20.6 1,006.7 0 97 96 158 0.9 - 0.2 - 0 - 0 158 0.9 2727 2966 18.7 19 18.7 20.3 21.6 22.4 22.9 -
2014-6-24 4:00:0020.8 20.1 20.9 20.7 1,006.5 0 96 95 - 0 - 0 - 0 152 0.7 154 1.3 2813 3209 19 19.3 19 20.6 21.8 22.6 23 -
2014-6-24 3:00:0020.9 20.1 21 20.9 1,006.5 0 95 95 - 0 - 0 131 0.4 136 0.8 142 1.8 3846 3675 19.2 19.5 19.2 20.8 22.1 22.7 23.2 -
2014-6-24 2:00:0021 20.2 21.2 21 1,006.6 0 95 94 - 0 - 0 - 0 178 1 181 1.9 2611 2660 19.5 19.9 19.5 21.1 22.3 22.9 23.3 -
2014-6-24 1:00:0021.2 20.2 21.3 21.2 1,007.1 0 94 93 184 1 174 0.7 185 0.5 173 1.2 174 1.9 2341 2547 19.9 20 19.9 21.4 22.5 23.1 23.4 -
2014-6-24 00:00:0021.3 19.9 21.8 21.3 1,007.7 0 92 90 196 1.4 184 0.8 186 0.7 175 1.2 178 2.6 3677 3707 19.9 20.4 19.9 21.6 22.8 23.4 23.6 -
2014-6-23 23:00:0021.8 20.1 22.3 21.8 1,008.1 0 90 85 162 1.6 173 1.2 173 1.3 188 1.7 193 4.2 4516 4656 20.4 20.8 20.4 22.1 23.2 23.6 23.7 -
2014-6-23 22:00:0022.3 19.7 22.4 22.2 1,008.3 0 85 84 180 1.7 175 1.3 179 1.5 178 1.6 190 3.2 7496 7308 20.8 20.9 20.8 22.4 23.5 23.9 23.8 -
2014-6-23 21:00:0022.2 19.4 23 22.2 1008 0 84 80 176 1.3 174 0.8 176 1 175 1 168 1.5 7334 7385 20.9 21.6 20.9 23 24 24.1 23.9 -
2014-6-23 20:00:0023 19.4 24.2 23 1,007.2 0 80 74 188 1.1 170 0.7 181 0.7 178 1.3 196 1.9 8713 8747 21.7 23.1 21.7 23.9 24.6 24.3 23.9 -
2014-6-23 19:00:0024.2 19.3 25.3 24.2 1,006.8 0 74 69 169 1.4 169 1.2 180 1.3 205 1.9 171 3.1 11316 10121 23.2 25.6 23.2 25.1 25 24.4 23.8 -
2014-6-23 18:00:0025.3 19.7 25.8 25.3 1,006.2 0 71 69 194 2.5 196 2.1 208 2 162 2.4 165 3.9 8347 8222 25.6 28.7 25.6 26.3 25.2 24.3 23.7 -
2014-6-23 17:00:0025.8 20.1 25.8 25.3 1,005.7 0 71 69 180 2.1 171 1.7 172 2.2 177 2.3 209 3.8 7865 8030 28.7 29.9 28.3 26.8 25 24 23.5 -
2014-6-23 16:00:0025.3 20.1 25.4 24.9 1,006.2 0 73 70 218 2.5 230 1.9 193 1.5 174 1.7 165 3 9994 9803 29.9 30.2 28.3 26.5 24.6 23.7 23.3 -
2014-6-23 15:00:0024.9 19.7 24.9 24.3 1,006.9 0 73 72 229 1.3 245 0.8 230 0.7 193 1.5 263 2 11620 10900 28.5 28.9 27.5 25.9 24.1 23.4 23.2 -
2014-6-23 14:00:0024.3 19.8 24.3 23.7 1,006.9 0 76 75 214 2 216 1.5 194 1.6 189 1.6 168 2.9 8058 8211 27.7 28.6 26.1 25.1 23.7 23.2 23.1 -
2014-6-23 13:00:0023.7 20.2 23.7 23.4 1,007.7 0 81 80 224 1.2 217 1 223 1 232 2 213 3.5 6609 6403 26 26.2 24.5 24.2 23.4 23 23 -
2014-6-23 12:00:0023.4 20.3 23.6 23.4 1,008.1 0.1 83 79 - 0 - 0.1 - 0.2 166 2.9 165 5.2 6697 6676 24.5 25.2 24.1 23.9 23.2 22.9 22.9 -
2014-6-23 11:00:0023.6 19.9 23.7 23.2 1,007.2 0 80 77 167 3.4 167 2.6 164 2.8 163 2.9 165 5 8300 9195 24.8 25.8 24.8 23.9 22.9 22.7 22.8 -
2014-6-23 10:00:0023.1 19.9 23.1 22.6 1,008.7 0 82 82 93 1.3 103 0.3 99 0.6 354 1.6 349 2.9 7602 6445 25.4 25.4 23.7 23.3 22.5 22.5 22.8 -
2014-6-23 9:00:0022.6 20.3 22.6 21.8 1,008.2 0 87 86 119 0.3 159 0.4 150 1 154 1.3 169 3 5905 5537 23.7 23.7 22.6 22.5 22.2 22.5 22.8 -
2014-6-23 8:00:0021.8 19.7 21.8 21.5 1,008.2 0 88 87 159 1.1 161 0.9 63 0.4 96 1.4 123 2.3 5880 6308 22.5 22.5 21.1 21.8 22 22.5 22.9 -
2014-6-23 7:00:0021.5 19.6 21.5 21.2 1,007.7 0 89 87 351 1 358 0.6 26 1.3 63 1.7 63 2.8 5777 5774 21.1 21.1 20.7 21.4 22 22.5 23 -
2014-6-23 6:00:0021.2 19.1 21.2 21 1,007.7 0 88 88 100 0.8 100 0.7 69 0.8 73 1.2 75 1.6 7032 6711 20.7 20.7 20 21.1 22 22.6 23.1 -
2014-6-23 5:00:0021 19.1 21.1 20.9 1,007.4 0 89 88 68 1.3 83 0.9 141 0.9 150 0.9 154 1.6 8785 8766 20 20.1 20 21.2 22.1 22.7 23.2 -
2014-6-23 4:00:0021 18.9 21.2 21 1,007.2 0 88 86 - 0 - 0 - 0.1 151 1.9 168 4.2 10242 9684 20.1 20.3 20.1 21.3 22.3 22.9 23.3 -
2014-6-23 3:00:0021.2 18.8 21.3 21.2 1,007.1 0 86 86 149 1.9 148 1.1 137 0.5 173 1.4 172 2.5 10735 10850 20.3 20.5 20.3 21.5 22.5 23 23.4 -
2014-6-23 2:00:0021.3 19.4 21.6 21.3 1,007.4 0 89 88 168 1.4 159 0.9 172 0.7 170 1 178 1.9 5888 5435 20.5 20.6 20.5 21.7 22.7 23.2 23.5 -
2014-6-23 1:00:0021.6 19.5 21.7 21.6 1,007.9 0 88 88 - 0 - 0.1 181 0.5 151 1.5 152 3 5713 5271 20.6 21 20.6 21.9 22.9 23.4 23.7 -
2014-6-23 00:00:0021.7 19.6 22 21.7 1,008.8 0 88 86 - 0 - 0 - 0 123 1.6 113 2.8 6317 5946 20.9 21.1 20.6 22.1 23.1 23.6 23.8 -
2014-6-22 23:00:0022 19.6 22.1 22 1,009.2 0 86 85 76 1.6 68 1.1 71 1.1 118 1.9 106 3.3 8983 9168 21.1 21.3 21.1 22.4 23.4 23.8 23.9 -
2014-6-22 22:00:0022.2 19.6 22.4 22.1 1,008.9 0 85 84 127 2.5 131 2 121 1.3 118 2 121 3.5 10437 10426 21.3 21.6 21.3 22.8 23.8 24 24 -
2014-6-22 21:00:0022.4 19.6 22.8 22.4 1,008.7 0 84 83 82 1.8 75 1.4 91 1.5 82 2.2 97 3.5 10189 9804 21.7 22.2 21.7 23.3 24.2 24.3 24.1 -
2014-6-22 20:00:0022.8 19.8 23.4 22.8 1,008.4 0 83 80 94 3.6 89 2.4 77 2.1 91 2.1 75 3.7 10268 10371 22.2 23 22.2 23.9 24.6 24.5 24.2 -
2014-6-22 19:00:0023.4 19.8 24 23.4 1008 0 80 75 93 2.1 94 1.7 91 1.7 85 2.4 94 4 11898 11075 23 24.5 23 24.8 25.1 24.7 24.2 -
2014-6-22 18:00:0024 19.3 24.8 24 1,007.7 0 75 74 69 3 77 1.9 84 2.3 88 2.3 76 4.3 17696 17228 24.5 27.1 24.5 26 25.5 24.7 24.1 -
2014-6-22 17:00:0024.8 20.3 25.4 24.8 1,007.7 0 76 71 71 2.1 89 1.8 88 1.7 87 2.6 92 3.8 14915 14323 27.1 29.1 27.1 27 25.6 24.6 23.9 -
2014-6-22 16:00:0025.1 19.7 25.6 25 1,007.5 0 72 69 67 2.9 75 1.7 75 2 81 2.1 83 3.6 12686 11762 28.5 29.8 28 27 25.5 24.4 23.8 -
2014-6-22 15:00:0025.4 19.3 25.4 25.2 1,007.5 0 69 68 84 3 81 2.3 86 2 67 2.5 41 4.3 15974 17200 29.3 29.4 28.9 27 25.2 24.1 23.6 -
2014-6-22 14:00:0025.4 19.1 25.4 24.6 1,007.8 0 68 67 80 2.5 69 2.2 52 2 41 2.5 74 4.7 18738 19907 29.4 30 27.3 26.6 24.9 23.9 23.4 -
2014-6-22 13:00:0024.7 20 25 24.6 1,008.1 0 75 72 65 2.4 72 2 66 1.5 119 1.7 74 3.4 10887 10200 27.9 30.5 27.9 26.9 24.5 23.5 23.2 -
2014-6-22 12:00:0024.6 19.9 24.6 23.4 1,008.4 0 75 74 68 0.4 57 0.3 71 1 160 1.9 155 3 10511 10799 30.1 30.1 26.5 25.9 23.8 23.1 23 -
2014-6-22 11:00:0023.5 19.9 23.5 22.9 1,008.9 0 80 79 87 2.2 86 1.6 97 1.1 90 1.9 29 3.1 11648 11833 26.4 26.4 25.6 24.4 23.2 22.9 22.9 -
2014-6-22 10:00:0022.9 19.9 22.9 22.4 1,008.5 0 83 81 95 3 107 1.6 89 2 74 2.2 63 4 13218 14161 25.5 25.6 24.3 23.6 22.8 22.7 22.9 -
2014-6-22 9:00:0022.4 19.8 22.4 21.9 1,008.7 0 85 84 60 2 42 1.6 48 1.4 12 1.9 13 3.9 13443 13939 24.3 24.6 23.1 22.9 22.5 22.6 22.9 -
2014-6-22 8:00:0021.9 19.8 21.9 21.5 1,008.5 0 88 87 29 1.9 29 1.5 24 1.5 76 1.5 126 2.5 10095 10381 23.1 23.1 21.8 22.3 22.2 22.5 22.9 -
2014-6-22 7:00:0021.4 19.5 21.4 21.3 1008 0 89 89 86 1.9 81 1.5 65 1.2 85 1.3 76 2.2 14690 11881 21.8 21.8 21.2 21.8 22.1 22.6 23 -
2014-6-22 6:00:0021.3 19.9 21.4 21.3 1,007.6 0 92 92 76 2.1 81 1.7 85 1.3 65 1.8 72 2.5 8803 8036 21.2 21.2 20.7 21.6 22.2 22.6 23 -
2014-6-22 5:00:0021.3 20.1 21.4 21.2 1,007.2 0 93 92 87 1.6 75 1.3 66 1.8 85 2.2 71 3.7 8667 8694 20.7 20.8 20.7 21.5 22.2 22.7 23.1 -
2014-6-22 4:00:0021.4 20.2 21.5 21.3 1007 0 93 93 44 1.7 41 0.7 56 1.4 60 1.6 61 3.7 10249 10317 20.8 21.1 20.8 21.7 22.3 22.8 23.2 -
2014-6-22 3:00:0021.3 20.1 21.3 21.3 1,006.7 0 93 93 341 0.7 348 0.5 350 1 350 1 354 1.7 6259 6293 21.1 21.1 21 21.7 22.4 22.9 23.2 -
2014-6-22 2:00:0021.2 20.4 21.2 21.2 1,006.5 0 95 95 - 0.1 - 0 - 0 135 0.8 138 1.1 4284 4594 21.1 21.1 21 21.8 22.5 22.9 23.3 -
2014-6-22 1:00:0021.2 20.2 21.3 21.2 1,006.5 0.1 94 94 137 1.1 131 0.9 136 0.8 67 0.9 133 1.5 7809 8209 21.1 21.3 21.1 21.9 22.6 23 23.4 -
2014-6-22 00:00:0021.2 20.2 21.3 21.2 1,006.8 0 94 94 - 0 - 0 - 0 124 0.8 84 0.9 9101 8817 21.3 21.4 21.2 22 22.7 23.1 23.5 -
2014-6-21 23:00:0021.3 20.3 21.4 21.3 1,006.6 0.1 94 93 105 0.7 110 0.5 120 0.9 84 1.1 88 2.2 9025 9532 21.2 21.4 21.2 22.1 22.8 23.2 23.5 -
2014-6-21 22:00:0021.4 20.4 21.7 21.4 1,006.7 0.4 94 92 82 1.7 82 1.4 82 1 92 2.1 99 4 13025 13003 21.4 21.5 21.3 22.3 23 23.4 23.6 -
2014-6-21 21:00:0021.7 20.5 21.9 21.7 1,006.4 0.5 93 92 95 2.8 98 1.8 90 2 81 2.3 69 4.5 12620 11109 21.5 21.8 21.5 22.5 23.2 23.5 23.7 -
2014-6-21 20:00:0021.9 21.1 22 21.9 1,006.2 0.7 95 94 59 1.1 56 1.1 46 1.7 134 2.7 146 5 6344 7739 21.8 22.1 21.8 22.8 23.4 23.6 23.8 -
2014-6-21 19:00:0022 21.2 22.1 21.9 1005 0.3 95 94 137 2.7 131 2.4 115 2.2 63 2.6 81 4.3 4189 5081 22.1 22.4 22.1 23.1 23.6 23.7 23.8 -
2014-6-21 18:00:0022.1 21.1 22.7 22.1 1005 1.5 94 90 71 3.6 60 2.6 53 2.2 64 3 69 5.9 5359 5828 22.5 22.7 22.4 23.4 23.7 23.8 23.8 -
2014-6-21 17:00:0022.7 21 22.8 22.7 1,004.6 0 90 89 89 4 87 3 61 2.7 57 3.2 63 6 9002 12846 22.7 23.5 22.7 23.7 23.9 23.9 23.8 -
2014-6-21 16:00:0022.8 21.1 23.1 22.8 1,003.8 0 90 88 67 2.1 57 1.9 57 3.2 37 3.5 54 6.9 13595 14057 23.4 24.3 23.4 24 24 23.9 23.8 -
2014-6-21 15:00:0023.1 21.2 23.3 23 1,003.8 0 89 89 56 3.1 50 1.9 55 2.3 25 3.4 55 5.7 20461 19025 24.2 25.1 24 24.3 24.1 23.8 23.8 -
2014-6-21 14:00:0023.3 21.6 23.4 23.1 1,003.7 0 90 89 22 4.1 23 3 25 3.2 32 3.3 58 6.1 13752 13679 25.2 25.6 24.6 24.5 23.9 23.7 23.7 -
2014-6-21 13:00:0023.2 21.8 23.2 22.9 1,003.6 0 92 92 38 2.9 36 2.1 48 2.4 27 3.1 21 6.4 11878 11462 25.2 25.4 24.6 24.3 23.7 23.6 23.7 -
2014-6-21 12:00:0023 21.8 23 22.5 1,003.7 0.4 93 92 42 3.7 36 2.1 35 2.6 48 3.3 67 5.9 11490 11136 25.1 25.5 23.5 24 23.5 23.4 23.6 -
2014-6-21 11:00:0022.5 21.7 22.6 22.4 1,003.9 4 95 95 26 3.7 26 2.2 35 2.4 27 2.8 37 5.9 7688 7657 23.8 23.9 23.1 23.4 23.3 23.4 23.6 -
2014-6-21 10:00:0022.5 21.8 22.6 22.5 1,003.8 3.4 96 95 300 0.9 10 0.7 54 2.1 66 3.2 67 5.5 6101 6443 23.2 23.4 23 23.1 23.1 23.4 23.7 -
2014-6-21 9:00:0022.4 21.9 22.4 22.3 1,003.9 8.7 97 97 19 2.7 7 1.9 26 1.5 60 2.6 81 4.5 8616 6327 23 23 22.4 22.8 23.1 23.4 23.8 -
2014-6-21 8:00:0022.3 21.8 22.3 22.3 1003 9.1 97 96 36 1.7 37 1.1 63 1.7 38 3 39 5.4 2827 2999 22.4 22.4 22.2 22.8 23.3 23.7 24 -
2014-6-21 7:00:0022.4 21.7 22.4 22.4 1003 7.3 96 96 66 2.4 45 2.3 25 2.5 27 2.9 30 4.9 3885 3625 22.3 22.5 22.3 23 23.5 23.9 24.1 -
2014-6-21 6:00:0022.4 21.7 22.5 22.4 1,002.3 2.2 96 96 56 3 55 2.2 47 2.1 69 2.4 58 4.3 3496 3538 22.5 22.5 22.4 23.2 23.7 23.9 24.1 -
2014-6-21 5:00:0022.5 21.8 22.7 22.5 1,002.5 0.1 96 95 78 3.1 77 2.3 66 2.2 63 2.6 72 4.5 3784 3525 22.4 22.6 22.4 23.3 23.8 24.1 24.2 -
2014-6-21 4:00:0022.7 21.9 22.8 22.7 1,002.4 0 95 94 72 1.6 76 1.2 56 1.4 61 2.6 66 4.3 2597 2529 22.6 22.8 22.5 23.4 23.9 24.2 24.3 -
2014-6-21 3:00:0022.8 21.8 23.1 22.8 1,002.4 0 94 93 73 1.9 67 1.6 58 1.6 74 2.2 90 4.3 3738 4079 22.7 22.8 22.7 23.5 24 24.3 24.4 -
2014-6-21 2:00:0023.1 21.9 23.4 23.1 1,002.6 0 93 92 31 2.2 34 1.5 43 1.7 39 2.1 49 3.8 4074 4214 22.8 23.1 22.8 23.7 24.2 24.4 24.5 -
2014-6-21 1:00:0023.4 22 23.5 23.4 1,002.9 0 92 91 49 2.8 39 2.2 48 2.1 54 2.1 48 4 6015 6558 23 23.3 23 23.9 24.4 24.5 24.6 -
2014-6-21 00:00:0023.5 22.1 23.7 23.5 1,002.9 0 92 92 50 2.7 63 1.9 54 1.9 46 2 36 3.8 4008 4391 23.3 23.5 23.3 24.1 24.5 24.7 24.7 -
2014-6-20 23:00:0023.7 22.3 24 23.7 1,003.2 0 92 92 37 1.8 39 1.2 49 1.4 69 2.3 75 3.6 5615 5362 23.5 23.7 23.5 24.3 24.7 24.8 24.7 -
2014-6-20 22:00:0024 22.6 24.2 24 1,003.1 0 92 91 68 2.9 72 2 56 1.9 73 2.1 68 3.6 3216 3099 23.7 24 23.7 24.6 25 25 24.8 -
2014-6-20 21:00:0024.2 22.8 24.2 24 1,003.1 0 92 92 80 2.4 83 1.6 83 1.8 82 2.2 81 3.6 4234 4260 24 24.1 23.9 24.8 25.2 25.2 24.9 -
2014-6-20 20:00:0024 22.8 24.6 24 1,002.3 0 93 91 80 2.5 81 2.1 81 2.1 78 2.7 90 4.7 3801 3789 24.1 24.7 24.1 25.2 25.6 25.3 24.9 -
2014-6-20 19:00:0024.6 23 25.4 24.6 1002 0 91 87 106 2.5 97 1.5 82 1.9 62 3.1 61 5.1 3429 3596 24.7 25.9 24.7 25.9 26 25.5 24.9 -
2014-6-20 18:00:0025.4 23.1 26.5 25.4 1,001.5 0 87 82 84 3.1 81 2.5 72 2.5 70 2.5 63 4.2 7462 7548 25.9 28 25.9 26.7 26.3 25.5 24.8 -
2014-6-20 17:00:0026.5 23.2 26.8 26.4 1,001.1 0 82 79 74 3.8 70 2.5 74 2.1 78 2.5 75 4.5 8121 8596 28 31.5 28 28 26.4 25.3 24.6 -
2014-6-20 16:00:0026.5 23 26.8 26 1,001.1 0 81 80 88 1.9 77 1.8 78 2.2 78 2.4 76 4 8381 8689 29.8 33.1 29.8 28.1 26 25 24.4 -
2014-6-20 15:00:0026 23.3 26 25.5 1,001.4 0 85 84 145 2 136 1.5 135 1.7 111 2.3 113 4.4 6143 6167 30.4 30.8 28.8 27.2 25.5 24.7 24.3 -
2014-6-20 14:00:0025.7 23.2 25.7 24.7 1,001.6 0 86 86 126 2.9 121 2.1 106 2.1 87 2.2 71 3.9 5585 5362 30.9 31.1 26.7 26.6 25 24.5 24.2 -
2014-6-20 13:00:0024.8 22.7 24.9 24.7 1002 0 88 87 89 2.7 80 1.9 70 2.1 89 2.5 88 3.7 6650 6459 27.4 28 26.7 25.7 24.8 24.3 24.1 -
2014-6-20 12:00:0024.9 22.8 24.9 24.4 1,002.1 0 88 87 93 2.6 86 2 104 1.8 118 2.3 113 4 8643 8075 27.9 27.9 25.9 25.4 24.4 24.1 24.1 -
2014-6-20 11:00:0024.4 22.3 24.4 23.9 1,002.8 0 88 88 132 2.1 142 1.6 139 1.5 122 1.9 111 4.2 10813 11045 26 26.3 25.6 24.9 24.2 24 24 -
2014-6-20 10:00:0023.9 22.3 23.9 23.5 1,002.4 0 91 91 134 1.8 137 1.2 123 1.4 116 2.5 125 4.7 9608 9634 25.8 25.8 25.1 24.5 24 23.9 24 -
2014-6-20 9:00:0023.5 22.1 23.5 23.2 1,002.5 0.1 92 92 143 1.5 130 1.1 122 1.6 116 2.4 111 4.3 6302 6316 25 25 23.8 24 23.8 23.9 24 -
2014-6-20 8:00:0023.2 22 23.2 23 1,002.6 0.4 93 93 121 3.5 121 2.2 114 2.3 120 2.3 104 4 4779 4531 23.8 23.8 23 23.5 23.7 23.9 24.1 -
2014-6-20 7:00:0023 21.8 23.2 23 1,002.7 1.1 93 91 112 4.7 112 2.7 115 2.3 112 2.8 111 5.3 4187 3466 23.1 23.1 22.7 23.3 23.6 23.9 24.2 -
2014-6-20 6:00:0023.2 21.6 23.4 23.2 1,002.5 0.3 91 87 107 3 121 2.3 131 1.6 147 2 148 4.3 5296 5168 22.6 22.7 22.4 23.2 23.7 24 24.2 -
2014-6-20 5:00:0023.4 21.1 23.5 23.4 1,002.4 0 87 85 139 2.2 144 1.6 149 1.8 141 2.4 148 5.1 7986 8303 22.4 22.5 22.4 23.2 23.7 24.1 24.4 -
2014-6-20 4:00:0023.5 20.8 23.5 23.4 1002 0 85 84 135 2.4 140 1.9 138 2.3 148 2.7 150 5 9010 8561 22.4 22.5 22.4 23.2 23.9 24.3 24.5 -
2014-6-20 3:00:0023.4 20.7 23.5 23.4 1,002.3 0 85 84 145 3.3 144 1.6 138 1.7 118 2.5 106 4.6 8134 8342 22.4 22.4 22.3 23.2 24 24.4 24.6 -
2014-6-20 2:00:0023.5 20.8 23.6 23.5 1,002.5 0 85 84 118 3.2 119 1.8 121 2.3 115 2.7 124 5.3 8838 8698 22.4 22.6 22.3 23.4 24.2 24.6 24.7 -
2014-6-20 1:00:0023.6 20.7 23.7 23.6 1003 0 84 83 125 2.6 137 1.6 122 2.3 120 3.2 116 5.8 8850 8794 22.6 23.1 22.5 23.7 24.5 24.8 24.8 -
2014-6-20 00:00:0023.7 20.8 23.7 23.7 1,003.3 0 84 82 120 3.8 116 2.5 115 2.6 149 2.8 111 5.4 8647 8286 23.1 23.3 23.1 24 24.8 25 25 -
2014-6-19 23:00:0023.8 20.5 23.8 23.8 1004 0 82 81 156 4.7 158 2.5 154 1.9 113 2.6 153 5.1 10266 10225 23.3 23.3 23.2 24.3 25.1 25.3 25.1 -
2014-6-19 22:00:0023.9 20.4 24.3 23.9 1,004.3 0 81 79 145 3 141 2.1 123 1.9 123 2.9 110 6.4 10711 10001 23.3 23.8 23.3 24.7 25.5 25.5 25.2 -
2014-6-19 21:00:0024.3 20.4 24.8 24.3 1,003.8 0 79 76 114 4.1 120 2.6 125 2.8 117 3.1 113 5.7 9398 9300 23.8 24.2 23.8 25.2 25.9 25.8 25.3 -
2014-6-19 20:00:0024.9 20.4 25.7 24.9 1,003.7 0 76 73 120 4.2 124 2.6 121 2.2 132 2.9 109 5.8 10430 11024 24.2 25.6 24.2 25.9 26.5 26.1 25.4 -
2014-6-19 19:00:0025.7 20.5 26.3 25.7 1,003.1 0 73 70 129 2 139 1.9 127 2.4 141 2.7 129 5.2 10182 10372 25.6 27.3 25.6 27 27.1 26.3 25.4 -
2014-6-19 18:00:0026.3 20.4 27.1 26.3 1,002.7 0 70 68 109 2.4 120 1.6 131 1.9 134 2.7 149 5.6 10960 11330 27.4 30.7 27.4 28.2 27.6 26.4 25.2 -
2014-6-19 17:00:0027.2 20.8 27.6 27.2 1,002.8 0 68 65 113 5.1 113 3.3 137 2.6 111 2.9 155 5.1 10878 10333 30.9 33.7 30.9 29.7 27.8 26.2 24.9 -
2014-6-19 16:00:0027.6 20.7 28.4 27.6 1,002.4 0 66 62 154 2.5 151 2 140 2.7 130 2.8 89 6.2 9559 9511 33.4 39.1 33.4 30.7 27.6 25.7 24.6 -
2014-6-19 15:00:0027.5 20.6 27.6 26.3 1,003.5 0 66 65 163 5.8 161 2.9 136 2.2 150 3.1 148 7.4 7526 7748 38.2 38.9 32.3 29.7 26.8 25.3 24.4 -
2014-6-19 14:00:0026.3 20.4 26.6 26.1 1,004.1 0 70 68 119 5.3 131 3.1 152 3.1 119 3.4 113 6.6 7457 6981 32 34.4 31.7 28.7 26.5 25 24.1 -
2014-6-19 13:00:0026.3 20.4 26.5 25.9 1,004.3 0 70 68 141 2.7 149 2.3 152 3 154 3.2 151 5.8 7110 7189 32.6 33 29.8 28.1 26.1 24.8 23.9 -
2014-6-19 12:00:0026.2 20.3 26.9 26.2 1,004.3 0 70 67 171 4.3 172 2.9 177 2.7 185 3.2 184 6 7064 6895 30.6 32.5 30.6 28.3 26 24.4 23.5 -
2014-6-19 11:00:0026.9 20.3 27.3 26.7 1,004.5 0 67 65 184 3.1 178 2.1 179 2.5 151 2.7 155 5 8317 8606 32.6 37.9 32.6 29.2 25.4 23.6 23.1 -
2014-6-19 10:00:0026.7 19.8 26.9 25.6 1,004.6 0 66 65 144 3.2 145 2.8 151 2.6 167 2.9 192 4.9 10706 9580 35.5 36.3 32.8 28.1 24 22.9 22.8 -
2014-6-19 9:00:0025.6 20.2 25.6 23.8 1,004.6 0 72 70 159 3.3 160 2.5 148 2.3 158 2.6 163 5.1 9292 10567 33 33 29 25.4 22.7 22.4 22.7 -
2014-6-19 8:00:0023.7 19.6 23.7 22.1 1,004.7 0 78 78 161 2.4 171 1.7 158 2.5 115 3.2 159 5.7 8502 8403 29 29 23.3 22.8 21.8 22.1 22.7 -
2014-6-19 7:00:0022.1 19.5 22.1 21 1,005.7 0 85 84 97 3.2 94 2.3 84 2 77 2 95 3.6 6135 6333 23.3 23.3 20.3 21.1 21.4 22.1 22.8 -
2014-6-19 6:00:0021 19.1 21 20.3 1,005.3 0 89 89 102 1.7 97 1.3 88 0.7 110 1.3 107 3.3 4506 4407 20.3 20.3 18.5 20.2 21.3 22.2 22.9 -
2014-6-19 5:00:0020.4 18.9 20.8 20.4 1005 0 91 88 108 1 107 0.8 92 1.1 68 1.7 67 2.2 4334 4737 18.5 18.7 18.4 20.1 21.5 22.4 23.1 -
2014-6-19 4:00:0020.8 18.7 20.9 20.7 1,004.5 0 88 88 85 1.6 88 1 94 1.1 111 1.6 125 3.1 5678 6010 18.8 19.1 18.8 20.4 21.7 22.5 23.2 -
2014-6-19 3:00:0020.7 18.8 21 20.7 1,004.2 0 89 86 146 1.2 137 0.8 139 0.9 124 1.3 132 2.4 6262 6078 19.1 19.2 19.1 20.6 21.9 22.7 23.3 -
2014-6-19 2:00:0021 18.6 21.2 21 1,004.9 0 86 85 95 1.4 92 0.8 82 1.1 130 1.5 125 2.8 6304 6547 19.2 19.3 19.2 20.7 22.1 22.9 23.5 -
2014-6-19 1:00:0021.2 18.6 21.3 21 1005 0 85 84 112 1.7 118 1.1 132 1.5 116 2.1 120 3.8 7697 7955 19.3 19.4 19.2 20.9 22.3 23.1 23.6 -
2014-6-19 00:00:0021 18.4 21.5 21 1,006.1 0 85 80 140 2.5 154 1.6 144 1.2 145 1.3 143 2.8 9694 9819 19.3 19.6 19.3 21.1 22.6 23.4 23.8 -
2014-6-18 23:00:0021.5 17.9 21.9 21.5 1,006.3 0 80 77 153 1.1 158 0.7 146 1.5 153 2.3 151 3.9 16011 15590 19.6 20 19.6 21.5 22.9 23.6 23.9 -
2014-6-18 22:00:0021.9 17.5 22.3 21.9 1,006.4 0 76 76 144 1.2 146 1 136 1.6 117 2.6 95 4.8 20753 21573 20 20.5 20 22 23.3 23.9 24.1 -
2014-6-18 21:00:0022.2 18 22.4 22.2 1,005.8 0 77 76 86 2 90 1.6 100 1.6 106 2.1 100 4.4 19617 18193 20.5 21 20.5 22.5 23.7 24.2 24.2 -
2014-6-18 20:00:0022.4 18.2 22.8 22.4 1,005.1 0 77 77 112 2.9 116 1.9 118 1.8 110 2.2 120 3.7 16695 15284 21 21.8 21 23.1 24.2 24.4 24.3 -
2014-6-18 19:00:0022.8 18.5 23.2 22.8 1,004.7 0 77 77 111 4.3 115 2.7 111 2.2 107 2.7 92 4.7 13411 12061 21.8 24 21.8 24.1 24.8 24.6 24.3 -
2014-6-18 18:00:0023.2 18.7 23.8 23.2 1,004.7 0 76 75 110 3.8 97 3.2 105 2.4 100 3 106 5.4 11493 11527 24 25.8 24 25.1 25.1 24.7 24.3 -
2014-6-18 17:00:0023.9 19.1 24.3 23.9 1,004.7 0 75 73 122 3.6 112 2.6 88 2.8 76 3.7 99 5.8 12865 11902 25.8 28.5 25.8 26 25.3 24.6 24.2 -
2014-6-18 16:00:0024.1 19.2 24.8 24.1 1,004.9 0 74 68 70 4.8 66 3 76 3.6 81 3.7 82 6.6 12305 12694 27.6 29.2 27.3 26.3 25.2 24.5 24.1 -
2014-6-18 15:00:0024.8 18.5 24.9 24.4 1,005.1 0 68 68 77 2.9 91 2.2 96 2 93 2.1 67 3.9 12105 12469 29.1 29.6 26.5 26 25.1 24.4 24 -
2014-6-18 14:00:0024.4 18.3 24.7 24.3 1,005.3 0 69 67 94 2 96 1.4 115 1.5 114 2 91 3.8 13745 12064 26.8 28.4 26.5 26.1 25.2 24.2 23.8 -
2014-6-18 13:00:0024.7 18.2 24.8 24.6 1,005.9 0 67 66 100 1.5 100 0.9 84 1.7 85 1.9 79 3.9 15698 15007 28.5 32.2 28.5 27.1 24.9 23.8 23.5 -
2014-6-18 12:00:0024.8 18.5 24.8 23.3 1,006.1 0 68 67 138 2.4 117 1.3 87 0.9 82 2.3 93 4.2 11614 12932 32.5 32.9 29.7 26.6 24.1 23.4 23.4 -
2014-6-18 11:00:0023.3 18 23.4 22.6 1,006.6 0 72 72 84 2.1 84 1.8 77 2 97 2.1 79 4.7 12900 15029 29.6 29.6 26.1 24.7 23.3 23.1 23.3 -
2014-6-18 10:00:0022.5 18.1 22.6 22.2 1,006.5 0 76 76 103 2 100 2.1 92 2.2 92 2.2 123 4 14267 17771 26.3 26.3 24.9 23.6 22.9 22.9 23.3 -
2014-6-18 9:00:0022.2 18.4 22.2 21.7 1,006.2 0 79 78 141 2.6 135 1.5 107 1.5 70 2.3 67 3.8 19318 19660 25.4 25.4 23.7 22.8 22.5 22.8 23.3 -
2014-6-18 8:00:0021.6 18 21.6 20.9 1,006.1 0 80 80 62 1.6 75 1.7 71 1.2 67 1.6 70 2.7 17453 15479 23.6 23.9 21.6 22.2 22.2 22.8 23.3 -
2014-6-18 7:00:0020.9 18.3 20.9 20.6 1,005.7 0 85 85 83 1.8 87 1.3 83 1.3 80 2.6 82 4 14964 14699 21.6 21.6 20.7 21.5 22.2 22.8 23.4 -
2014-6-18 6:00:0020.6 18.5 20.7 20.6 1,005.2 0 88 88 88 4 85 2.9 76 2.3 76 2.3 81 4 14729 13912 20.8 20.8 20.3 21.3 22.2 22.9 23.5 -
2014-6-18 5:00:0020.7 18.6 20.8 20.7 1005 0 88 87 43 1.7 42 1.6 36 1.8 65 1.9 28 3.5 10918 11598 20.3 20.3 20.2 21.3 22.3 23 23.6 -
2014-6-18 4:00:0020.8 18.6 21 20.7 1,005.1 0 87 86 68 2.4 63 1.8 63 2 70 2.2 69 3.4 22851 22185 20.3 20.4 20.2 21.4 22.4 23.1 23.7 -
2014-6-18 3:00:0021 18.6 21.2 21 1,004.8 0 86 85 82 2.4 82 1.5 72 1.8 71 1.9 29 3.1 14822 17030 20.4 20.5 20.4 21.6 22.6 23.3 23.8 -
2014-6-18 2:00:0021.2 18.6 21.2 21.1 1,004.9 0 85 85 67 2.2 56 1.2 39 1.5 46 2 68 3.4 19523 22478 20.5 20.7 20.5 21.7 22.7 23.4 23.9 -
2014-6-18 1:00:0021.1 18.5 21.2 21.1 1,004.4 0 85 85 36 1.9 53 1.2 57 1.3 71 1.9 64 3.6 21346 19905 20.6 20.8 20.6 21.8 22.9 23.5 24 -
2014-6-18 00:00:0021.2 19 21.4 21.2 1,003.9 0 87 85 76 2.4 76 1.6 70 1.9 65 2.5 79 4.1 20201 18777 20.7 21 20.7 22 23.1 23.7 24.1 -
2014-6-17 23:00:0021.3 18.9 21.4 21.2 1,004.2 0 86 86 36 2.1 39 1.7 37 1.7 68 2 61 2.9 13317 12495 21 21.2 20.9 22.2 23.3 23.8 24.2 -
2014-6-17 22:00:0021.2 19.1 21.2 20.9 1004 0 88 88 57 2.8 55 1.8 67 1.9 46 2.2 45 4.1 8456 7907 21.2 21.3 21.2 22.5 23.5 24 24.4 -
2014-6-17 21:00:0021 20 21.8 21 1,003.6 0 94 89 38 3.5 51 2 46 2.3 46 2.3 44 4.8 4415 3741 21.3 21.7 21.2 22.8 23.7 24.2 24.5 -
2014-6-17 20:00:0021.8 19.9 22 21.8 1,003.1 0 89 87 66 3.3 64 2.4 51 2 37 2.2 13 3.8 5166 7352 21.7 22.1 21.7 23.1 24 24.4 24.6 -
2014-6-17 19:00:0022 19.9 22 21.9 1,002.7 0 88 87 53 1.5 57 1.1 52 1.5 25 2.4 25 3.7 9187 9428 22.1 22.7 22.1 23.5 24.3 24.5 24.6 -
2014-6-17 18:00:0022 20.1 22.3 22 1,002.1 0 89 88 39 3.5 33 2.2 47 1.9 57 2.4 53 4.1 7529 6306 22.7 23.7 22.7 24 24.5 24.6 24.7 -
2014-6-17 17:00:0022.1 20.4 22.3 22.1 1,001.8 0 90 89 23 2.7 27 1.6 42 1.7 24 2.2 20 4.2 7975 6944 23.6 24 23.5 24.4 24.8 24.7 24.7 -
2014-6-17 16:00:0022.3 20.8 22.9 22.2 1,001.7 0 91 89 28 1.8 35 1.2 36 1.6 27 2.2 35 3.4 8699 8466 24 25.1 23.8 24.9 25 24.7 24.6 -
2014-6-17 15:00:0022.9 21 23.5 22.9 1,001.4 0 89 86 32 2.9 34 2.2 28 2.1 28 2.1 27 3.2 7511 7727 25.1 28.9 25.1 25.6 25 24.6 24.6 -
2014-6-17 14:00:0023.5 21.4 23.5 22.7 1,001.3 0 88 88 41 1.2 32 1 59 1.2 36 1.5 41 2.4 7456 8271 28.9 29.1 24.9 25.4 24.7 24.5 24.5 -
2014-6-17 13:00:0022.8 21.3 22.9 22.7 1,001.4 0.3 91 90 17 1.2 16 1 20 1.5 22 1.9 14 2.9 5613 5531 25.7 26.9 25.2 25.1 24.5 24.4 24.5 -
2014-6-17 12:00:0022.7 21.2 22.8 22.3 1,001.7 0.2 91 91 301 1.5 302 0.9 322 0.9 61 1.2 71 2.3 5462 5172 25.3 25.3 24.4 24.5 24.3 24.3 24.5 -
2014-6-17 11:00:0022.3 21.1 22.3 22.2 1,001.7 0.2 93 92 18 2.1 40 0.9 63 1.3 41 1.8 25 2.9 6962 6455 24.5 24.5 23.8 24.2 24.1 24.3 24.5 -
2014-6-17 10:00:0022.2 21.2 22.6 22.1 1,001.6 0.6 94 92 64 2.6 65 1.5 50 1.4 36 2 60 3.2 5119 5115 23.9 24 22.9 23.8 24.1 24.3 24.6 -
2014-6-17 9:00:0022.6 21.2 23 22.6 1,001.6 0 92 92 49 1.6 46 1.1 36 1.7 11 2.4 9 4.6 8138 7107 23.6 25 23.5 23.9 24.2 24.3 24.6 -
2014-6-17 8:00:0022.9 21.7 23 22.7 1001 0 93 93 23 3.3 20 2.4 8 2.2 13 3.4 18 5.5 5629 5795 25 25 23.3 23.9 24.1 24.4 24.7 -
2014-6-17 7:00:0023 22.5 23.1 23 1,000.6 1.4 97 97 3 1.9 6 1.5 5 1.7 354 2.2 7 3.3 4608 4450 23.4 23.5 23.1 23.7 24.1 24.4 24.7 -
2014-6-17 6:00:0023 22.5 23.2 23 1,000.5 0.8 97 97 354 2.8 2 1.5 354 2.3 352 2.4 356 4.4 2001 1627 23.1 23.2 23.1 23.7 24.1 24.5 24.8 -
2014-6-17 5:00:0023.2 22.7 23.2 23.1 999.9 0 97 97 339 1.2 334 0.7 333 1.1 353 1.6 340 2.8 2943 3101 23.1 23.2 23.1 23.7 24.2 24.5 24.8 -
2014-6-17 4:00:0023.1 22.6 23.1 23 999.7 5.3 97 97 3 0.8 324 0.6 317 0.9 308 1.5 303 2.8 3932 4163 23.1 23.1 22.9 23.8 24.3 24.6 24.9 -
2014-6-17 3:00:0023 22.5 23 22.9 999.9 0.4 97 97 293 1.2 291 1.2 307 1.4 348 1.5 307 3 1797 1643 23 23.1 23 23.9 24.4 24.7 25 -
2014-6-17 2:00:0022.9 22.4 22.9 22.7 999.9 0.1 97 97 352 2.3 348 1.6 350 1.2 98 1.5 352 2.3 2045 2141 23 23.1 23 23.9 24.4 24.8 25.1 -
2014-6-17 1:00:0022.8 22.3 22.8 22.7 999.7 0 97 97 116 2.2 106 1.8 92 1.5 112 1.7 134 3.1 1466 1370 23 23 22.9 24 24.5 24.9 25.1 -
2014-6-17 00:00:0022.7 22.2 22.7 22.7 1,000.6 0 97 95 144 1.5 132 1.1 95 1.3 104 1.8 111 3.4 1707 1815 22.9 22.9 22.8 24.1 24.6 25 25.2 -
2014-6-16 23:00:0022.7 21.9 22.8 22.7 1,001.3 0.1 95 93 77 1.8 95 1.1 89 0.8 99 2 132 3.1 3590 3690 22.9 23 22.8 24.2 24.8 25.1 25.3 -
2014-6-16 22:00:0022.9 21.9 23 22.9 1,001.8 0.2 94 91 80 3.5 79 2.1 106 2 121 2.4 111 4.8 3015 3070 23 23.7 23 24.4 24.9 25.2 25.4 -
2014-6-16 21:00:0023 21.5 23.2 23 1,002.2 0 91 87 136 3.2 129 2.3 126 1.7 120 2.5 126 4.5 5669 5809 23.7 23.8 23.7 24.6 25.1 25.3 25.5 -
2014-6-16 20:00:0023.2 20.9 23.5 23.2 1,001.8 0 87 82 121 2.3 116 2.2 110 2.1 130 3.3 131 7.4 8306 8502 23.8 24.1 23.8 24.8 25.3 25.5 25.5 -
2014-6-16 19:00:0023.5 20.2 23.7 23.5 1,001.8 0 82 77 118 4.7 114 3.3 112 2.6 118 3.8 111 6.3 13248 13616 24.1 24.9 24.1 25.1 25.5 25.6 25.6 -
2014-6-16 18:00:0023.7 19.6 23.7 23.4 1,001.5 0 78 78 100 2.9 97 3 120 3.7 124 3.8 105 7.1 18447 17191 24.9 25.7 24.9 25.4 25.6 25.6 25.6 -
2014-6-16 17:00:0023.6 20.3 23.8 23.6 1,001.8 0 82 80 131 2.9 126 1.9 137 2.2 116 3.8 89 7 14687 15677 25.7 27.3 25.6 25.8 25.8 25.7 25.6 -
2014-6-16 16:00:0023.8 20.3 23.8 23.3 1,001.4 0 81 81 116 3.1 127 2.5 133 2.9 115 4.2 127 8.1 13397 13381 27.2 27.3 26.3 26 25.8 25.7 25.6 -
2014-6-16 15:00:0023.3 20.4 23.4 23.2 1,002.1 0 84 84 113 4.9 117 3.8 117 3.4 119 4 117 7.8 15187 14704 26.4 26.5 25.7 26 25.9 25.7 25.6 -
2014-6-16 14:00:0023.5 21 24.2 23.5 1,002.6 0 86 80 118 7 121 4.8 124 4 113 5 106 9.8 7888 9916 26.3 28.3 26.3 26.3 25.9 25.7 25.6 -
2014-6-16 13:00:0024.2 20.7 24.6 24.2 1,003.2 0 81 76 126 5.3 119 2.8 119 3.5 129 4.6 117 8.7 22979 22045 28.3 28.8 28.1 26.3 25.8 25.6 25.6 -
2014-6-16 12:00:0024.6 20.5 24.7 24.5 1,003.6 0 78 77 118 7.3 124 5.5 127 3.9 116 4.5 129 9 15389 16687 28.2 28.4 27.4 26.1 25.6 25.5 25.6 -
2014-6-16 11:00:0024.6 20.5 24.8 24.6 1,004.3 0 78 77 106 7.6 109 3.6 112 3.9 116 4.4 111 8.8 15378 14456 27.6 27.8 26.4 25.8 25.5 25.4 25.6 -
2014-6-16 10:00:0024.7 20.6 25 24.7 1,004.2 0 78 74 110 3.6 105 2.8 114 3.9 113 4.6 125 8.5 17600 18226 27.7 28.2 27 25.6 25.3 25.4 25.6 -
2014-6-16 9:00:0025 20.3 25 24.4 1,004.6 0 75 74 99 7.2 103 3.6 113 3.5 113 4.2 130 8.6 23302 23663 28.2 28.3 25.4 25.3 25.1 25.3 25.6 -
2014-6-16 8:00:0024.5 21 24.5 24.3 1005 0 81 81 152 5.1 126 2.4 117 2.5 87 3.5 91 6.7 16768 14756 25.5 25.8 24.9 24.8 25 25.4 25.7 -
2014-6-16 7:00:0024.3 21.2 24.3 24 1,004.9 0 83 81 78 5.1 82 3.2 90 3.2 88 4 89 8.4 11134 12027 24.9 24.9 23.8 24.5 25 25.4 25.8 -
2014-6-16 6:00:0024 21.1 24 23.7 1,005.1 0 84 83 88 3.7 93 2.9 89 2.9 84 3.3 77 5.9 9740 9966 23.8 23.8 23.1 24.3 25 25.5 25.9 -
2014-6-16 5:00:0023.7 21 23.8 23.7 1,004.9 0 85 84 84 3.9 86 3.1 85 3 85 3 78 4.7 10889 10611 23 23.1 22.5 24.3 25.1 25.7 26.1 -
2014-6-16 4:00:0023.7 20.8 23.9 23.7 1,004.6 0 84 81 92 2.7 86 2.1 97 2.4 102 2.5 94 4.4 14417 14137 22.4 23.3 22.4 24.4 25.3 25.8 26.2 -
2014-6-16 3:00:0023.9 20.4 24 23.9 1,004.7 0 81 79 105 2.3 108 1.7 99 1.5 119 2.9 107 5.1 12815 13136 23.3 23.3 23.2 24.6 25.5 26 26.4 -
2014-6-16 2:00:0023.9 20.2 23.9 23.8 1,004.9 0 80 79 111 2.9 112 2.2 111 2 121 3.1 121 6.4 9913 9613 23.3 23.3 23.1 24.7 25.7 26.2 26.5 -
2014-6-16 1:00:0023.8 20.1 24 23.8 1,005.5 0 80 78 90 3.4 99 2.6 105 1.9 104 2.7 118 5.6 8691 9103 23.1 23.4 23.1 24.9 25.9 26.4 26.7 -
2014-6-16 00:00:0024 19.9 24 23.9 1,005.7 0 78 77 96 3.9 96 2.3 100 2.5 86 3.6 89 5.7 10212 10715 23.4 23.5 23.3 25.1 26.2 26.7 26.9 -
2014-6-15 23:00:0023.9 19.8 24.4 23.9 1,006.3 0 78 75 90 4 87 3.3 86 3.6 92 3.9 83 6.6 8608 9628 23.4 23.6 23.4 25.5 26.5 27 27.1 -
2014-6-15 22:00:0024.4 20.1 24.7 24.4 1,006.8 0 77 71 79 4.4 80 3.5 80 3.3 81 3.3 80 5.1 9291 9159 23.6 23.9 23.5 25.9 26.9 27.3 27.3 -
2014-6-15 21:00:0024.7 19.1 25.2 24.7 1,006.8 0 71 68 102 3.1 91 1.9 81 2.3 87 2.6 85 4.6 6727 6205 23.9 23.9 23.5 26.4 27.4 27.6 27.4 -
2014-6-15 20:00:0025.2 19.6 26.2 25.2 1,006.7 0 71 66 76 2.7 74 2.1 80 1.8 77 2.2 79 3.9 9252 9157 23.4 26.4 23.4 27.2 27.9 27.9 27.5 -
2014-6-15 19:00:0026.2 19.1 26.7 26.2 1,006.1 0 65 63 73 2.8 76 1.9 78 2 80 2.4 67 3.9 10592 11335 26.4 27.8 26.4 28.1 28.4 28.1 27.6 -
2014-6-15 18:00:0026.7 19.1 27.4 26.7 1,005.6 0 63 55 77 3.8 77 1.9 78 2.4 76 3 83 4.6 11139 10849 27.9 29.8 27.9 29 28.9 28.3 27.6 -
2014-6-15 17:00:0027.4 17.9 28.7 27.4 1,005.6 0 56 47 78 3.6 77 3.2 76 2.8 82 2.9 78 5.2 14164 13991 29.9 33.8 29.8 30.1 29.3 28.3 27.5 -
2014-6-15 16:00:0028.7 16.6 29.6 28.7 1,005.5 0 48 46 101 3.5 102 2.9 87 2.5 92 2.7 78 4.7 15531 12714 33.6 39.7 33.6 31.1 29.3 28.1 27.3 -
2014-6-15 15:00:0029.5 17.7 29.5 28.8 1,005.5 0 49 47 89 2.9 89 1.6 89 2.1 88 3 88 5.4 11963 10698 39.5 39.5 35.7 31.3 28.9 27.7 27.1 -
2014-6-15 14:00:0028.9 16.5 28.9 28.5 1,005.7 0 47 44 87 3.8 93 2.7 86 3 70 3.3 77 5.5 12602 12096 35.7 38.3 35.6 30.6 28.4 27.4 27 -
2014-6-15 13:00:0028.5 16.1 28.6 27.4 1,006.5 0 47 47 62 4.9 65 4 70 3.4 70 3.7 58 5.5 8674 9321 38.3 39.1 32.7 29.7 27.8 27.2 26.9 -
2014-6-15 12:00:0027.3 17.5 27.4 27.1 1,007.4 0 55 55 64 4 69 2.6 76 2.6 82 3.8 101 5.4 8116 7901 33.2 33.2 29.6 28.6 27.5 27 26.8 -
2014-6-15 11:00:0027.4 17.3 27.5 26.6 1008 0 54 54 73 5.1 77 4.3 82 3.7 83 3.7 77 6.3 6092 6022 31.9 36.7 31.1 28.4 27 26.8 26.8 -
2014-6-15 10:00:0026.6 20.4 26.6 26.4 1,008.2 0 69 63 73 3.6 76 2.6 78 2.2 82 2.4 89 4.2 4620 5033 30.9 30.9 26.8 26.9 26.6 26.7 26.9 -
2014-6-15 9:00:0026.4 19 26.5 26.3 1,008.2 0 64 62 104 2.3 113 1.6 91 1.6 73 1.7 67 3.1 4769 4723 27.6 27.9 27.1 26.5 26.5 26.8 27 -
2014-6-15 8:00:0026.3 18.4 26.3 25.6 1,008.2 0 62 61 75 2 73 1.5 70 1.3 41 1.5 14 2.5 6496 6481 27 27.2 25.7 26.2 26.5 26.9 27.1 -
2014-6-15 7:00:0025.6 18.5 25.6 25.2 1,007.5 0 65 65 164 1.2 172 0.9 197 1.3 143 1.6 162 2.8 5959 6064 25.8 25.8 24.4 25.8 26.6 27.1 27.3 -
2014-6-15 6:00:0025.2 18.6 25.4 25.1 1,007.3 0 67 67 117 0.9 122 0.4 137 0.4 71 1.4 84 2.4 6981 6500 24.5 24.5 23.2 25.8 26.8 27.3 27.5 -
2014-6-15 5:00:0025.4 19.5 25.9 25.4 1007 0 70 62 112 1.5 108 0.9 95 1.4 89 1.7 65 2.9 5555 5566 23.2 24.7 23.1 26.1 27.1 27.5 27.7 -
2014-6-15 4:00:0025.9 18.3 25.9 25.8 1007 0 63 62 89 2.5 86 1.7 77 1.5 77 1.5 69 2.5 6981 6776 24.7 25 24.7 26.4 27.3 27.8 27.9 -
2014-6-15 3:00:0025.8 19 25.9 25.7 1,006.7 0 66 64 67 1 73 0.9 81 1.1 85 1.2 88 2.3 6254 6327 25 25.2 25 26.7 27.6 28 28.1 -
2014-6-15 2:00:0025.9 18.6 25.9 25.8 1,007.1 0 64 63 114 0.6 115 0.5 121 0.7 78 1.2 84 1.8 7492 7175 25.2 25.5 25.2 27.1 28 28.3 28.3 -
2014-6-15 1:00:0025.9 19.1 26.4 25.9 1,007.1 0 66 62 48 0.4 - 0.2 168 0.4 166 1.4 160 2.7 6701 6736 25.5 25.9 25.5 27.4 28.3 28.7 28.6 -
2014-6-15 00:00:0026.4 18.5 26.9 26.4 1,007.3 0 62 58 160 1.8 168 0.9 172 1 182 2.3 187 4.4 7737 7668 25.9 26.3 25.9 27.8 28.8 29 28.8 -
2014-6-14 23:00:0026.9 17.9 27.7 26.9 1,007.6 0 58 51 180 3.1 178 2.3 178 1.6 178 1.9 189 3.5 7914 8066 26.3 26.6 26.3 28.3 29.3 29.4 29.1 -
2014-6-14 22:00:0027.7 16.7 28.2 27.7 1,007.8 0 51 47 189 2.8 188 1.2 176 1.4 185 1.5 171 3 7773 8156 26.6 27 26.6 28.9 29.9 29.9 29.3 -
2014-6-14 21:00:0028.1 15.7 28.5 28.1 1,007.6 0 47 45 152 1.5 159 1.4 164 1.2 166 1.4 198 2.5 7587 7606 27 27.2 26.6 29.6 30.6 30.4 29.5 -
2014-6-14 20:00:0028.5 15.4 29.2 28.4 1,007.1 0 45 45 178 1.6 181 1.2 165 1.4 88 1.8 85 3.1 8966 8950 27.2 29.2 27.2 30.9 31.5 30.9 29.7 -
2014-6-14 19:00:0029.2 18.3 30.2 29.2 1007 0 52 48 89 2.3 90 1.4 86 1.7 84 3 74 5.1 8634 8468 29.2 32.5 29.2 32.5 32.5 31.4 29.8 -
2014-6-14 18:00:0030.2 18.3 31.2 30.2 1,006.8 0 49 47 90 3.8 86 2.9 83 3.1 82 3.6 85 6.2 8678 7754 32.5 36.7 32.5 34.4 33.4 31.6 29.7 -
2014-6-14 17:00:0031.2 18.6 32.2 31.2 1,006.6 0 47 44 81 5.4 77 3.9 82 3.6 78 4.1 97 6.4 7321 7410 36.9 42.2 36.9 36.2 34.1 31.6 29.4 -
2014-6-14 16:00:0032.2 18.8 33.5 32.2 1,006.2 0 45 32 99 5 97 3.8 86 3.7 85 4.2 70 7.1 7925 7120 42.3 49.8 42 37.9 34.4 31.3 29 -
2014-6-14 15:00:0033.3 14.9 33.6 33 1,006.2 0 33 32 66 3.6 66 3 65 2.8 86 3.1 87 5.3 11008 11052 49.1 52.3 49.1 38.7 34 30.7 28.4 -
2014-6-14 14:00:0033.3 16.6 33.6 33 1,006.4 0 37 29 22 2.9 23 2.6 13 2.2 57 2.4 73 4.9 7465 7636 52.4 56.5 52 38.9 33.1 29.8 27.8 -
2014-6-14 13:00:0033.1 15.1 33.2 32.2 1,006.9 0 34 32 86 1.2 85 1 106 1.3 183 1.6 51 4.4 11377 10121 51.8 55.6 51 37.8 32 28.9 27.3 -
2014-6-14 12:00:0032.2 15.7 32.2 31.2 1,007.2 0 37 37 253 1.3 269 0.6 302 1 52 1.7 80 3 7572 7768 52.2 56.8 51.1 36.4 30.6 27.9 26.7 -
2014-6-14 11:00:0031.2 16.8 31.2 30 1,007.7 0 42 36 1 1.5 1 1.1 327 1.2 299 2.2 298 3.3 6566 7032 53.3 53.3 47.6 34 28.8 27 26.4 -
2014-6-14 10:00:00- - 29.5 28.1 - 0 - 53 - - - - - - 197 1.8 199 3.7 - - - - - - - - - -
2014-6-14 9:00:0028.1 18.5 28.2 26.2 1,008.2 0 56 56 240 1.7 249 1.1 253 1 202 1.6 224 2.8 4382 4484 37.8 38.5 32.4 28.1 26.2 26 26.2 -
2014-6-14 8:00:0026.1 19.5 26.1 25 1,008.2 0 67 66 199 1.7 209 0.9 191 1.3 213 1.5 205 3 3757 3681 32.1 32.1 26.2 25.8 25.6 26 26.3 -
2014-6-14 7:00:0024.9 19.1 24.9 24.3 1,007.9 0 70 69 231 1.3 222 0.8 193 0.8 190 1 188 1.8 3786 3851 26.1 26.1 24.1 24.9 25.5 26.1 26.5 -
2014-6-14 6:00:0024.3 18.7 24.3 23.8 1,007.7 0 71 71 204 0.6 201 0.4 180 0.8 173 0.9 167 1.7 4405 4329 24 24 22.5 24.5 25.6 26.3 26.7 -
2014-6-14 5:00:0023.9 18.5 23.9 23.6 1,007.3 0 72 71 - 0 - 0 - 0 174 0.8 174 1.7 4263 4246 22.5 22.5 22.1 24.5 25.8 26.5 26.9 -
2014-6-14 4:00:0023.6 18.5 23.6 23.5 1,007.1 0 73 73 194 1 178 0.7 - 0.2 171 0.6 177 1 4587 4654 22.1 22.1 21.7 24.6 26.1 26.8 27.2 -
2014-6-14 3:00:0023.5 18.6 23.8 23.5 1,007.1 0 74 72 - 0 - 0 - 0.2 177 0.7 175 1.3 4456 4389 21.7 22.1 21.7 24.9 26.5 27.2 27.4 -
2014-6-14 2:00:0023.8 18.5 24.2 23.8 1007 0 72 69 198 0.7 198 0.5 181 0.5 178 0.6 166 1.1 4596 4611 22.1 22.5 22.1 25.4 26.9 27.6 27.7 -
2014-6-14 1:00:0024.2 18.8 25.1 24.2 1,007.4 0 72 62 - 0 - 0 - 0 177 0.6 180 1.2 5111 5264 22.5 23.1 22.5 25.9 27.4 28 28 -
2014-6-14 00:00:0025.1 17.3 25.9 25.1 1,007.9 0 62 53 167 0.9 166 0.6 177 0.4 196 1.5 190 2.6 5315 6218 23.1 23.8 23.1 26.6 28 28.4 28.2 -
2014-6-13 23:00:0025.9 15.6 26.6 25.8 1,008.1 0 53 50 167 0.9 173 0.7 166 1.1 168 1.1 169 2.2 11231 11346 23.8 25 23.8 27.4 28.7 28.8 28.5 -
2014-6-13 22:00:0026.6 15.6 27 26.6 1,008.2 0 51 51 139 0.7 167 0.5 182 0.9 176 1.2 180 2.1 10640 10145 25.1 26.8 25.1 28.4 29.3 29.3 28.7 -
2014-6-13 21:00:0027 19.4 27.6 27 1,007.8 0 63 56 140 0.9 128 0.8 120 0.7 60 1.4 26 2.4 4582 4590 26.8 27.8 26.8 29.3 30 29.7 28.9 -
2014-6-13 20:00:0027.6 18 28.1 27.6 1,007.2 0 56 55 62 2.4 68 1.7 58 1.3 43 2.6 75 4.2 4879 4557 27.8 28.9 27.8 30.2 30.8 30.2 29.1 -
2014-6-13 19:00:0028.1 18.2 29.2 28.1 1,006.7 0 55 53 36 3.1 52 2.7 44 2.5 51 3.5 88 6 4770 4675 28.9 31.3 28.9 31.6 31.7 30.6 29.1 -
2014-6-13 18:00:0029.3 18.7 31.5 29.3 1006 0 53 38 50 3.8 41 2.6 43 2.6 46 3.6 62 7 4913 5256 31.3 36.8 31.3 33.3 32.5 30.9 29 -
2014-6-13 17:00:0031.5 15.9 31.7 31.4 1,005.1 0 39 38 296 2.9 299 2.3 288 1.6 264 1.8 263 3.6 7703 7341 37 42.1 37 35.2 33.2 30.9 28.8 -
2014-6-13 16:00:0031.7 16.1 32.2 31.7 1,005.1 0 39 37 248 3.7 273 2.4 264 1.7 257 2.1 254 4 7787 7823 41.8 47.8 41.8 36.8 33.5 30.7 28.4 -
2014-6-13 15:00:0031.9 15.8 32 31.2 1,005.3 0 38 36 233 3.1 223 2.2 261 2.2 303 2.8 302 5 7441 7634 45.8 50.9 45.1 37.5 33.3 30.2 27.9 -
2014-6-13 14:00:0031.5 15.1 31.8 30.8 1,005.7 0 37 36 12 2.3 29 1.8 349 2.1 285 2.8 290 6.1 7499 7471 49.8 52.9 48.7 37.9 32.7 29.4 27.3 -
2014-6-13 13:00:0031.2 16.8 31.2 30.4 1,006.1 0 42 40 254 3.6 278 2.3 298 2.3 286 2.3 289 4.8 6728 7803 52.3 56.2 50.2 37.4 31.8 28.5 26.7 -
2014-6-13 12:00:0030.7 16.3 30.7 29.3 1,006.9 0 42 41 296 4 296 2.4 160 1.6 250 2.4 293 4.6 6886 7279 56.7 56.7 52.9 36.4 30.2 27.4 26.2 -
2014-6-13 11:00:0029.2 17.1 29.3 28.2 1,007.2 0 48 44 283 1.8 286 1.4 261 1.6 274 2.6 304 6.1 6943 7272 53.3 53.3 47.1 33.8 28.4 26.4 25.8 -
2014-6-13 10:00:0028.2 17.4 28.2 26.9 1,007.3 0 52 51 280 2.1 289 1.7 292 1.9 287 2.4 229 4.4 5198 5496 48.1 48.1 38.9 30.9 26.8 25.7 25.5 -
2014-6-13 9:00:0026.9 18.7 27 25.5 1,007.3 0 61 59 254 2.3 253 1.7 257 1.9 253 2.3 292 5.1 4869 4718 39.4 42.8 36.6 28.5 25.6 25.2 25.4 -
2014-6-13 8:00:0025.4 18.3 25.5 23.5 1,007.1 0 65 64 231 2 238 1.5 254 2 259 2.1 253 4.2 4428 4473 36.4 36.4 29.8 25.8 24.6 25 25.5 -
2014-6-13 7:00:0023.4 18.7 23.4 21.7 1007 0 75 75 278 2 271 1.3 273 1.3 210 1.4 264 2.6 4118 4087 29.6 29.6 21.9 23.7 24.1 25 25.7 -
2014-6-13 6:00:0021.7 18.5 21.7 21.1 1,006.6 0 82 82 218 1.8 217 1.5 209 1.4 218 1.4 216 2.2 3945 3906 21.8 21.8 19.5 22.7 24.2 25.3 25.9 -
2014-6-13 5:00:0021.1 18.5 21.2 21 1,006.5 0 85 84 208 1.3 212 1 215 1.3 216 1.5 225 2.2 3542 3513 19.5 19.6 19.3 22.6 24.5 25.6 26.2 -
2014-6-13 4:00:0021.2 18.4 21.4 21.1 1,006.5 0 84 79 233 1.9 229 1.2 218 1 219 1.6 236 2.9 3868 3817 19.6 19.8 19.6 23 24.9 25.9 26.5 -
2014-6-13 3:00:0021.5 17.7 21.7 21.4 1,006.6 0 79 78 254 1 248 0.9 239 1.2 210 1.4 205 2.6 4182 4299 19.8 20.1 19.7 23.4 25.3 26.3 26.7 -
2014-6-13 2:00:0021.7 17.7 22.3 21.7 1,006.5 0 78 75 204 2.3 201 1.5 209 1.4 219 1.9 208 4 4581 4558 20.1 20.6 20.1 23.8 25.7 26.7 27 -
2014-6-13 1:00:0022.3 17.4 22.3 21.6 1,006.7 0 74 70 256 1.8 230 1.2 216 1.6 212 1.7 223 2.7 4904 5018 20.5 20.5 20.1 24.2 26.2 27.1 27.4 -
2014-6-13 00:00:0022 16.9 22.8 22 1,006.9 0 73 66 - 0 - 0 - 0 61 0.8 63 0.8 7160 6985 20.2 21 20.2 24.9 26.9 27.6 27.7 -
2014-6-12 23:00:0022.8 16.1 23.3 22.6 1,007.2 0 66 65 68 0.9 61 0.6 61 0.8 76 1 58 1.3 8294 8019 21 22.1 21 25.7 27.6 28.1 28 -
2014-6-12 22:00:0023.3 16.4 23.7 23.3 1,007.2 0 65 64 77 1.1 78 0.8 75 1 98 1.4 98 2.4 8347 8229 22.1 23.2 22.1 26.7 28.3 28.7 28.3 -
2014-6-12 21:00:0023.7 16.5 24.4 23.7 1007 0 64 60 129 1.3 103 0.8 87 1.2 80 2.5 95 3.8 8650 8947 23.3 24.2 23.3 27.7 29.2 29.3 28.6 -
2014-6-12 20:00:0024.4 16.4 25.1 24.4 1,006.1 0 61 57 83 3.7 84 2.7 79 2.5 70 3.1 64 5 9092 8640 24.2 25.7 24.2 29 30.2 29.8 28.8 -
2014-6-12 19:00:0025.2 16.1 26.5 25.2 1,005.7 0 57 53 77 4.2 73 3.3 68 3.2 68 3.2 67 5.6 11122 10551 25.8 29.6 25.8 30.8 31.3 30.3 28.8 -
2014-6-12 18:00:0026.5 16.4 27.6 26.5 1,005.1 0 54 46 21 3.9 24 3.1 38 2.8 49 3.1 39 5.7 11816 11932 29.7 35.3 29.7 32.9 32.3 30.6 28.7 -
2014-6-12 17:00:0027.7 15.4 28.1 27.6 1,004.8 0 47 45 65 3.2 51 2.4 35 2.5 27 3.2 78 5.9 12965 12533 35.4 41.5 35.4 34.9 33 30.6 28.5 -
2014-6-12 16:00:0027.9 15.6 28.6 27.9 1,004.7 0 47 45 42 3.6 36 2.3 31 3.1 35 3.3 13 6.6 10886 10359 40.9 47.6 40.6 36.4 33.2 30.3 28 -
2014-6-12 15:00:0028.6 15.2 28.6 28.2 1,004.7 0 44 43 338 3.2 358 1.8 1 2.4 15 3.2 0 6.2 10486 10664 47.8 50 45.8 37.4 32.9 29.7 27.5 -
2014-6-12 14:00:0028.3 15.2 28.3 27.6 1,005.2 0 45 44 43 4.4 25 3 343 2.7 359 3.5 336 6.4 10499 9216 50.7 53 47.4 37.5 32.2 28.9 26.9 -
2014-6-12 13:00:0027.6 15.3 27.8 27.1 1,005.5 0 47 46 24 4 27 3.4 34 2.8 15 3.9 15 7.4 8568 9503 51.4 53.4 49.5 36.7 30.9 27.9 26.4 -
2014-6-12 12:00:0027.2 15.9 27.2 26.3 1006 0 50 50 65 3.8 46 2.9 359 2.8 9 3.8 24 8 8902 9046 50.8 51.8 45.2 34.9 29.5 27 25.9 -
2014-6-12 11:00:0026.3 17.1 26.4 25.3 1,006.4 0 57 54 356 4.6 10 2.5 25 3.3 31 3.4 34 5.7 8574 9560 48.1 48.5 42.6 32.6 27.9 26.2 25.6 -
2014-6-12 10:00:0025.4 17.1 25.5 24.5 1,006.4 0 60 60 133 0.9 95 1.2 54 2.3 33 2.7 10 5.1 9697 9612 43.3 43.3 37 29.9 26.6 25.6 25.4 -
2014-6-12 9:00:0024.5 17.5 24.5 23.5 1,006.6 0 65 64 4 1.4 25 1.4 24 1.5 327 2.2 318 4 7289 7993 39.8 39.8 34.4 27.8 25.5 25.1 25.3 -
2014-6-12 8:00:0023.5 18.6 23.5 22.6 1,006.8 0 74 74 10 1.9 356 1.6 18 1.4 6 2.3 45 4.1 4423 4505 34.1 34.1 27.1 25.5 24.7 25 25.4 -
2014-6-12 7:00:0022.6 19.6 22.6 22 1,006.5 0 83 82 15 2.1 12 1.4 37 1.4 25 1.9 27 3.4 4475 4221 27.1 27.3 22.9 24.1 24.4 25.1 25.5 -
2014-6-12 6:00:0022 19.7 22 21.6 1,006.4 0 87 86 345 2.4 356 1.8 343 1.5 344 1.6 328 3 4333 4515 22.9 22.9 20.9 23.4 24.5 25.2 25.7 -
2014-6-12 5:00:0021.6 19.3 21.7 21.6 1006 0 87 85 306 1.4 299 0.9 296 0.4 304 1.2 303 1.7 5195 5421 20.9 21.7 20.8 23.4 24.7 25.5 25.9 -
2014-6-12 4:00:0021.6 19.2 21.7 21.6 1,005.7 0 86 86 316 1.1 314 0.4 292 0.8 299 1.7 304 2.5 5399 5340 21.4 22.1 21.4 23.7 25 25.7 26.2 -
2014-6-12 3:00:0021.7 19.6 22 21.7 1,005.7 0 88 87 298 1.5 298 1.3 297 1.5 295 1.7 259 2.8 4649 4714 21.7 21.8 21.6 23.8 25.2 26 26.4 -
2014-6-12 2:00:0021.9 19.6 22 21.4 1,005.8 0 87 85 292 2.2 294 1.5 298 1.3 299 1.4 296 2.7 5383 5518 21.5 21.5 20.4 23.9 25.5 26.4 26.7 -
2014-6-12 1:00:0021.4 19.1 21.5 21.3 1006 0 87 86 - 0 - 0 - 0.1 74 1.1 72 1.6 6910 7160 20.3 20.8 20.2 24.2 26 26.8 27 -
2014-6-12 00:00:0021.5 19.1 22.1 21.5 1,006.4 0 86 84 80 1.1 81 0.9 - 0.2 87 1.5 90 2.5 5657 5780 20.8 21.5 20.8 24.8 26.6 27.2 27.2 -
2014-6-11 23:00:0022.1 19.3 22.5 22.1 1,006.6 0 84 82 85 1.9 83 1.4 84 1 70 1.9 109 2.9 8120 8199 21.6 22.2 21.6 25.6 27.2 27.7 27.5 -
2014-6-11 22:00:0022.5 19.3 23.4 22.5 1,006.4 0 82 76 138 1.3 118 1.3 116 1.2 85 2.9 85 4.9 10326 10481 22.2 23.1 22.2 26.4 28 28.2 27.8 -
2014-6-11 21:00:0023.4 18.9 24.3 23.4 1,006.1 0 76 69 88 3.3 97 2 87 2.3 82 2.6 84 4 11493 12275 23.2 24.3 23.2 27.4 28.8 28.8 28 -
2014-6-11 20:00:0024.3 18.3 25.1 24.3 1,005.8 0 69 64 97 2.4 93 2 95 2.1 78 2.3 87 3.7 12065 12423 24.3 26.1 24.3 28.7 29.8 29.3 28.2 -
2014-6-11 19:00:0025.1 17.8 26.3 25.1 1,005.4 0 64 59 74 2.9 70 2.2 77 1.7 66 2.6 64 4.5 13534 13808 26.2 30.2 26.2 30.5 30.8 29.7 28.2 -
2014-6-11 18:00:0026.3 17.4 26.9 26.3 1,005.1 0 58 55 17 3.8 20 2.8 42 2.3 42 2.3 70 4.8 13493 14009 30.3 36.2 30.3 32.7 31.7 29.9 28 -
2014-6-11 17:00:0026.8 16.7 27.2 26.8 1,004.8 0 54 54 71 1.1 78 0.8 83 1.3 69 2.5 69 4.4 17380 15592 36.2 41.3 36.2 34.5 32.2 29.7 27.7 -
2014-6-11 16:00:0027.1 17 27.5 27 1,005.3 0 54 53 65 2.9 60 2.7 61 2 89 2.6 83 6.3 14486 15422 41.5 46.4 41.5 35.7 32.1 29.3 27.3 -
2014-6-11 15:00:0027.1 17.3 27.3 26.8 1,005.5 0 55 54 52 2.2 41 0.8 31 1.6 36 3.2 28 5.9 13611 15620 46.2 48.2 41.7 35.8 31.6 28.7 26.8 -
2014-6-11 14:00:0027.1 17.6 27.1 26.6 1,006.2 0 56 55 40 3.3 32 2.6 47 2.6 4 3.6 71 6.2 12531 15034 48.4 49.2 43.5 35.4 30.8 28 26.3 -
2014-6-11 13:00:0026.7 17.2 26.7 25.7 1,006.3 0 56 54 75 5.3 71 3.4 53 2.7 82 3.1 75 6.5 13941 15455 49.2 49.9 41.3 34.6 29.6 27.2 25.9 -
2014-6-11 12:00:0025.8 17.2 26.2 25.3 1007 0 59 57 82 4.6 85 3.5 112 2.5 83 2.9 106 5 14690 15143 41.6 47.8 39.9 32.9 28.5 26.4 25.5 -
2014-6-11 11:00:0025.3 17.2 25.5 25 1,007.2 0 61 59 83 3.5 69 2.1 67 2.4 97 3.6 82 6.6 20441 15068 39.9 46.1 39.1 31.2 27.4 25.7 25.1 -
2014-6-11 10:00:0025 18.2 25.1 24.4 1,007.4 0 66 63 100 5.9 91 3 95 3.6 101 3.8 99 6.6 10684 12334 44.7 44.7 37.3 29.6 25.9 25 25 -
2014-6-11 9:00:0024.4 17.9 24.4 23.1 1,007.4 0 67 66 59 5 60 3.2 75 3.2 81 3.5 84 5.6 12692 12603 36.9 38.4 29.8 26.6 24.7 24.7 25 -
2014-6-11 8:00:0023.4 18.5 23.4 22.3 1,007.3 0 74 74 75 3.6 81 2.5 90 2.7 84 2.7 70 5 10193 11238 32.2 32.4 24.3 24.4 24.1 24.6 25.1 -
2014-6-11 7:00:0022.3 18.9 22.3 21.7 1,006.9 0 81 80 25 2 22 1.9 51 1.7 79 2.2 88 3.8 8513 10030 24.4 24.4 22 23.2 24 24.7 25.3 -
2014-6-11 6:00:0021.7 19.1 21.7 21.3 1,006.5 0 85 85 78 1.9 74 1.6 83 1.6 77 2.1 69 3.4 8837 8477 22 22 20.1 22.7 24.1 25 25.5 -
2014-6-11 5:00:0021.3 19 21.3 21.2 1,006.1 0 87 87 84 2.4 81 1.8 84 1.3 73 1.9 74 3.3 8161 7773 20 20.1 19.6 22.7 24.4 25.2 25.7 -
2014-6-11 4:00:0021.3 19.4 21.8 21.3 1,005.9 0 89 87 75 2.3 69 1.6 71 1.3 63 1.7 98 2.9 5961 5664 19.8 20.7 19.8 23.2 24.8 25.5 25.9 -
2014-6-11 3:00:0021.8 19.5 22.1 21.8 1,006.1 0 87 85 64 2.1 66 1.8 64 1.7 27 2.2 62 3.9 5498 5572 20.8 21.6 20.8 23.8 25.2 25.8 26.1 -
2014-6-11 2:00:0022 19.4 22.2 22 1,006.1 0 85 84 29 2 33 1.2 72 1.3 43 1.8 51 3.3 6963 7241 21.7 22.4 21.7 24.2 25.5 26.1 26.4 -
2014-6-11 1:00:0022.1 19.5 22.4 22.1 1,006.6 0 85 84 39 2.3 34 1.2 51 1.3 47 2 50 3.8 7002 6997 21.9 22.8 21.9 24.6 25.9 26.4 26.6 -
2014-6-11 00:00:0022.4 19.4 22.4 22.3 1,007.2 0 83 83 54 2.3 47 1.6 42 1.5 72 1.9 81 3.1 7324 7619 22.8 22.9 22.3 24.9 26.2 26.8 26.9 -
2014-6-10 23:00:0022.3 19.5 22.4 22.3 1,007.4 0 84 82 60 2.2 65 1.8 71 1.8 87 2.1 88 3.2 7898 7956 22.9 23 22.2 25.3 26.7 27.2 27.1 -
2014-6-10 22:00:0022.3 19.1 22.3 22.2 1,007.4 0 82 79 89 2.8 90 2 87 2.1 74 2.1 77 3.5 8629 8923 22.2 22.2 21.7 25.6 27.3 27.7 27.4 -
2014-6-10 21:00:0022.3 18.5 22.7 22.3 1,007.4 0 79 76 72 3 69 2.4 74 2 79 2.4 77 4.8 10963 10659 22.1 22.9 22.1 26.6 28.2 28.3 27.7 -
2014-6-10 20:00:0022.7 18 23.3 22.7 1,006.8 0 75 71 79 1.9 78 1.6 82 2.2 85 3.5 86 5.9 12216 13031 23 24.3 23 27.8 29.1 28.9 27.9 -
2014-6-10 19:00:0023.3 18 24.2 23.3 1,006.5 0 72 67 88 4.4 91 2.9 89 3.2 85 3.9 76 7.5 16176 18380 24.4 27.6 24.4 29.5 30.2 29.3 27.9 -
2014-6-10 18:00:0024.2 17.7 25.5 24.2 1,005.8 0 67 63 83 5.6 84 4.1 83 3.6 79 4.1 111 7.6 26203 20080 27.7 33.1 27.7 31.6 31.2 29.6 27.8 -
2014-6-10 17:00:0025.5 18.2 26.9 25.5 1,005.6 0 64 55 81 4.2 90 3.1 85 3.8 78 4.4 85 7.5 23499 19147 33 38.2 32.7 33.6 31.9 29.6 27.6 -
2014-6-10 16:00:0026.9 17.1 27.5 26.9 1,005.4 0 55 54 89 6.4 74 3.8 71 3.1 73 4.1 82 7.1 19830 19240 38.1 45.3 37.9 35.4 32.2 29.3 27.1 -
2014-6-10 15:00:0027.4 18.1 27.7 27.3 1,005.7 0 57 56 68 4 62 2.9 51 3.3 55 4.1 67 6.8 20334 12860 44.7 48.8 44.7 36.3 31.7 28.6 26.6 -
2014-6-10 14:00:0027.5 19 27.6 27.1 1,005.7 0 60 59 52 3.8 67 3.5 65 3.5 50 3.9 76 6.6 13447 14623 47.8 49.5 45.8 36.1 30.9 27.7 26 -
2014-6-10 13:00:0027.1 19.5 27.3 26.6 1,005.9 0 63 61 63 5.7 69 2.7 85 3.1 84 3.4 75 6.4 13202 12745 47.5 50.3 46.1 35.3 29.5 26.7 25.4 -
2014-6-10 12:00:0026.6 19.2 26.8 25.4 1,006.3 0 64 64 13 4.2 21 2.9 64 3.2 111 3.2 74 5.9 21952 14615 48.9 51 42.5 33.4 27.7 25.7 25 -
2014-6-10 11:00:0025.3 19.4 25.3 24.2 1,006.9 0 70 69 95 3.4 103 2.7 98 2.4 81 2.9 67 5.5 14522 14101 43.2 46.4 38.4 30.3 26 24.9 24.8 -
2014-6-10 10:00:0024.2 19.3 24.2 22.8 1,007.2 0 74 74 91 2.9 80 2.5 95 2.8 76 3.2 111 5.4 11993 11353 37.4 39.6 27.5 26.8 24.7 24.6 24.8 -
2014-6-10 9:00:0022.8 19.6 22.9 22.1 1,007.3 0 82 81 67 4 72 2.9 82 2.9 74 3.3 78 5.9 10061 9262 27.6 28.7 24.1 24.5 24.2 24.5 24.9 -
2014-6-10 8:00:0022.2 19.6 22.3 22.1 1,006.8 0 85 84 73 3.8 76 3 76 2.8 76 3.4 86 5.6 7225 7874 24.1 24.4 23.1 23.6 24 24.6 25 -
2014-6-10 7:00:0022.1 19.6 22.1 21.7 1,006.8 0 86 86 73 3.8 67 2.9 71 2.7 71 3 70 4.8 7530 7190 23.1 23.1 21.9 23.2 24 24.7 25.2 -
2014-6-10 6:00:0021.7 19.3 21.7 21.4 1,006.5 0 86 85 87 2.5 83 2.2 84 1.8 77 1.8 79 3.5 7453 7837 21.9 21.9 21 22.9 24.1 24.9 25.4 -
2014-6-10 5:00:0021.4 18.8 21.4 21.3 1,006.2 0 85 83 51 1.7 48 1 54 1.6 61 1.7 95 3.1 9470 10269 21 21 20.9 23 24.4 25.2 25.6 -
2014-6-10 4:00:0021.3 18.3 21.4 21.3 1,005.8 0 83 83 72 2.4 70 1.9 66 1.5 137 1.6 129 2.9 12462 11683 20.9 21.3 20.9 23.2 24.7 25.4 25.8 -
2014-6-10 3:00:0021.4 18.4 21.5 21.4 1,006.2 0 83 81 88 2.6 81 1.4 78 1.5 76 1.8 78 3.7 14055 14100 21.1 21.1 21 23.5 25 25.7 26.1 -
2014-6-10 2:00:0021.5 18.1 21.6 21.5 1006 0 81 81 76 2 72 1.6 85 1.6 106 1.9 127 3.6 13612 13541 21.1 21.4 21.1 23.9 25.4 26.1 26.3 -
2014-6-10 1:00:0021.6 18.2 21.8 21.6 1,005.9 0 81 80 78 2.3 76 1.4 102 1.7 117 2.2 97 4 10874 11101 21.4 21.8 21.4 24.3 25.8 26.5 26.6 -
2014-6-10 00:00:0021.8 18.2 21.9 21.7 1,006.6 0 80 80 86 2.6 84 1.9 94 1.4 106 2.1 107 3.9 9944 10155 21.8 22.3 21.5 24.8 26.3 26.9 26.9 -
2014-6-9 23:00:0021.8 18.4 22.2 21.8 1007 0 81 78 111 3.2 106 2.1 102 2 107 2.5 110 4.9 9979 10005 21.5 22.2 21.5 25.3 26.9 27.4 27.1 -
2014-6-9 22:00:0022.3 18.3 22.7 22.3 1,007.1 0 78 75 104 3.4 105 2.7 107 2.6 120 3.3 118 7 11721 12383 22.2 23.5 22.2 26.2 27.7 27.9 27.4 -
2014-6-9 21:00:0022.7 18.5 22.9 22.7 1007 0 77 76 111 3.5 106 2.6 110 2.6 92 3 80 5.8 12588 11211 23.5 24.5 23.5 27.3 28.5 28.4 27.6 -
2014-6-9 20:00:0022.9 18.7 23.6 22.9 1,006.5 0 77 72 110 4.4 98 3 104 2.8 94 3 110 6.7 12548 12970 24.1 25.6 24.1 28.3 29.4 28.9 27.8 -
2014-6-9 19:00:0023.6 18.3 24.7 23.6 1,005.8 0 72 67 108 3.6 100 2.1 108 3 110 3.5 116 7.1 15556 16643 25.6 30.3 25.6 30 30.5 29.4 27.8 -
2014-6-9 18:00:0024.7 18.2 25.7 24.7 1,005.8 0 67 62 133 3.5 120 2.6 112 2.7 94 3.5 105 6.3 19593 17304 30.5 35 30.5 32.1 31.4 29.6 27.7 -
2014-6-9 17:00:0025.5 17.9 26.4 25.4 1,005.1 0 63 59 112 3.9 97 2.1 118 2.6 108 4 88 7.5 17327 18694 34.3 39.6 33.9 33.9 32 29.6 27.4 -
2014-6-9 16:00:0026.3 18.2 27.3 26.3 1,005.1 0 61 58 135 4.8 133 3.3 126 3.3 111 4 130 7.9 12879 14873 38.2 45.1 38.1 35.5 32.2 29.3 27 -
2014-6-9 15:00:0027.3 18.6 27.8 27.2 1005 0 59 57 116 5.1 116 3.5 114 3.4 91 3.6 91 8 11914 13096 44.4 49.5 42.5 36.3 32 28.7 26.4 -
2014-6-9 14:00:0027.7 18.4 27.9 27.1 1,005.2 0 57 55 116 4.3 116 3.1 109 2.8 108 3.3 110 6.3 9978 11048 48.6 51.2 46.6 36.9 31.2 27.8 25.8 -
2014-6-9 13:00:0027.2 18.2 27.6 27 1,005.8 0 58 55 150 2.6 137 1.9 119 3.3 116 3.6 118 6 10181 9866 49.6 53.1 49.1 36 29.9 26.7 25.2 -
2014-6-9 12:00:0027 18 27.1 26.3 1,006.6 0 58 56 119 2.8 112 2 123 2.5 104 2.9 135 6.7 10770 9829 51.4 51.9 44.9 34.2 28.2 25.6 24.7 -
2014-6-9 11:00:0026.3 17.4 26.4 25.2 1,007.2 0 58 58 125 2.3 120 2.4 98 2.3 106 3.1 105 5.5 10570 10609 44.7 48.6 41.9 31.5 26.3 24.7 24.3 -
2014-6-9 10:00:0025.2 17.7 25.2 24 1007 0 63 62 111 3.2 112 2.8 120 2.6 120 2.8 118 5.1 8796 10076 43.2 43.2 33.9 28 24.8 24.1 24.2 -
2014-6-9 9:00:0023.9 17.4 24 23.1 1,007.1 0 67 67 123 3.1 125 2.6 150 2.5 150 2.7 109 5.7 10916 9832 33.5 34 29.1 25.5 23.8 23.8 24.2 -
2014-6-9 8:00:0023.1 17.8 23.1 22.1 1,006.9 0 72 72 142 2.8 148 1.9 153 2.5 146 3.1 146 5.5 8095 8665 29.2 29.2 24.8 23.6 23.2 23.7 24.3 -
2014-6-9 7:00:0022.1 18.1 22.1 21.3 1,006.6 0 78 78 112 4.2 110 3 128 2.6 125 2.6 112 6 8812 8832 24.7 24.7 21.3 22.4 22.9 23.8 24.4 -
2014-6-9 6:00:0021.2 18.2 21.2 20.5 1,006.5 0 83 83 136 2.8 124 1.9 120 1.7 120 1.7 114 3.6 8013 7693 21.2 21.2 18.8 21.4 23 24 24.6 -
2014-6-9 5:00:0020.5 18.1 20.8 20.5 1,006.2 0 86 85 127 1.3 123 0.6 114 0.9 121 1.8 109 2.8 7469 7150 18.7 19.1 18.7 21.5 23.3 24.3 24.9 -
2014-6-9 4:00:0020.8 18.4 21.1 20.8 1,005.9 0 86 83 116 2.3 112 1.9 126 1.7 98 1.7 109 4 7171 7214 19.1 19.6 19 21.9 23.6 24.6 25.1 -
2014-6-9 3:00:0021.1 18.1 21.2 21.1 1,005.6 0 83 82 89 2.2 91 1.7 91 1.3 112 1.6 88 3.2 6792 7431 19.6 20.4 19.6 22.4 24 24.9 25.3 -
2014-6-9 2:00:0021.2 18 21.4 21.1 1,005.6 0 82 81 88 2.6 94 1.1 84 0.9 110 1.3 111 3.1 9425 9086 20.3 20.5 19.8 22.7 24.4 25.2 25.5 -
2014-6-9 1:00:0021.4 18 21.5 21.3 1,005.9 0 81 80 - 0 - 0.2 141 0.8 117 2.8 116 5 9263 9312 20.6 20.7 19.9 23.1 24.8 25.5 25.8 -
2014-6-9 00:00:0021.5 17.9 22.1 21.5 1,006.1 0 80 77 115 4 113 2.9 124 1.9 121 3.2 109 5.5 9892 9964 20.3 21.2 20.2 23.6 25.3 25.9 26 -
2014-6-8 23:00:0022.1 17.9 22.5 22.1 1,006.7 0 77 76 115 5.6 117 3 117 3.2 113 3.5 126 6.2 9695 9911 21.2 22.7 21.2 24.4 25.8 26.3 26.3 -
2014-6-8 22:00:0022.4 18.2 22.7 22.4 1007 0 77 76 120 5 122 2.9 124 2.3 115 2.7 111 5.6 10020 9572 22.3 22.5 21.8 24.9 26.4 26.7 26.5 -
2014-6-8 21:00:0022.7 18.3 23.4 22.7 1,006.7 0 76 76 130 3.2 124 2.5 114 2.6 104 3 102 5.7 9359 9568 22.5 23.4 22.5 25.8 27 27.2 26.7 -
2014-6-8 20:00:0023.4 18.9 23.9 23.4 1,005.8 0 76 73 114 2.4 113 3.1 119 2.5 127 3.4 122 6.3 10324 10578 23.4 24.9 23.4 26.7 27.8 27.6 26.9 -
2014-6-8 19:00:0023.9 18.8 25.1 23.9 1,005.3 0 73 72 111 4.2 121 2.9 125 2.6 104 3.2 113 6.2 13983 12793 24.9 28.1 24.9 28.1 28.6 27.9 26.9 -
2014-6-8 18:00:0025.1 19.7 26 25.1 1,004.6 0 72 69 110 2.8 115 2.2 111 2.1 110 3.2 98 5.9 11123 11894 28.3 31.3 28.3 29.6 29.2 28.1 26.9 -
2014-6-8 17:00:0026.1 20 26.8 26.1 1,004.6 0 69 67 97 3.7 105 2.8 103 2.7 75 3.7 86 6.4 11148 10852 31.5 33.2 30.9 30.7 29.7 28.2 26.7 -
2014-6-8 16:00:0026.9 20.3 27.8 26.9 1,004.6 0 67 60 73 6.6 73 4 74 3.7 78 3.7 73 6.6 9151 9709 33.4 37.7 33.4 32.2 30 28 26.4 -
2014-6-8 15:00:0027.7 19.5 28.1 27.7 1,004.6 0 61 58 133 1.9 160 0.9 133 1.5 115 2 115 3.8 9347 8766 37.7 42 37.7 33.1 29.9 27.6 26.1 -
2014-6-8 14:00:0027.8 19.3 28 27.7 1,004.4 0 60 57 79 3.2 85 2.3 98 1.6 100 2.4 111 4.4 8964 9227 41.3 45.5 40.5 33.2 29.3 27 25.7 -
2014-6-8 13:00:0027.9 19.4 27.9 27.1 1,004.8 0 60 57 96 2.2 106 0.9 105 1.4 134 2.3 73 4.3 10268 10485 45.5 47.2 44.1 33 28.3 26.2 25.3 -
2014-6-8 12:00:0027.1 19.2 27.1 26.3 1,005.1 0 62 62 99 2.9 123 1.3 104 1.6 124 2.4 126 4.2 9328 9093 44.8 45.4 36.5 30.8 26.9 25.6 25.1 -
2014-6-8 11:00:0026.3 19.4 26.3 25.4 1,005.5 0 66 66 59 2.6 62 2.4 76 2.1 79 2.2 65 4.1 8421 8243 37.4 37.4 33.1 28.5 26.1 25.2 25 -
2014-6-8 10:00:0025.3 20.1 25.4 24.6 1,005.8 0 73 71 153 2.4 174 1.6 200 1.3 126 1.9 158 3.6 6300 5712 33 33 30.5 27.1 25.4 25 24.9 -
2014-6-8 9:00:0024.6 20.5 24.6 24.3 1,005.3 0 78 78 119 2.9 118 2 116 1.7 70 1.7 104 3.4 4736 4584 30.5 30.5 29.1 26 24.9 24.8 24.9 -
2014-6-8 8:00:0024.2 20.7 24.2 23.3 1,005.4 0 81 81 111 1.1 113 0.7 98 1.1 105 1.3 116 2.7 4251 4267 30.2 30.8 26.1 24.9 24.4 24.7 25 -
2014-6-8 7:00:0023.3 20.8 23.3 22.7 1,005.1 0 86 86 78 2.4 82 1.7 105 1.3 82 1.9 79 2.8 4644 4625 26.5 26.5 22.5 23.8 24.3 24.8 25.2 -
2014-6-8 6:00:0022.7 20.8 22.7 22.5 1,004.5 0 89 88 60 0.8 76 0.7 86 0.9 89 1.6 92 2.4 4248 4202 22.4 22.4 21.3 23.3 24.4 25 25.3 -
2014-6-8 5:00:0022.6 20.5 22.9 22.6 1,004.1 0 88 86 76 1.3 83 1 78 1.2 78 1.7 94 2.7 4500 4594 21.3 21.7 21.3 23.4 24.7 25.3 25.6 -
2014-6-8 4:00:0022.8 20.5 22.9 22.8 1,004.2 0 87 86 - 0 - 0 - 0 124 1.3 112 2 5100 4972 21.5 21.7 21.5 23.7 25 25.6 25.8 -
2014-6-8 3:00:0022.9 20.6 23.1 22.9 1,004.1 0 87 85 123 1.1 126 0.9 128 0.4 164 1.2 120 1.8 5292 5311 21.7 22.4 21.7 24.1 25.3 25.8 26 -
2014-6-8 2:00:0023.1 20.4 23.2 23.1 1,004.2 0 85 85 163 1.2 162 1 169 1.1 180 1.1 189 2.4 5129 5271 22.5 23.1 22.5 24.6 25.7 26.1 26.2 -
2014-6-8 1:00:0023.1 20.6 23.5 23.1 1,004.5 0 86 84 177 1.3 180 1 - 0.2 189 1.3 164 2.5 5389 5495 22.6 22.6 22.3 24.7 26.1 26.5 26.5 -
2014-6-8 00:00:0023.5 20.6 24.3 23.5 1,004.2 0 84 81 194 1.9 192 1.3 189 1.3 180 1.5 192 3.7 6283 6156 22.6 23.3 22.6 25.3 26.6 26.9 26.7 -
2014-6-7 23:00:0024.3 20.8 24.8 24.3 1,004.1 0 81 77 191 1.5 187 1.1 184 1.2 117 1.6 111 2.8 6194 5948 23.3 23.9 23.3 25.9 27.1 27.3 26.9 -
2014-6-7 22:00:0024.8 20.3 25.2 24.8 1,004.1 0 76 73 120 1.4 120 1 113 0.8 93 1.6 89 2.9 6521 6061 23.9 24.6 23.9 26.6 27.8 27.8 27.2 -
2014-6-7 21:00:0025.2 19.8 25.8 25.2 1,003.5 0 72 68 115 2.1 102 1.7 91 1.7 91 2.2 90 3 6505 7056 24.6 25.6 24.6 27.5 28.5 28.3 27.4 -
2014-6-7 20:00:0025.8 19.7 26.6 25.8 1,002.7 0 69 69 98 3.3 92 2.4 91 2.2 91 2.2 100 3.8 9276 9024 25.6 27.3 25.6 28.6 29.3 28.7 27.5 -
2014-6-7 19:00:0026.6 20.4 27.8 26.6 1,002.3 0 69 63 104 2.9 98 2.2 104 1.9 81 2.9 77 4.9 8539 7906 27.4 30 27.4 30.1 30.2 29.1 27.6 -
2014-6-7 18:00:0027.8 19.9 29.1 27.8 1,001.7 0 62 53 79 3.2 80 2.6 81 3 83 3 114 4.4 7801 7797 30 34 30 31.8 31 29.4 27.5 -
2014-6-7 17:00:0029.1 18.5 29.5 29 1,001.3 0 53 52 67 3.6 72 2.5 57 2.4 70 3.5 78 5.4 7928 8106 34.1 37.2 34.1 33.3 31.7 29.4 27.2 -
2014-6-7 16:00:0029.4 19.1 30.4 29.4 1,001.1 0 54 51 76 4.8 72 3.8 60 3.1 67 3.5 72 6.4 6994 6773 37.4 44.9 37 35 32 29.2 26.9 -
2014-6-7 15:00:0030.4 19.4 30.4 30 1,001.1 0 52 52 59 4.1 49 2.4 69 1.9 61 2.5 75 5.2 6249 6777 45.1 48 43.4 36.1 31.8 28.6 26.4 -
2014-6-7 14:00:0030.1 19.5 30.1 29.3 1,001.3 0 53 52 95 2.4 88 1.9 87 2.2 82 2.6 107 4.7 7602 6898 47.9 48.5 43.3 36 31.1 28 25.8 -
2014-6-7 13:00:0029.3 19.9 29.7 29.1 1002 0 57 56 35 3.8 49 2.7 83 1.8 64 2.6 98 5.4 6174 5884 43.6 50.2 42.4 35.7 30.4 27.1 25.2 -
2014-6-7 12:00:0029.1 20 29.4 28.7 1,002.8 0 58 52 53 2.5 61 2.2 69 2.8 73 2.8 77 6.3 5445 5540 47 51.2 45.8 35.2 29.1 26.1 24.7 -
2014-6-7 11:00:0028.8 20 28.8 27.4 1,003.2 0 59 57 127 1.8 125 1.6 124 1.7 121 1.8 113 3.4 5955 6135 49.2 51.1 43.3 33.3 27.3 25.1 24.3 -
2014-6-7 10:00:0027.4 20.2 27.4 26 1,003.7 0 65 62 133 2.3 124 1.7 81 1.1 134 1.9 112 3.5 7231 7689 44.6 45.2 39.4 30 25.7 24.4 24 -
2014-6-7 9:00:0026 20.6 26 24.6 1,003.6 0 72 70 116 2.3 126 1.6 163 1.5 143 1.8 181 3.2 6292 6206 39.4 39.5 34 27.4 24.4 23.9 23.9 -
2014-6-7 8:00:0024.5 20.2 24.5 23 1,004.1 0 77 77 118 1.6 119 1.4 157 1 118 1.6 119 2.8 5829 5327 34 34 27.6 24.7 23.5 23.7 24 -
2014-6-7 7:00:0022.9 19.9 22.9 21.6 1,003.9 0 83 83 159 1.8 165 1.4 145 1.1 127 1.5 128 2.6 4790 4556 27.4 27.4 21.7 22.8 23.1 23.7 24.1 -
2014-6-7 6:00:0021.5 19.6 21.5 21.3 1,003.7 0 89 89 - 0 - 0 - 0 78 0.5 - 0.1 4214 4098 21.6 21.6 19.9 21.9 23.2 23.9 24.3 -
2014-6-7 5:00:0021.3 19.4 21.4 21.3 1,003.3 0 89 88 - 0 - 0 77 0.5 89 1 132 2 3733 3863 19.9 20 19.8 22 23.4 24.2 24.5 -
2014-6-7 4:00:0021.4 19.5 21.6 21.4 1,003.3 0 89 88 - 0 - 0 - 0 111 1 126 2.2 3568 4115 19.9 20.4 19.9 22.3 23.8 24.5 24.8 -
2014-6-7 3:00:0021.6 19.5 21.8 21.6 1,003.3 0 88 86 113 1.5 119 0.8 105 0.6 111 1.4 99 2.4 4049 3988 20.3 20.5 20.3 22.6 24.1 24.8 25 -
2014-6-7 2:00:0021.8 19.4 22 21.7 1,003.6 0 86 84 125 1.9 126 1.2 108 0.9 91 1.2 102 1.9 4461 4492 20.5 21.1 20.5 23 24.5 25.1 25.2 -
2014-6-7 1:00:0022 19 22.1 22 1,003.7 0 83 80 92 1.2 83 0.8 93 0.6 93 1.2 93 2.6 6186 6133 21.1 21.3 21.1 23.5 24.9 25.5 25.5 -
2014-6-7 00:00:0022.2 18.6 22.2 22.2 1,004.1 0 80 79 77 0.8 104 0.7 96 0.5 123 1.8 145 3.4 7642 7813 21.3 21.7 21.3 24 25.4 25.9 25.7 -
2014-6-6 23:00:0022.2 18.8 22.5 22.2 1,004.4 0 81 81 137 1.3 122 1 116 0.9 107 1.6 106 3 5880 5560 21.7 22.1 21.7 24.5 26 26.3 26 -
2014-6-6 22:00:0022.5 19.3 23 22.5 1,004.7 0 82 79 121 2 110 0.9 105 1.3 109 2.2 109 3.9 4524 4761 22.1 23.3 22.1 25.3 26.7 26.8 26.2 -
2014-6-6 21:00:0023 19 23.2 23 1,004.4 0 78 78 95 2.8 106 2.1 109 1.7 105 2.3 113 4.4 6266 6209 23.4 23.9 23.4 26.3 27.4 27.3 26.5 -
2014-6-6 20:00:0023.3 19.5 23.9 23.3 1,004.2 0 79 75 96 2.3 96 1.8 94 2.2 84 3 104 5 5932 6131 23.8 25 23.8 27.3 28.3 27.8 26.6 -
2014-6-6 19:00:0023.9 19.2 24.8 23.9 1,003.6 0 75 71 120 3.9 128 2.5 102 2.3 76 4.1 74 6.8 7518 7053 25 27.4 25 28.9 29.4 28.3 26.7 -
2014-6-6 18:00:0024.9 19.3 26.5 24.9 1,003.2 0 71 65 83 5.2 80 4 82 3.5 80 3.9 82 6.4 6309 7717 27.6 33.3 27.6 30.9 30.4 28.5 26.6 -
2014-6-6 17:00:0026.5 19.1 27.3 26.5 1,002.9 0 64 60 70 5.5 74 3.2 84 3.3 69 4.2 68 6.7 11260 10575 33.3 35.8 33.3 32.8 31 28.6 26.3 -
2014-6-6 16:00:0027.3 18.9 27.9 27.3 1,003.1 0 60 56 74 4.2 88 3.2 86 3.2 86 3.2 106 5.8 10510 9717 36.4 42.8 36.4 34.8 31.3 28.2 25.8 -
2014-6-6 15:00:0027.6 18.6 28 27.4 1,003.4 0 58 56 109 2.8 99 2.1 76 2.5 71 3.9 78 6.5 9481 9451 41.8 45.3 40.9 35.6 31.1 27.7 25.2 -
2014-6-6 14:00:0027.6 18 28.1 27.6 1004 0 56 53 63 4.2 67 3.2 62 3.2 74 3.6 64 6.1 10756 9857 43.2 50.2 42.7 36 30.4 26.8 24.6 -
2014-6-6 13:00:0028 18.7 28.1 27.7 1,004.6 0 57 52 83 4.9 89 3 56 2.5 42 3.1 69 5.5 9475 10735 47.7 50.7 46 35.4 29.2 25.7 23.9 -
2014-6-6 12:00:0027.9 18 27.9 27.1 1,004.9 0 55 52 40 4.5 50 2.6 50 2.8 26 3.2 357 5.6 10896 15785 48.9 50.3 45.6 33.9 27.5 24.6 23.3 -
2014-6-6 11:00:0027 18.3 27 26 1,005.4 0 59 58 60 2.7 54 2.1 32 2.1 87 2.8 103 4.6 9130 9545 45.6 46.8 39.1 31.3 25.6 23.6 22.9 -
2014-6-6 10:00:0025.8 19.2 26 24.9 1,005.4 0 67 63 124 1.8 100 1.2 75 1.8 77 2 84 3.4 7825 7139 38.8 42.2 31.7 27.9 24.1 23 22.7 -
2014-6-6 9:00:0024.9 19.5 24.9 23.8 1,005.5 0 72 70 128 0.9 121 0.8 54 1 69 1.6 61 3.2 3979 3866 33.1 35.8 30 25.9 23.1 22.5 22.6 -
2014-6-6 8:00:0023.8 18.7 23.9 22.5 1,005.5 0 73 72 73 2.3 70 1.9 72 1.6 87 1.9 61 3.5 5348 5393 29.5 32.1 25.6 23.7 22.1 22.2 22.6 -
2014-6-6 7:00:0022.6 19 22.6 20.9 1,005.5 0 80 79 103 2 103 1.4 110 1.6 79 2.4 85 3.8 4988 4966 27.5 27.8 21 21.6 21.6 22.2 22.8 -
2014-6-6 6:00:0020.9 18.5 20.9 20 1,005.5 0 86 86 78 2.3 78 1.9 79 1.9 79 1.9 76 2.5 4698 4703 21 21 18 20.3 21.5 22.4 22.9 -
2014-6-6 5:00:0020 18.5 20 19.8 1,005.4 0 91 91 75 1.4 76 1.2 80 1 77 1.1 77 1.5 4442 4406 18 18.2 17.9 20.2 21.8 22.6 23.1 -
2014-6-6 4:00:0019.8 18.5 20 19.8 1,004.9 0 92 89 - 0 - 0 - 0 187 0.6 199 1 4653 4547 18.2 18.2 18.1 20.5 22.1 22.9 23.3 -
2014-6-6 3:00:0020 18.1 20.6 20 1,004.9 0 89 85 174 0.6 176 0.3 184 0.4 214 0.9 187 1.5 5278 5427 18.2 18.9 18.2 20.9 22.5 23.2 23.5 -
2014-6-6 2:00:0020.5 17.9 20.5 20.3 1,005.2 0 85 84 226 1.4 223 1.1 214 0.9 211 0.9 186 1.6 7146 7338 18.9 19 18.9 21.3 22.8 23.5 23.8 -
2014-6-6 1:00:0020.5 17.7 20.9 20.5 1,005.4 0 84 83 178 0.8 173 0.6 182 0.8 215 0.9 200 2 8076 8290 19 19.3 19 21.7 23.3 23.9 24 -
2014-6-6 00:00:0020.9 18.5 21.5 20.9 1,005.9 0 86 81 193 1.3 194 1 195 0.7 176 1.2 170 2.6 6300 5919 19.3 20 19.3 22.2 23.8 24.3 24.2 -
2014-6-5 23:00:0021.6 18.2 22.1 21.6 1,006.1 0 81 80 209 1.5 198 0.8 185 1 176 1.4 168 2.6 8972 9421 20 20.8 20 22.9 24.4 24.7 24.4 -
2014-6-5 22:00:0022.1 18.7 22.7 22.1 1,006.2 0 81 79 162 1.2 156 0.8 164 0.8 174 1.1 194 2.1 9646 9860 20.8 21.8 20.8 23.7 25 25.1 24.6 -
2014-6-5 21:00:0022.7 18.7 23.2 22.7 1006 0 78 77 159 1 150 0.7 140 0.9 116 2.1 121 3.6 11995 12444 21.8 22.9 21.8 24.7 25.8 25.6 24.8 -
2014-6-5 20:00:0023.2 18.9 24.2 23.2 1,005.4 0 77 71 93 2 97 1.1 108 1.3 77 2 76 3.1 10565 10214 22.9 24.3 22.9 25.8 26.6 26 24.8 -
2014-6-5 19:00:0024.2 18.6 25.3 24.2 1,005.1 0 71 64 67 2.4 71 2 77 2 71 2.3 65 3.6 9706 9450 24.3 27.8 24.3 27.4 27.5 26.3 24.7 -
2014-6-5 18:00:0025.3 18 25.8 25.3 1,004.4 0 64 63 87 3.1 96 1.7 74 1.9 66 2.7 28 4.1 8496 8584 27.8 32 27.8 29.4 28.3 26.3 24.5 -
2014-6-5 17:00:0025.8 18.5 26.2 25.8 1,004.2 0 64 61 61 3.4 68 2.3 72 2.2 98 2.4 96 4.4 6617 6719 31.9 37.4 31.9 31.2 28.6 26 24.1 -
2014-6-5 16:00:0025.9 18.6 26.4 25.7 1,004.4 0 64 60 119 2 132 1.4 134 1.5 58 3 67 5.2 7913 7452 37.2 42.3 36.4 32.1 28.4 25.5 23.6 -
2014-6-5 15:00:0026.2 18.9 26.2 25.7 1,004.8 0 64 61 68 2 75 1.1 49 1.8 71 2.3 76 4.5 9211 9469 42.1 43.3 36.9 32.3 27.8 24.7 23 -
2014-6-5 14:00:0026.1 18.5 26.1 25.3 1,005.1 0 63 61 37 3.4 17 2 9 1 15 2.6 42 5.1 14201 11519 43.8 45.5 41.3 32.5 26.7 23.7 22.4 -
2014-6-5 13:00:0025.4 18.6 25.4 24.5 1,005.4 0 66 63 23 3.6 32 2.4 24 2.3 29 2.3 80 4.3 9053 10124 43.6 45.6 36.2 30.6 24.9 22.7 22 -
2014-6-5 12:00:0024.5 17.7 24.7 23.1 1,005.8 0 66 65 289 1.5 258 0.8 333 1.6 18 2.4 335 4.4 8277 8873 38.9 40.6 31.9 27.8 23.3 22 21.7 -
2014-6-5 11:00:0023.3 17.7 23.3 22.3 1,006.4 0 71 70 29 4.1 19 3 11 2.3 46 2.4 72 4.4 8027 8195 32.3 33 30.2 25.1 22.2 21.5 21.5 -
2014-6-5 10:00:0022.3 17.7 22.3 21.2 1,006.4 0 75 75 46 3.6 38 2 47 2.2 25 2.8 20 4.4 9895 9637 30.2 30.2 24 22.8 21.4 21.3 21.5 -
2014-6-5 9:00:0021.1 17.7 21.1 20.9 1,006.3 0 81 81 54 2.6 62 2.1 49 2.1 57 2.4 65 4.4 9427 9588 23.9 23.9 22.3 21.4 21 21.1 21.4 -
2014-6-5 8:00:0021 18 21.1 20.9 1,005.8 0 83 82 52 2.4 43 1.7 32 2.3 24 2.4 30 4 7177 7019 22.3 22.6 21.8 21 20.8 21 21.4 -
2014-6-5 7:00:0020.9 18.1 20.9 20.4 1,005.7 0 84 83 337 1.7 334 1.2 355 1.2 3 1.7 24 3.5 8478 8110 21.7 21.7 20.1 20.4 20.6 21 21.5 -
2014-6-5 6:00:0020.4 18 20.4 20.2 1,005.1 0 86 86 354 1.7 351 1.3 354 1 298 2.2 295 2.9 8328 7368 20.1 20.1 19.3 20 20.5 21 21.5 -
2014-6-5 5:00:0020.2 18.1 20.2 20.1 1,004.5 0 88 88 291 2.1 295 1.5 294 1.2 295 1.7 288 2.1 6404 6471 19.3 19.3 19.1 19.8 20.5 21.1 21.6 -
2014-6-5 4:00:0020.2 18.1 20.2 19.8 1,004.2 0 88 87 301 1.9 292 1.3 292 1.1 304 1.1 328 2 6441 7061 19.1 19.1 18.8 19.7 20.5 21.2 21.7 -
2014-6-5 3:00:0019.8 18.1 19.8 19.5 1,004.2 0 90 89 350 1 341 0.7 337 0.8 346 1.4 348 2.1 6096 6257 18.8 18.8 17.7 19.4 20.6 21.4 21.9 -
2014-6-5 2:00:0019.6 17.7 19.9 19.5 1,004.1 0 89 87 343 1.6 351 0.9 344 0.8 10 1.8 328 2.5 6768 6937 18 18.1 17.4 19.4 20.8 21.6 22 -
2014-6-5 1:00:0019.9 17.7 20.3 19.9 1,004.6 0 87 85 19 2.2 18 1.7 10 1.8 12 1.9 26 3.2 9894 9766 17.8 18.2 17.7 19.7 21.1 21.8 22.1 -
2014-6-5 00:00:0020.3 17.7 20.9 20.3 1005 0 85 82 38 2.9 37 1.4 28 1.9 28 2.7 21 4.8 8799 8618 18.2 18.9 18.2 20.2 21.4 22 22.3 -
2014-6-4 23:00:0020.9 17.7 21.2 20.9 1,005.4 0 82 81 13 2.2 12 1.8 16 2.2 21 2.5 22 4.1 9321 9423 18.9 19.7 18.9 20.7 21.7 22.2 22.4 -
2014-6-4 22:00:0021.3 18.1 22.2 21.3 1,005.5 0 82 76 47 2.4 47 1.6 39 1.9 30 2.7 31 4.7 10503 10938 19.4 20 19.3 21 22 22.4 22.5 -
2014-6-4 21:00:0022.2 17.8 22.9 22.2 1005 0 76 71 27 2.3 21 1.5 11 1.7 11 2 23 3.8 6502 6401 19.9 20.6 19.8 21.4 22.4 22.6 22.6 -
2014-6-4 20:00:0022.9 17.6 23.6 22.9 1,004.5 0 72 67 23 3.3 20 2.5 11 2 10 2.5 11 4.5 7844 8183 20.5 21.6 20.5 22 22.8 22.8 22.6 -
2014-6-4 19:00:0023.6 17.1 23.8 23.6 1,004.1 0 67 67 12 3.6 10 2.2 11 2.3 354 2.5 0 4.9 10671 9188 21.6 22.1 21.6 22.8 23.2 22.9 22.6 -
2014-6-4 18:00:0023.8 17.3 24.2 23.8 1,003.6 0 67 64 356 5.3 345 2.8 341 2.2 331 2.5 356 5.3 7859 7282 22 25.5 22 23.7 23.6 23 22.5 -
2014-6-4 17:00:0024.1 16.9 24.4 24.1 1,002.9 0 64 63 338 3.6 328 2.8 327 2.5 347 2.8 355 4.8 8798 9031 25.6 29.1 25.6 24.7 23.6 22.8 22.3 -
2014-6-4 16:00:0024.2 17 24.2 23.7 1,003.1 0 64 63 346 3.3 350 2.1 352 2.9 355 3.3 305 6 9085 8279 28.8 29.1 27.5 24.7 23.4 22.6 22.2 -
2014-6-4 15:00:0023.8 16.3 24 23.7 1,003.3 0 63 62 350 4.3 350 3.5 3 2.8 11 3.5 3 6.7 12181 10390 27.5 28.1 26.1 24.3 23.1 22.4 22 -
2014-6-4 14:00:0023.8 16.1 23.9 22.5 1,003.6 0 62 62 343 2.1 358 1.6 346 2.4 10 3.8 302 6 14087 13756 27.8 30.9 25.1 24.5 22.8 22.2 21.9 -
2014-6-4 13:00:0022.5 17 23 22.3 1,003.8 0 71 68 335 3.3 354 2 351 2 22 4.4 24 6.5 7007 7326 25.1 27.5 24.3 23.4 22.6 22 21.7 -
2014-6-4 12:00:0023 17 23.1 22.6 1,004.3 0 69 67 18 3.2 3 3 13 3.5 17 4.1 31 7.7 9077 8655 27.5 28.6 24.9 23.7 22.3 21.7 21.6 -
2014-6-4 11:00:0022.5 17.2 23.5 22.5 1,004.8 0 72 63 352 5.1 352 2.9 359 4 0 4.1 355 7.4 5091 5243 24.6 27.7 23.5 23 22.1 21.5 21.4 -
2014-6-4 10:00:0023.5 16.1 23.6 22.7 1,004.4 0 63 63 294 3.8 306 2.1 332 2.4 313 4.1 300 7.8 8115 8391 27.7 29.9 26.9 23.6 21.6 21.1 21.2 -
2014-6-4 9:00:0022.7 16 23 21.9 1,004.5 0 66 65 310 5.1 309 4.3 318 4 344 4.7 352 9.2 7733 8198 27 29.8 24.8 22.6 20.8 20.7 21.1 -
2014-6-4 8:00:0021.9 16.2 21.9 21.2 1,004.5 0 70 69 341 4.3 332 2.9 337 3.3 304 4.3 302 7 7730 6539 24.6 25.5 23.2 20.9 20.2 20.5 21.1 -
2014-6-4 7:00:0021.2 16.4 21.2 20.3 1,004.3 0 74 74 332 2.1 324 2.3 311 3.4 308 3.6 305 6.6 4598 4651 23 23 19.1 19.6 19.8 20.5 21.2 -
2014-6-4 6:00:0020.3 16.1 20.3 19.9 1,004.2 0 77 77 303 3 304 2 307 1.8 300 2.6 340 4.3 4370 4359 19.1 19.1 17.6 18.7 19.6 20.5 21.3 -
2014-6-4 5:00:0019.9 16.2 19.9 19.4 1004 0 79 79 302 3.2 297 2.5 307 2.4 301 2.8 307 5.4 3971 3902 17.6 17.6 16.8 18.4 19.7 20.6 21.4 -
2014-6-4 4:00:0019.5 16.5 19.5 19.3 1004 0 83 83 300 1.5 300 1.5 301 1.6 292 1.9 292 3.5 3136 3162 17.1 17.1 16.6 18.4 19.8 20.8 21.5 -
2014-6-4 3:00:0019.4 16.4 19.7 19.4 1,003.9 0 83 82 292 2.5 290 1.8 292 1.8 297 2.4 302 4 3129 3181 16.7 17.1 16.7 18.5 20 21 21.7 -
2014-6-4 2:00:0019.7 16.5 19.7 19.4 1,003.9 0 82 82 297 2.7 301 2.4 301 2.3 299 2.3 303 4.8 3277 3438 17 17 16.8 18.7 20.2 21.1 21.8 -
2014-6-4 1:00:0019.5 16.7 19.7 19.5 1,004.3 0 84 82 290 2.5 286 1.5 281 1.3 285 1.7 292 3.2 3587 3696 16.9 17.4 16.9 19 20.5 21.3 21.9 -
2014-6-4 00:00:0019.7 16.5 20.2 19.7 1,004.7 0 82 81 279 2.1 283 1.2 293 1.4 293 1.4 292 3 3974 4098 17.4 18.4 17.4 19.4 20.8 21.5 22 -
2014-6-3 23:00:0020.2 16.8 20.3 20.2 1005 0 81 78 321 0.7 288 0.4 282 1.1 304 2.5 301 3.1 4191 4304 18.5 18.7 18.5 19.8 20.9 21.6 22.1 -
2014-6-3 22:00:0020.3 16.3 20.3 20.3 1,005.2 0 78 78 310 3.2 305 2.3 305 2.6 305 2.6 303 4.7 6047 6405 18.7 18.9 18.7 20 21.1 21.8 22.2 -
2014-6-3 21:00:0020.4 16.6 20.4 20.4 1,005.4 0 79 79 295 3.5 304 2.3 308 2.2 303 3.3 299 5 7079 7026 18.9 19 18.8 20.2 21.3 21.9 22.3 -
2014-6-3 20:00:0020.4 16.8 20.4 20.1 1,004.9 0 80 80 299 5.2 296 3.7 311 2.9 307 3.1 299 5.6 7092 7185 19 19.3 19 20.5 21.6 22.1 22.4 -
2014-6-3 19:00:0020.1 17.1 20.9 19.9 1,004.7 0.1 83 77 300 3.8 304 3.2 307 2.7 324 4 315 7 7386 7006 19.3 19.9 19.1 20.9 21.8 22.2 22.5 -
2014-6-3 18:00:0020.9 16.7 20.9 20.1 1,004.2 0 77 77 322 4.4 312 3 317 3.2 323 3.2 326 6.4 7537 7820 19.9 21.2 19.9 21.4 22 22.3 22.5 -
2014-6-3 17:00:0020.1 17.7 20.7 20.1 1,003.6 0.3 86 80 296 2.7 296 2 294 2.3 302 2.6 302 4.9 4734 4510 20.8 21.6 20 21.6 22.2 22.4 22.5 -
2014-6-3 16:00:0020.6 17.2 22.5 20.6 1,003.7 0.1 81 66 292 2.7 293 2.2 310 2.1 303 4.5 308 8.6 6220 6432 21 23.2 19.9 21.9 22.4 22.4 22.5 -
2014-6-3 15:00:0022.5 15.8 22.8 22.3 1,003.6 0 66 64 317 4.5 309 3.5 303 4.1 300 4.8 301 8.6 9265 10392 23.1 25.8 22.4 22.6 22.4 22.4 22.5 -
2014-6-3 14:00:0022.3 15.6 22.4 22.1 1,003.7 0 66 65 287 6.2 293 4.5 295 3.5 297 3.8 296 6.4 9885 9153 22.4 22.6 21.3 22.1 22.5 22.4 22.5 -
2014-6-3 13:00:0022.3 15.6 23 22.3 1,003.6 0 66 62 295 2.8 299 2.7 297 3.8 297 4.7 306 7.8 8264 8473 22.2 27.7 22.2 23 22.5 22.4 22.4 -
2014-6-3 12:00:0022.4 15.3 22.8 22.2 1,003.9 0 64 61 293 4.9 307 3.2 307 3.7 299 4.7 305 9 10826 12071 23.2 26.5 23.1 22.9 22.4 22.3 22.4 -
2014-6-3 11:00:0022.2 15.1 22.3 21.6 1,003.9 0 64 64 294 6.4 293 4.6 297 4.4 300 4.4 291 8.1 11651 10600 25.4 27.1 21.9 22.5 22.2 22.1 22.3 -
2014-6-3 10:00:0021.8 15.9 22.4 21.7 1,004.1 0 69 67 288 4.7 292 2.9 305 3 303 5.1 307 8.7 8372 8141 22.4 29.7 21.8 22.5 22.2 21.9 22.2 -
2014-6-3 9:00:0022.2 16 22.3 21.5 1,003.7 0 68 67 305 6.6 301 5.4 302 5.1 299 5.7 309 9.7 10104 8886 28.7 29.8 25 22.9 21.6 21.7 22.2 -
2014-6-3 8:00:0021.4 16.1 21.5 20.5 1004 0 72 71 301 4.7 298 3.3 294 4.2 294 4.2 304 7.3 7244 6818 26.1 26.8 21.4 21.2 21 21.5 22.2 -
2014-6-3 7:00:0020.6 16.4 20.6 20 1004 0 77 77 308 4.8 301 2.3 280 1.8 295 3.2 301 5.7 5499 5292 21.9 22 19 20.2 20.8 21.6 22.3 -
2014-6-3 6:00:0020 16.2 20 20 1,004.1 0 79 79 302 4.1 296 3.4 294 3.2 293 3.2 288 5.6 5010 4981 19 19 18.4 19.7 20.8 21.7 22.4 -
2014-6-3 5:00:0019.9 16.3 19.9 19.9 1,003.8 0 80 79 276 3.3 285 2.2 287 2.4 296 3.3 294 6.5 5927 5981 18.4 18.4 18.3 19.6 20.9 21.8 22.5 -
2014-6-3 4:00:0019.9 16.2 19.9 19.8 1,003.6 0 79 78 301 4.4 306 3.1 300 2.7 302 3.7 301 7 8816 8684 18.3 18.3 18.2 19.6 21 21.9 22.7 -
2014-6-3 3:00:0019.9 16 20 19.9 1,003.6 0 78 75 286 1.7 283 1.5 288 2.1 294 3.3 297 6.2 10740 10725 18.3 18.3 18.2 19.7 21.1 22.1 22.8 -
2014-6-3 2:00:0019.9 15.5 19.9 19.8 1004 0 76 76 295 3.5 287 2.1 294 2.1 298 3.1 298 4.9 14117 14944 18.3 18.3 17.9 19.8 21.3 22.3 23 -
2014-6-3 1:00:0019.8 15.5 20 19.7 1,004.1 0 76 74 294 3.6 295 2.4 297 3 297 3 276 5.7 16313 16170 17.9 18.4 17.6 19.9 21.6 22.5 23.2 -
2014-6-3 00:00:0020 15.2 20.4 20 1,004.4 0 74 69 290 3.2 287 2.2 297 2.2 310 3.5 299 7 18539 16787 18.4 18.5 18.4 20.3 21.9 22.8 23.3 -
2014-6-2 23:00:0020.4 14.5 20.6 20.3 1,004.9 0 69 69 302 5.1 309 3.8 324 2.8 313 4.7 300 8.3 29457 31765 18.5 19.6 18.5 20.8 22.2 23 23.5 -
2014-6-2 22:00:0020.3 17.1 20.3 20 1,004.7 0 82 82 305 3.5 308 3.2 308 2.9 297 3.1 308 6.1 9243 7271 19.6 19.8 19.6 21.2 22.5 23.2 23.6 -
2014-6-2 21:00:0020.1 18.4 21.1 20.1 1,004.1 0.1 90 80 294 2.2 268 1.3 280 1.3 297 4.3 305 7.6 4388 4149 19.8 19.8 19.6 21.4 22.7 23.4 23.8 -
2014-6-2 20:00:0021.1 17.7 21.8 21.1 1,003.3 0 81 75 292 5.2 297 3.8 297 3.8 309 4.2 293 7.3 6287 5124 19.8 20.1 19.8 21.7 23.1 23.7 23.9 -
2014-6-2 19:00:0021.8 17.2 23 21.8 1,002.4 0 75 68 303 5.1 304 4.1 311 4.2 300 5.5 298 9.7 7516 7149 20 21.2 20 22.2 23.5 23.9 24 -
2014-6-2 18:00:0023 16.8 23.4 23 1,002.1 0 68 66 295 7.8 294 5 301 4.6 303 5.6 307 10.8 11479 11923 21.2 22.1 21.2 22.9 24 24.2 24.1 -
2014-6-2 17:00:0023.4 16.7 23.8 23.4 1,001.8 0 66 66 304 7.1 303 5.6 302 5.1 299 5.6 304 10.1 12659 12446 21.8 23.4 21.8 23.7 24.4 24.3 24.1 -
2014-6-2 16:00:0023.8 17.1 25.3 23.8 1,001.5 0 66 64 304 7 300 5.1 298 5.6 301 5.7 317 10.7 9951 9723 23 26.9 22.7 24.7 24.8 24.3 24 -
2014-6-2 15:00:0025.3 18 25.6 25 1,001.3 0 64 64 281 6.8 276 3 281 3.7 284 5.3 299 11 11957 10457 26.9 30.6 26.9 26.1 24.8 24.1 23.9 -
2014-6-2 14:00:0025 18.9 25 23.7 1,001.1 0 69 67 260 7.9 262 3.5 283 4.2 293 4.5 291 8.6 8528 10235 29.3 30.6 25.9 25.6 24.4 24 23.8 -
2014-6-2 13:00:0023.7 19.4 24.1 23.5 1,001.4 0 77 75 286 4.1 293 3.8 291 3.6 300 5.2 295 9 9592 9179 26.7 29.3 24.4 24.9 24.2 23.8 23.7 -
2014-6-2 12:00:0023.7 19.6 24.6 23.5 1,001.4 0 78 73 301 6.1 301 5.9 301 5.1 297 5.6 301 9.6 11148 11184 27.5 28.1 25.4 24.8 23.9 23.6 23.7 -
2014-6-2 11:00:0024 19.9 24.3 23.5 1,001.6 0 78 76 294 6 294 3.4 297 4.1 294 4.7 302 10.3 7176 6873 26.8 27.8 24.3 24.4 23.5 23.5 23.6 -
2014-6-2 10:00:0023.5 19.9 23.8 23.5 1,001.5 0 80 79 290 5.9 285 3.1 286 3.4 286 3.5 294 7.8 5609 5612 24.4 24.7 23.2 23.4 23.3 23.4 23.6 -
2014-6-2 9:00:0023.4 20 23.9 23.4 1,001.3 0 81 80 278 5 271 3.4 273 3.2 272 3.4 285 8.7 4972 5054 23.2 23.9 22.8 23.1 23.2 23.4 23.7 -
2014-6-2 8:00:0023.9 20.2 24.2 23.4 1,001.2 0 80 79 276 3.9 281 2.4 271 2.7 277 3.6 286 7.2 4429 4484 24 25.7 22.3 23.2 23 23.4 23.7 -
2014-6-2 7:00:0023.4 20.9 23.4 23.3 1,001.1 0 86 85 279 4 283 2.4 281 1.7 259 2.7 287 4.7 3507 3801 22.3 22.5 22.2 22.6 23 23.4 23.8 -
2014-6-2 6:00:0023.3 20.6 23.4 23.2 1,000.6 0 85 83 269 2 265 1.6 263 1.9 260 3.1 263 6.8 4058 4172 22.2 22.2 21.7 22.5 23 23.5 23.8 -
2014-6-2 5:00:0023.2 20.9 23.2 23.1 1,000.2 0 87 87 259 4.6 261 2.5 259 2.5 262 2.7 261 5.2 3843 3496 21.8 21.8 21.2 22.4 23.1 23.6 23.9 -
2014-6-2 4:00:0023.2 20.9 23.2 23.1 999.8 0 87 87 250 2.7 252 2.2 259 2.3 258 2.3 258 4.4 3894 3920 21.4 22.5 21.4 22.7 23.3 23.7 24 -
2014-6-2 3:00:0023.1 22.3 23.1 23 999.8 0 95 95 252 2.1 249 1.5 261 1.2 218 1.4 233 2.8 2296 2333 22.5 22.5 22.2 22.9 23.4 23.7 24 -
2014-6-2 2:00:0023 22.2 23 22.9 999.8 0 95 95 226 2.1 233 1.2 231 1.3 223 1.6 225 3 2675 2745 22.3 22.6 22.2 23 23.4 23.8 24.1 -
2014-6-2 1:00:0023 22.2 23 22.9 999.9 0 95 94 216 1.9 216 1.6 216 1.5 226 2.9 218 5.2 3244 3287 22.5 22.6 22.5 23 23.4 23.8 24.1 -
2014-6-2 00:00:0022.9 22.1 23 22.9 1,000.4 0 95 94 206 2.6 203 2.5 205 2.7 206 2.7 204 4.9 3744 3852 22.5 22.5 22.4 23 23.5 23.9 24.2 -
2014-6-1 23:00:0022.9 21.9 22.9 22.9 1,000.4 0.1 94 93 197 1.7 194 1.2 203 1.7 178 2.8 174 5.9 5128 5343 22.5 22.5 22.3 23 23.5 24 24.3 -
2014-6-1 22:00:0022.8 21.6 22.8 22.8 1,000.8 0 93 91 186 3.3 182 2.2 179 2.9 171 3.4 178 6 6128 7252 22.3 22.3 22.2 23 23.6 24 24.4 -
2014-6-1 21:00:0022.8 21.4 22.9 22.8 1,000.9 0 92 91 176 4.5 174 2.6 171 2.9 170 4.2 173 8 9702 9563 22.3 22.5 22.3 23.1 23.7 24.1 24.4 -
2014-6-1 20:00:0022.9 21.5 22.9 22.7 1,000.8 0 92 92 167 6.4 168 3.6 171 3.1 170 3.9 172 7.6 8953 7863 22.5 22.6 22.5 23.3 23.8 24.2 24.5 -
2014-6-1 19:00:0022.7 21.3 22.7 22.6 1,000.5 0 92 92 177 5.6 172 4.4 170 4.1 169 4.1 170 7.4 6803 7194 22.6 23.3 22.6 23.5 23.9 24.2 24.5 -
2014-6-1 18:00:0022.7 21.3 22.7 22.5 1,000.2 0 92 91 158 2.7 155 2.1 162 2.7 167 3.9 164 7 9713 10297 23.3 24 23.3 23.7 23.9 24.2 24.6 -
2014-6-1 17:00:0022.6 21.2 22.6 22.1 1,001.1 0 92 92 168 6 171 3.9 166 3.8 173 4.6 163 8.4 19923 18510 23.9 24.4 23.3 23.6 23.8 24.2 24.7 -
2014-6-1 16:00:0022.1 21.3 22.1 21.7 1,001.4 4.4 95 95 182 3.5 173 2.8 164 3.4 161 4.6 156 8.5 12000 10892 23.3 23.4 22 23 23.7 24.3 24.8 -
2014-6-1 15:00:0021.7 20.9 21.9 21.7 1,002.8 6.7 95 94 163 2.6 174 2.7 176 3.4 165 4.4 176 8.7 3836 4360 22 22.3 21.9 23.1 24.1 24.6 25 -
2014-6-1 14:00:0021.9 20.9 22.3 21.9 1,002.5 5.9 94 93 149 7.6 158 5.8 161 4.2 161 5.2 175 8.8 2678 3114 22.1 23.5 22.1 23.6 24.4 24.8 25.1 -
2014-6-1 13:00:0022.2 21 22.7 22.1 1,002.6 4.2 93 90 161 8.4 160 5.9 160 5.2 157 5.6 159 10 10144 6466 23.7 24 22.4 24 24.6 24.9 25.2 -
2014-6-1 12:00:0022.5 21 22.5 22.2 1,003.5 1.8 91 90 171 4.9 153 4.6 159 5.7 157 5.9 157 13.5 8341 8848 23.7 24.3 23.1 24.3 24.7 25 25.3 -
2014-6-1 11:00:0022.3 20.9 23.4 22.3 1,004.4 1.6 92 83 158 5.1 162 3.3 160 4.7 167 5.2 172 10.4 5147 5862 23.4 25.1 22.6 24.2 24.8 25.1 25.3 -
2014-6-1 10:00:0023.3 20.3 23.3 23.1 1005 0 83 83 151 7.4 159 4.6 168 4.8 169 5.1 176 9.9 17186 17028 24.9 25 23.7 24.4 24.8 25.1 25.5 -
2014-6-1 9:00:0023.2 20.5 23.2 22.9 1,005.4 0 85 82 168 5.7 159 4 166 3.9 158 4.7 154 11.1 12313 13974 24.6 24.6 23.2 24.3 24.8 25.2 25.6 -
2014-6-1 8:00:0022.9 19.9 22.9 22.5 1,005.6 0 83 83 158 7.7 156 4.6 156 4.4 167 4.4 149 9.5 12602 11874 24.1 24.4 23.2 24.2 24.8 25.3 25.7 -
2014-6-1 7:00:0022.5 19.9 22.5 22 1,006.1 0 85 85 169 7.5 170 3.8 154 3.8 157 4.3 162 8.8 12944 12018 23.2 23.2 21.9 24 24.9 25.5 25.9 -
2014-6-1 6:00:0021.9 19.6 22.4 21.8 1,006.2 0.7 87 84 138 6 147 3.7 150 3.3 158 4.5 173 7.6 11672 11691 22 22 21.5 24 25.1 25.7 26.1 -
2014-6-1 5:00:0022.4 19.4 22.7 22.4 1,006.4 0 83 80 153 6.2 150 4.2 164 3.6 160 4.4 158 7.9 6029 8259 21.8 22.9 21.8 24.3 25.3 25.9 26.2 -
2014-6-1 4:00:0022.6 19 22.6 22.4 1,006.7 0 80 80 144 8 155 5.1 158 4.1 158 4.1 165 8.5 17124 17243 22.8 22.8 22.8 24.5 25.6 26.2 26.4 -
2014-6-1 3:00:0022.4 19.4 22.4 22.2 1,007.3 0 83 83 170 4.1 168 2 170 2.1 156 3.5 143 6.8 17050 17046 22.8 22.8 21.7 24.7 25.8 26.4 26.6 -
2014-6-1 2:00:0022.2 19.6 22.7 22.2 1,007.6 0 85 80 156 5 154 2.7 152 2.9 175 3.4 154 6.3 13457 13994 21.7 22.7 21.7 25 26.2 26.7 26.9 -
2014-6-1 1:00:0022.7 19.1 23 22.7 1,008.3 0 80 77 180 5.2 177 3.5 174 3.3 172 4 162 7.5 16381 19360 22.9 23.4 22.9 25.4 26.5 27 27.1 -
