2014-7-1 1:00:0022.1 19.6 22.1 22 1,009.5 0 86 86 149 2.8 147 2.1 152 2.4 159 2.4 151 4.4 9134 9246 21.2 21.3 21.2 21.9 22.7 23.3 23.6 -
2014-7-1 00:00:0022 19.6 22 21.9 1,010.2 0 86 86 157 3.2 151 2.3 160 2.3 149 3.3 149 5.4 9351 9380 21.2 21.2 21 21.9 22.8 23.5 23.8 -
2014-6-30 23:00:0022 19.6 22 21.9 1,010.4 0 86 86 144 3.8 145 2.9 148 3.1 148 3.1 144 4.5 10717 10402 21 21.1 21 22 23 23.7 24 -
2014-6-30 22:00:0021.9 19.8 21.9 21.8 1,010.8 0 88 88 150 2.7 148 2.2 158 2.7 163 2.7 155 4.8 9601 9225 21.1 21.3 21.1 22.2 23.3 24 24.1 -
2014-6-30 21:00:0021.9 20 22 21.9 1,010.8 0 89 85 158 2.6 161 1.8 162 2 154 2.3 160 3.7 7940 8224 21.3 21.5 21.3 22.5 23.7 24.3 24.3 -
2014-6-30 20:00:0021.9 19.2 21.9 21.6 1,010.5 0 85 85 162 2.9 161 2.1 157 2.2 157 2.2 133 4 9221 9058 21.5 22.2 21.5 23 24.2 24.6 24.4 -
2014-6-30 19:00:0021.8 19.6 21.9 21.8 1,010.2 0 88 88 163 2.5 165 1.7 158 2 145 3 163 4.9 8291 8163 22.2 23.1 22.2 23.8 24.7 24.8 24.5 -
2014-6-30 18:00:0021.8 20 22 21.8 1,010.4 0 90 88 178 2.1 182 1.4 176 1.3 163 3.6 138 5.7 7622 7291 23.2 24.3 23 24.4 25.2 25.1 24.6 -
2014-6-30 17:00:0021.9 19.9 22.4 21.9 1,009.6 0 89 84 162 4.2 162 3.5 164 3.5 164 4.1 153 6.1 5242 5658 24.3 26.8 24.3 25.5 25.8 25.2 24.5 -
2014-6-30 16:00:0022.3 19.6 22.7 22.2 1,009.9 0 85 79 150 4.7 147 3.7 150 3.5 142 4.1 146 5.7 6948 6182 26.7 27.5 26.7 26.6 26.1 25.2 24.4 -
2014-6-30 15:00:0022.7 18.8 23.5 22.7 1,010.3 0 79 69 147 4.7 146 4 149 3.3 166 3.5 163 5.2 8215 9610 27.6 29.6 27.6 27.6 26.4 25.1 24.2 -
2014-6-30 14:00:0023.4 17.5 25.6 23.4 1,010.5 0 70 59 182 2.7 173 2.1 165 3.2 191 4.1 185 5.8 19072 17510 29.1 33.8 29 28.5 26.3 24.7 23.9 -
2014-6-30 13:00:0025.6 17.1 25.6 24.9 1,010.1 0 60 55 182 4.5 180 3.4 189 3 189 3.5 191 5.4 29940 27517 33.9 35.2 31 29 25.3 24.1 23.6 -
2014-6-30 12:00:0024.9 16 24.9 23.2 1,010.2 0 58 56 161 3.2 160 2.5 158 2.3 173 2.7 191 4.5 23594 31413 31 31 25.8 26.2 24.3 23.7 23.5 -
2014-6-30 11:00:0023.3 16.2 23.3 23 1,010.3 0 65 63 158 2.9 164 2.1 159 1.6 170 2.4 184 3.8 21728 24975 25.9 26.7 25.9 24.9 23.8 23.5 23.5 -
2014-6-30 10:00:0023.1 16.3 23.1 22.1 1,009.9 0 66 63 150 2.3 147 1.8 156 2.2 187 3.5 185 5.3 21964 23515 26 26.3 23.8 24.2 23.3 23.4 23.5 -
2014-6-30 9:00:0022.1 17.4 22.1 21 1,010.2 0.1 75 74 183 2.9 184 2.3 177 2.3 175 2.6 172 3.8 12004 13184 23.8 23.9 22.2 23 23 23.4 23.6 -
2014-6-30 8:00:0020.9 17.2 22.1 20.9 1,010.3 0.8 80 80 89 2.1 90 1.9 106 2.3 167 2.9 164 4.2 15491 11429 22.2 22.2 21.2 22.4 23 23.4 23.6 -
2014-6-30 7:00:0022.1 19.9 22.4 22.1 1,010.2 2.1 88 88 169 3.4 172 3.4 176 2.3 176 2.3 174 4.9 6738 3314 22.1 22.4 22 22.6 23.1 23.5 23.7 -
2014-6-30 6:00:0022.4 21.6 22.4 22.3 1,009.7 0.1 96 96 165 1.5 164 1.2 138 0.9 70 1.5 60 2.2 2681 2850 22 22 21.8 22.5 23.1 23.6 23.8 -
2014-6-30 5:00:0022.4 21.6 22.7 22.4 1,008.9 0 96 94 61 1.9 63 1.5 73 1.5 75 1.5 72 2 2637 2703 21.8 22 21.8 22.6 23.3 23.8 24 -
2014-6-30 4:00:0022.7 21.6 23 22.7 1,008.9 0 94 92 111 1 116 0.8 136 0.6 144 1.5 137 2.2 4041 4045 22 22.2 21.9 22.7 23.4 23.9 24.1 -
2014-6-30 3:00:0023 21.6 23.1 23 1,008.5 0 92 92 157 2 150 1.3 157 1.5 164 1.8 157 2.6 5800 5606 22.2 22.3 22.2 22.9 23.6 24.1 24.2 -
2014-6-30 2:00:0023 21.6 23.2 23 1,008.8 0 92 91 178 1.4 176 1.2 191 0.5 136 1.3 153 2.1 6094 6055 22.3 22.3 22.3 23 23.7 24.3 24.3 -
2014-6-30 1:00:0023.2 21.6 23.5 23.2 1,008.1 0 91 90 124 0.7 125 0.6 124 0.6 151 2.1 153 3 6299 6278 22.3 22.5 22.3 23.2 24 24.5 24.5 -
2014-6-30 00:00:0023.5 21.7 23.7 23.5 1,008.4 0 90 87 178 0.8 177 0.7 174 1.1 167 1.7 168 2.6 6387 6457 22.5 22.7 22.5 23.3 24.2 24.7 24.7 -
2014-6-29 23:00:0023.7 21.3 23.8 23.7 1,008.7 0 87 84 181 2 180 1.6 177 1.7 172 1.7 169 2.9 7581 7473 22.7 22.8 22.6 23.6 24.5 25 24.9 -
2014-6-29 22:00:0023.8 21 24 23.8 1,008.9 0 85 85 168 2 168 1.5 173 1.6 165 2.2 181 3.6 8750 8768 22.8 23 22.8 23.9 24.9 25.3 25 -
2014-6-29 21:00:0024 21.2 24.1 23.9 1,008.8 0 85 83 174 3.7 170 2.2 168 2 165 2.4 159 4.4 8637 8331 23 23.4 23 24.2 25.4 25.7 25.2 -
2014-6-29 20:00:0024.1 21 24.2 24 1,007.7 0 83 82 173 2.8 174 1.7 173 2.4 169 3.2 169 4.8 8980 8761 23.4 24.2 23.4 24.9 26 26.1 25.4 -
2014-6-29 19:00:0024.2 21.4 24.8 24.2 1,007.2 0 85 79 169 3 170 2.5 169 2.3 164 3.1 163 4.4 6875 6059 24.2 26 24.2 26 26.9 26.4 25.4 -
2014-6-29 18:00:0024.9 21.1 26.1 24.9 1007 0 80 73 159 2.4 159 1.8 171 2.2 184 2.6 183 4.1 6181 6718 26.1 29.8 26.1 27.8 27.8 26.6 25.3 -
2014-6-29 17:00:0026.1 20.8 26.9 26.1 1,006.6 0 73 69 202 2.8 190 2.1 187 2.5 190 2.7 144 4 11881 11804 28.9 34.5 28.9 30 28.3 26.5 25.1 -
2014-6-29 16:00:0026.7 20.4 26.8 26.3 1,006.8 0 69 67 198 2.1 205 1.7 199 2 165 2.8 154 4.5 11580 10345 34.4 35.5 31.9 30.8 28.2 26.3 24.8 -
2014-6-29 15:00:0026.7 20.7 27 26.4 1,006.8 0 70 64 162 2.9 165 2.3 167 2.2 167 2.8 147 4 12552 12808 33.1 37 32.6 30.7 28.1 26 24.5 -
2014-6-29 14:00:0027 19.8 27.1 26.4 1,007.2 0 65 60 165 3.8 164 2.7 164 2.6 167 2.7 156 4 15592 14409 36.3 37.2 30.9 30.8 27.7 25.5 24.1 -
2014-6-29 13:00:0026.9 18.4 27.6 26.9 1,007.5 0 60 56 159 3.4 159 2.8 166 2.8 170 2.8 168 4.4 17084 19474 34 38.6 34 31.5 27.4 24.9 23.7 -
2014-6-29 12:00:0027.1 18.8 27.1 25.6 1,007.6 0 61 58 161 2.9 152 1.8 151 1.8 161 2.5 177 4.1 18574 13460 37.5 38.4 31.4 30.6 25.8 24.1 23.4 -
2014-6-29 11:00:0025.6 19.9 25.6 25.1 1008 0 71 71 209 2.6 208 2 195 1.7 233 2 239 3.2 10443 11295 31.3 31.6 28.3 27.4 24.8 23.7 23.2 -
2014-6-29 10:00:0025.3 20.2 25.3 24.7 1008 0 74 71 230 1.6 228 1.2 203 1.2 203 2.1 179 3.4 13422 13063 28.9 29.3 28.5 26.4 24.2 23.3 23 -
2014-6-29 9:00:0024.6 20.6 24.6 23.7 1,007.9 0 79 78 216 3 217 1.8 219 1.6 206 1.7 216 3 10668 10713 28.7 28.7 25.9 25.3 23.4 22.9 22.9 -
2014-6-29 8:00:0023.7 21.3 23.7 22.6 1,007.7 0 87 87 208 1.1 215 0.9 205 0.9 208 1 190 1.6 8584 8763 26 26.3 24 24 22.7 22.7 22.9 -
2014-6-29 7:00:0022.6 21.3 22.6 22 1,007.4 0 93 93 163 0.4 177 0.3 - 0.1 257 0.5 207 0.8 6754 6354 24 24 21.8 22.4 22.3 22.7 22.9 -
2014-6-29 6:00:0022 21.1 22 21.6 1,007.3 0 95 95 284 0.6 286 0.4 - 0.2 192 1 188 1.5 5654 6035 21.8 21.8 21.2 21.8 22.2 22.7 23 -
2014-6-29 5:00:0021.6 20.8 21.6 21.3 1007 0 96 96 178 0.6 176 0.5 161 0.6 109 0.7 166 1 6555 6695 21.2 21.2 21 21.7 22.2 22.8 23.1 -
2014-6-29 4:00:0021.3 20.6 21.4 21.2 1,006.7 0 96 96 337 0.3 - 0.1 - 0.2 140 0.6 55 0.7 6602 5155 21 21.1 20.9 21.6 22.3 22.9 23.3 -
2014-6-29 3:00:0021.2 20.4 21.2 21 1,006.7 0 96 96 129 0.7 129 0.6 142 0.5 64 0.7 143 0.9 4282 5240 20.9 20.9 20.6 21.5 22.4 23.1 23.4 -
2014-6-29 2:00:0021.1 20.4 21.4 21 1,006.9 0 96 93 64 0.6 64 0.6 61 0.6 272 0.9 257 0.9 5762 4947 20.6 20.6 20.5 21.5 22.6 23.3 23.6 -
2014-6-29 1:00:0021.4 20.1 21.7 21.4 1,007.2 0 93 91 272 0.9 274 0.7 271 0.9 208 0.9 205 1.6 6970 7570 20.5 20.8 20.5 21.7 22.8 23.5 23.7 -
2014-6-29 00:00:0021.7 20.1 22.3 21.7 1,007.8 0 91 89 247 0.5 239 0.3 234 0.3 202 1.5 193 2.6 10008 10402 20.8 21.2 20.8 22 23.1 23.8 23.9 -
2014-6-28 23:00:0022.3 20.1 22.7 22.3 1,008.3 0 88 86 217 1.7 211 1.3 204 1.3 231 2.1 222 2.9 9984 10409 21.2 21.5 21.2 22.4 23.5 24.1 24.1 -
2014-6-28 22:00:0022.7 20.2 22.9 22.7 1,008.1 0 86 85 226 2 232 1.8 230 2 232 2.6 223 4.7 10702 11671 21.5 22.1 21.5 22.8 23.9 24.4 24.2 -
2014-6-28 21:00:0022.9 20.2 23.3 22.9 1,007.9 0 85 83 220 3.9 220 2.3 226 2.3 229 2.9 226 5.1 13395 13245 22.1 22.5 22.1 23.3 24.4 24.7 24.4 -
2014-6-28 20:00:0023.3 20.2 23.6 23.3 1,007.3 0 83 83 212 3.9 223 2.5 229 2.6 225 3.1 224 5.1 14602 13409 22.5 23.2 22.5 24 25 25 24.5 -
2014-6-28 19:00:0023.6 20.4 24.4 23.6 1,006.6 0 83 83 231 3 230 2.3 228 2.3 189 2.6 222 4.7 10664 10387 23.2 25.3 23.2 25 25.7 25.3 24.5 -
2014-6-28 18:00:0024.3 21.7 24.4 24.3 1,005.8 0 86 86 192 3.2 191 2.6 187 2.6 182 3.6 185 4.4 6870 7000 25.3 27.5 25.3 26.5 26.2 25.4 24.5 -
2014-6-28 17:00:0024.4 22 24.9 24.4 1,005.2 0 87 84 184 4.8 182 3 179 3.6 179 3.6 186 5.6 7103 6951 27.3 29.2 27.3 27.6 26.6 25.4 24.3 -
2014-6-28 16:00:0024.9 22.3 25.4 24.7 1,005.7 0 86 82 171 3 172 2 189 2.3 185 4 184 7.2 5769 7529 29 30.7 28.6 28.1 26.7 25.3 24.1 -
2014-6-28 15:00:0025.4 22 25.6 24.9 1,006.2 0 82 80 188 4.4 191 3.1 179 2.7 187 3.7 202 5.5 8596 8989 30.8 32 29.4 28.9 26.6 25.1 23.9 -
2014-6-28 14:00:0024.9 22.1 25.8 24.9 1,006.5 0 85 79 179 4.1 183 3.6 187 3.6 187 3.6 182 5.3 11566 8938 29.3 31.4 29 28.3 26.5 24.9 23.6 -
2014-6-28 13:00:0025.8 21.8 26 25.6 1,006.5 0 79 79 192 4.3 187 3.5 187 2.9 175 3.1 166 4.9 6237 6870 31.3 32.3 29.8 28.8 26.3 24.5 23.3 -
2014-6-28 12:00:0025.9 22.1 26.7 25.9 1,006.9 0 80 72 180 3.3 185 2.6 196 2.5 196 2.5 191 3.8 6090 5503 30.6 35.2 30.6 29.1 26.1 23.9 22.9 -
2014-6-28 11:00:0026.7 21.6 26.7 25 1,007.1 0 74 74 243 2.3 251 1.5 50 0.8 257 1.6 255 3.1 4102 4004 35.3 35.3 30.9 29.3 24.9 23.2 22.6 -
2014-6-28 10:00:0024.9 21.1 24.9 23.8 1,007.2 0 80 80 264 1.8 258 1.6 251 1.3 258 1.8 299 2.7 5624 6344 30.8 31.1 26.9 26.3 23.5 22.6 22.4 -
2014-6-28 9:00:0023.7 21.1 23.7 22.5 1,007.3 0 86 86 257 2.4 258 1.7 258 1.8 256 1.8 273 2.6 8309 8544 27.3 27.3 25 24.6 22.7 22.3 22.3 -
2014-6-28 8:00:0022.4 21.6 22.4 21.7 1,006.9 0 96 96 175 0.6 195 0.5 193 0.3 121 0.6 128 0.8 3996 4066 24.9 24.9 23.4 23 22.1 22.1 22.3 -
2014-6-28 7:00:0021.7 21.3 21.7 21.2 1007 0 98 98 114 0.7 109 0.6 121 0.5 70 0.9 39 1.3 4343 3867 23.3 23.3 21.2 22 21.7 22 22.3 -
2014-6-28 6:00:0021.2 21 21.2 20.7 1,006.7 0 99 99 81 1.1 84 0.8 86 0.6 86 0.6 81 1.1 2202 2217 21.2 21.2 20.5 21.2 21.5 22.1 22.4 -
2014-6-28 5:00:0020.7 20.4 20.8 20.7 1,006.2 0 99 99 103 0.3 - 0.1 - 0.1 95 0.4 80 0.6 1796 1815 20.4 20.4 20.2 20.9 21.5 22.2 22.5 -
2014-6-28 4:00:0020.8 20.6 20.9 20.8 1006 0 99 98 87 0.5 88 0.4 120 0.3 81 0.9 80 1.2 1928 2227 20.3 20.4 20.3 21 21.7 22.3 22.6 -
2014-6-28 3:00:0020.9 20.6 21 20.9 1,006.1 0 99 98 - 0.1 - 0.1 69 0.3 336 0.9 335 1.4 3848 3383 20.4 20.5 20.4 21.1 21.7 22.4 22.7 -
2014-6-28 2:00:0020.9 20.6 20.9 20.8 1,006.2 0 99 98 340 0.9 336 0.6 356 0.6 5 0.6 2 0.9 3579 2928 20.5 20.5 20.5 21.1 21.9 22.5 22.8 -
2014-6-28 1:00:0020.9 20.5 20.9 20.7 1,006.4 0 98 98 - 0 - 0 55 0.3 9 0.8 10 1.2 3025 2861 20.5 20.5 20.3 21.2 22 22.6 22.9 -
2014-6-28 00:00:0020.8 20.4 20.9 20.7 1,006.9 0 98 98 353 0.4 359 0.3 319 0.4 305 0.7 318 0.9 1820 1874 20.3 20.3 20.2 21.2 22.2 22.8 23 -
2014-6-27 23:00:0020.9 20.5 21.3 20.9 1,007.4 0 98 97 247 0.8 244 0.7 250 0.6 232 1 226 1.3 3507 2641 20.2 20.7 20.2 21.5 22.5 23 23.1 -
2014-6-27 22:00:0021.3 20.7 21.8 21.3 1,007.5 0 97 95 223 0.3 224 0.3 222 0.7 210 0.8 212 1.1 4699 4815 20.8 21.6 20.8 22 22.8 23.2 23.2 -
2014-6-27 21:00:0021.8 21 22 21.8 1,007.1 0 96 96 45 0.4 56 0.3 63 0.6 75 2.1 74 3.3 8219 8429 21.7 22 21.7 22.5 23.1 23.3 23.3 -
2014-6-27 20:00:0022 21.2 22.2 22 1,006.7 0.1 96 94 82 2.5 80 1.7 70 1.9 63 2.4 65 4 8387 8409 22 22.5 22 22.8 23.3 23.5 23.3 -
2014-6-27 19:00:0022.2 21.3 22.2 22.2 1,006.4 0 95 94 59 1.5 58 1.2 61 1.3 86 2 91 3.3 11353 11569 22.5 22.9 22.5 23.2 23.6 23.6 23.4 -
2014-6-27 18:00:0022.2 21.1 22.8 22.2 1,006.2 0 94 93 56 2.4 59 1.6 53 1.7 60 1.9 55 3.8 8522 6971 22.8 23.5 22.8 23.6 23.8 23.7 23.4 -
2014-6-27 17:00:0022.8 21.6 23.1 22.8 1,005.9 0 93 90 13 2 26 1.3 45 1 34 2 21 3.1 5662 6298 23.5 24.2 23.5 24.1 24.1 23.8 23.3 -
2014-6-27 16:00:0023.1 21.5 23.8 23.1 1,005.7 0 91 86 16 2.3 22 1.7 34 2 54 3.3 48 5.5 8560 8814 24.2 26.4 24.2 24.7 24.2 23.7 23.3 -
2014-6-27 15:00:0023.7 21.1 23.7 23.3 1,005.4 0 86 86 62 2.3 62 1.7 49 1.9 41 2.8 43 4.4 14554 14082 26.3 26.3 24.5 24.8 24.2 23.7 23.2 -
2014-6-27 14:00:0023.6 21.2 24.3 23.6 1,005.6 0 87 84 60 3.1 56 2.1 48 2.1 27 3.2 32 4.8 14204 15444 25.1 28.3 25.1 25.4 24.3 23.5 23 -
2014-6-27 13:00:0024 21.4 24.3 23.2 1,005.5 0 86 84 43 3.9 45 2.5 49 2.1 48 2.3 50 4 14950 11015 25.8 28.7 24.5 25.5 23.9 23.3 22.9 -
2014-6-27 12:00:0023.2 21.4 23.5 23.2 1006 0 90 88 19 2.8 25 2.2 28 1.9 13 2.4 20 4.2 12260 11327 24.5 25.7 24.4 24.5 23.9 23.2 22.8 -
2014-6-27 11:00:0023.4 21.6 23.9 23.4 1,006.2 0 90 86 26 1.5 19 1.1 6 1.6 31 2.8 20 4.4 11699 12157 25.2 28.5 25.2 25.2 23.7 22.9 22.7 -
2014-6-27 10:00:0023.5 21.7 23.5 22.4 1,005.7 0 90 90 19 1.7 23 1.6 29 1.8 353 2.3 13 3.6 15880 13943 28.3 28.3 23.9 24.3 23 22.7 22.6 -
2014-6-27 9:00:0022.5 21.4 22.5 22.2 1,005.7 0.1 94 94 340 2.8 350 2.3 351 2.1 30 2.1 6 4.6 12268 12363 24 24.5 23.7 23.4 22.7 22.6 22.5 -
2014-6-27 8:00:0022.2 21.6 22.2 22 1,005.4 0.5 97 96 29 2.4 22 1.3 14 1.4 358 2.2 356 3.6 5642 4561 23.7 23.7 22.3 22.7 22.4 22.5 22.5 -
2014-6-27 7:00:0022 21.2 22 21.9 1,005.1 0 96 96 348 2.4 351 2 356 2.1 353 2.1 2 3.5 8125 10197 22.3 22.5 22.3 22.4 22.3 22.5 22.6 -
2014-6-27 6:00:0021.9 21.3 21.9 21.7 1,004.2 0 97 97 17 1.5 6 1 352 1.3 20 2.3 15 3.8 7117 6709 22.4 22.4 21.7 22.1 22.2 22.5 22.6 -
2014-6-27 5:00:0021.7 21.3 21.9 21.7 1,003.3 0.1 98 97 16 2 21 1.5 14 1.6 20 2.2 27 3.7 7413 7795 21.7 21.8 21.6 22 22.3 22.5 22.6 -
2014-6-27 4:00:0021.9 21.5 22.1 21.9 1,003.1 0.1 98 98 16 2.8 17 2.1 18 2.1 19 2.2 15 3.6 7990 7797 21.8 22 21.8 22.2 22.4 22.6 22.6 -
2014-6-27 3:00:0022.1 21.7 22.4 22.1 1,002.9 0.6 98 98 19 3.1 20 2.3 19 2.2 23 2.3 19 3.6 4290 3575 22 22.1 22 22.3 22.4 22.6 22.6 -
2014-6-27 2:00:0022.4 22.2 22.5 22.4 1,003.2 2.5 99 99 353 2.5 10 1.9 359 1.6 12 2 12 3.9 8531 8024 22.2 22.2 22.1 22.4 22.5 22.6 22.6 -
2014-6-27 1:00:0022.5 22.2 22.5 22.4 1,003.1 6.1 99 99 355 1.2 8 1 21 1.1 13 1.5 9 2.8 4740 4306 22.2 22.2 22.2 22.4 22.4 22.5 22.5 -
2014-6-27 00:00:0022.4 22.2 22.5 22.4 1,003.7 14.4 99 99 308 0.5 301 0.4 298 0.4 347 2.3 299 3.7 2244 1757 22.2 22.2 22.2 22.4 22.4 22.5 22.5 -
2014-6-26 23:00:0022.4 22.2 22.5 22.4 1,003.8 3.6 99 98 32 3.3 35 2.1 47 2.2 59 2.4 57 4.2 1024 1236 22.2 22.3 22.2 22.5 22.6 22.8 22.8 -
2014-6-26 22:00:0022.5 22.1 22.5 22.4 1,003.9 0 98 98 34 2.1 37 1.7 41 1.7 45 1.8 52 2.8 2249 2461 22.3 22.4 22.3 22.5 22.6 22.8 22.8 -
2014-6-26 21:00:0022.4 22 22.5 22.4 1,003.8 0 98 98 27 2 31 1.4 57 1.3 45 1.5 48 2.6 2058 2142 22.4 22.5 22.4 22.6 22.7 22.8 22.8 -
2014-6-26 20:00:0022.5 22.1 22.5 22.5 1,003.6 0.1 98 98 77 1.7 79 1.2 72 0.9 59 1 77 1.7 2531 2552 22.5 22.6 22.5 22.7 22.8 22.9 22.8 -
2014-6-26 19:00:0022.5 22.1 22.6 22.5 1,003.6 0.4 98 98 50 0.8 51 0.7 63 1 24 1.1 26 1.6 2686 2674 22.6 22.8 22.6 22.8 22.8 22.9 22.8 -
2014-6-26 18:00:0022.6 22.2 22.6 22.6 1,003.5 1.4 98 98 23 1.2 30 0.7 11 0.8 9 1.4 2 2.5 4901 5123 22.8 22.9 22.8 22.9 22.8 22.9 22.8 -
2014-6-26 17:00:0022.6 22.2 22.7 22.4 1,002.8 2.8 98 98 284 0.4 - 0.2 347 0.6 114 2.7 114 4.3 4848 5245 22.9 23 22.6 23 22.9 22.9 22.8 -
2014-6-26 16:00:0022.4 22 22.5 22.4 1,002.8 8.2 98 98 111 2.5 115 1.8 113 2.7 113 2.9 115 4.4 2108 2510 22.6 23.1 22.6 23 23 23 22.9 -
2014-6-26 15:00:0022.5 22.1 22.6 22.5 1,003.4 4.2 98 97 101 2.1 106 1.7 103 2.1 101 2.7 100 4 2522 2853 23.1 23.7 23.1 23.4 23.2 23 22.8 -
2014-6-26 14:00:0022.6 22 22.6 22.5 1,003.4 2.3 97 96 79 2.6 80 1.9 86 1.9 89 2.6 93 3.8 2873 2714 23.6 24.1 23.5 23.6 23.1 22.9 22.6 -
2014-6-26 13:00:0022.6 22 22.8 22.5 1,003.7 1 97 95 90 3.3 84 2.2 80 2.3 79 2.7 83 4.1 4509 4318 23.8 24.9 23.5 23.6 23.1 22.8 22.5 -
2014-6-26 12:00:0022.7 21.9 22.7 22.6 1,003.9 0.1 96 95 88 3.4 90 2.8 81 2.5 74 2.7 75 4.1 5892 6130 24.7 24.7 23.9 23.6 22.9 22.6 22.5 -
2014-6-26 11:00:0022.6 21.9 22.6 22.5 1,004.4 0.2 96 95 89 2.3 87 2.1 77 2.2 90 2.4 86 4.5 4053 3995 24.1 24.3 23.9 23.5 22.7 22.5 22.4 -
2014-6-26 10:00:0022.6 21.9 22.6 22.3 1,004.3 0 96 96 93 2.7 98 1.8 91 2.3 78 3 66 4.8 4593 5781 24 24.4 23.7 23.3 22.5 22.3 22.3 -
2014-6-26 9:00:0022.3 21.7 22.3 21.9 1,004.6 0 97 97 64 3.2 60 1.9 61 1.8 73 3.3 78 5.1 5702 5095 23.7 23.9 23.2 22.8 22.1 22.1 22.3 -
2014-6-26 8:00:0021.9 21.5 21.9 21.6 1,004.5 0.2 98 98 76 3.9 78 3 69 3.1 69 3.2 79 5.5 5760 5610 23.3 23.3 22 22.1 21.8 22.1 22.3 -
2014-6-26 7:00:0021.6 21.2 21.6 21.4 1,004.8 0.1 98 98 69 3.1 68 2.1 76 1.9 68 2.2 77 3.6 5445 4910 21.9 21.9 21.4 21.6 21.7 22 22.3 -
2014-6-26 6:00:0021.4 21 21.4 21.3 1,004.8 2.3 98 98 66 2.6 64 2.1 66 1.9 81 2.1 90 3.4 6011 5756 21.4 21.4 21 21.4 21.6 22 22.3 -
2014-6-26 5:00:0021.3 20.9 21.3 21.2 1,004.6 0 98 98 65 2.5 70 1.7 74 1.7 76 2.6 68 4.6 7920 6350 21 21 20.9 21.3 21.6 22.1 22.4 -
2014-6-26 4:00:0021.2 20.8 21.2 21.1 1,004.4 0.3 98 98 75 3 77 2.2 78 2.5 72 3.1 71 4.7 11022 11199 20.9 20.9 20.9 21.2 21.6 22.1 22.4 -
2014-6-26 3:00:0021.1 20.7 21.1 20.8 1,004.4 0 98 98 73 3.8 77 2.8 80 2.7 71 3.1 75 5.1 19739 19045 20.9 20.9 20.7 21.2 21.6 22.1 22.5 -
2014-6-26 2:00:0020.8 20.6 20.8 20.6 1,004.6 0.6 99 98 62 2.6 61 2 65 2 72 2.8 70 4.2 6673 6844 20.7 20.7 20.5 21.1 21.6 22.2 22.6 -
2014-6-26 1:00:0020.6 20.2 20.6 20.5 1,005.2 5.1 98 98 76 3.6 75 2.9 77 2.2 69 2.7 77 4.7 5008 2644 20.5 20.5 20.5 21 21.6 22.3 22.7 -
2014-6-26 00:00:0020.6 20.2 20.6 20.3 1,006.2 0.4 98 98 65 3.1 69 2.5 70 2.7 89 3.1 79 5.2 7974 7573 20.5 20.5 20.4 21 21.7 22.3 22.7 -
2014-6-25 23:00:0020.3 19.9 20.3 20.2 1,006.5 1.7 98 97 95 4.2 91 3.5 84 2.9 84 3.8 81 6.4 7622 8719 20.4 20.4 20.3 21 21.7 22.4 22.8 -
2014-6-25 22:00:0020.3 19.9 20.5 20.3 1,006.9 0.8 98 97 82 4.9 81 3.3 83 3.4 90 4.3 85 7.4 2755 4387 20.3 20.5 20.3 21.1 21.9 22.6 22.8 -
2014-6-25 21:00:0020.5 20.1 20.5 20.3 1,006.8 3.1 98 97 103 4.8 98 3.4 89 3.2 87 4.1 94 6.6 5880 4304 20.5 20.5 20.4 21.2 22 22.7 22.9 -
2014-6-25 20:00:0020.4 19.8 20.6 20.4 1,006.5 6.1 97 97 88 4.5 88 3.6 87 4.1 86 4.4 91 7.1 4563 4504 20.4 20.7 20.4 21.3 22.1 22.7 23.1 -
2014-6-25 19:00:0020.6 20 21.1 20.5 1,005.9 4.9 97 96 87 5.1 89 3.8 95 3.5 93 4.7 100 7.9 6563 6356 20.7 21.2 20.7 21.7 22.4 22.9 23.1 -
2014-6-25 18:00:0021.1 20.4 21.7 21.1 1,005.9 3.4 96 96 90 4.3 90 4 92 4.9 103 5.3 96 9.2 2828 4175 21.2 22.1 21.2 22.4 23 23.3 23.3 -
2014-6-25 17:00:0021.7 21.3 22.1 21.7 1005 5.2 98 97 102 4.7 106 3.4 108 3.5 114 4 108 6.2 3380 3849 22.1 22.8 22.1 22.8 23.2 23.4 23.3 -
2014-6-25 16:00:0022.1 21.5 22.2 22 1,005.3 3.7 97 97 124 6 118 3.9 117 3.6 119 3.9 119 6.1 7605 7905 22.8 23.2 22.6 23.2 23.3 23.4 23.3 -
2014-6-25 15:00:0022.1 21.5 22.3 22.1 1,005.6 1.1 97 94 110 3.7 113 2.5 114 3.1 115 3.3 116 5.1 10576 6309 23.1 23.9 23 23.5 23.4 23.4 23.3 -
2014-6-25 14:00:0022.2 21.3 22.3 22.1 1,006.2 0.6 95 94 121 2.3 123 1.9 125 2.1 113 3 122 4.4 5514 7347 23.4 24.3 23.4 23.8 23.4 23.3 23.3 -
2014-6-25 13:00:0022.1 21.2 22.5 22.1 1,006.6 0.3 95 90 113 3.7 114 3.3 113 3.1 126 3.1 122 4.9 7728 6894 23.5 24.7 23.1 23.6 23.3 23.3 23.3 -
2014-6-25 12:00:0022.5 20.8 22.6 22.4 1,007.1 0 91 89 143 3.8 139 3.2 141 2.7 137 2.7 144 4.1 9614 6491 23.3 23.5 23.1 23.3 23.2 23.2 23.3 -
2014-6-25 11:00:0022.6 20.6 22.6 22.5 1,007.3 0 89 88 136 2 144 1.9 145 1.7 160 2.3 165 3.3 14230 16380 23.3 23.7 23.3 23.3 23.1 23.2 23.3 -
2014-6-25 10:00:0022.5 20.7 22.6 22.4 1007 0 90 90 158 3.2 153 2.3 151 2.1 167 2.1 149 3.3 14691 15125 23.7 23.8 23.1 23.2 22.9 23.1 23.3 -
2014-6-25 9:00:0022.4 21 22.4 22.2 1,007.4 0.1 92 91 164 2.2 164 1.6 169 1.5 157 2.2 173 2.8 19697 20491 23.1 23.1 22.3 22.7 22.7 23.1 23.3 -
2014-6-25 8:00:0022.2 20.6 22.3 22.1 1,006.6 0 91 90 160 2.5 157 2.2 155 2.3 161 2.7 169 4.7 18835 19304 22.3 22.7 22.2 22.5 22.7 23.1 23.4 -
2014-6-25 7:00:0022.3 20.5 22.3 22.1 1,006.3 0.2 90 90 153 3.2 156 2.4 156 2.2 164 3.1 172 5 19925 16762 22.7 22.7 21.3 22.3 22.5 23.1 23.5 -
2014-6-25 6:00:0022.1 20.4 22.3 22 1,006.2 0.1 91 87 168 3 164 2.7 162 2.6 161 2.6 164 4.4 10748 9898 21.3 21.3 20.9 21.7 22.5 23.2 23.6 -
2014-6-25 5:00:0022.2 19.8 22.3 22.2 1006 0 87 86 165 3.9 162 2.7 164 2.2 164 2.2 165 3.9 19518 20564 20.9 20.9 20.8 21.7 22.6 23.4 23.8 -
2014-6-25 4:00:0022.3 20 22.3 22.2 1,005.9 0 87 85 178 2.1 175 1.7 169 2 166 2.6 174 4.3 19305 19392 20.8 20.8 20.7 21.7 22.8 23.6 23.9 -
2014-6-25 3:00:0022.2 19.7 22.3 22.2 1,005.8 0 86 85 160 3 162 2.2 162 2 162 2.3 166 3.7 25209 24787 20.7 20.8 20.7 21.8 23 23.8 24.1 -
2014-6-25 2:00:0022.3 19.8 22.7 22.3 1006 0 86 80 151 1.9 157 1.7 160 1.9 171 3.1 167 5 23411 23676 20.7 20.9 20.6 21.9 23.2 24.1 24.3 -
2014-6-25 1:00:0022.6 19.3 22.9 22.6 1,006.3 0 82 80 165 5.6 164 3.6 166 2.2 183 3.2 165 5.6 34236 27473 20.9 21.2 20.9 22.1 23.5 24.3 24.6 -
2014-6-25 00:00:0022.9 19.4 23 22.9 1,006.8 0 81 81 176 3 177 2.2 173 3.2 169 3.6 182 6.1 35000 28918 21.2 21.3 21.2 22.5 23.9 24.7 24.8 -
2014-6-24 23:00:0022.9 20.2 23.2 22.8 1,007.2 0 85 83 172 4.6 173 3.3 171 2.6 168 3.8 170 6.5 35000 31639 21.2 21.4 21.2 22.7 24.3 25.1 25 -
2014-6-24 22:00:0023.2 20.2 23.5 23.2 1,007.5 0 83 81 166 5.6 165 4 168 3.8 170 4.4 172 6.9 35000 35000 21.4 22 21.4 23.3 24.9 25.5 25.3 -
2014-6-24 21:00:0023.2 20.2 23.6 23.2 1,006.9 0 83 83 169 3.8 167 3.1 163 3.4 157 4 160 6.9 35000 32771 21.7 22.6 21.7 23.9 25.6 26 25.5 -
2014-6-24 20:00:0023.6 21.2 24.2 23.6 1,006.4 0 87 84 154 5.3 154 3.9 156 3.9 151 4.4 155 6.6 21740 19418 22.6 24 22.6 25 26.4 26.5 25.7 -
2014-6-24 19:00:0024.2 21.8 24.6 24.2 1,006.3 0 87 86 155 3.5 151 3.5 152 3.4 154 4.1 153 6.4 13380 13340 24.1 26.2 24.1 26.3 27.4 26.9 25.8 -
2014-6-24 18:00:0024.6 21.8 25.6 24.6 1,005.7 0 85 81 157 5.1 158 4.1 153 4.1 151 4.1 169 5.8 12526 11264 26.2 30.4 26.2 28.2 28.4 27.2 25.7 -
2014-6-24 17:00:0025.7 22.1 26.5 25.6 1,005.4 0 81 75 157 5.2 160 4.3 150 3.5 145 4.5 142 6.4 11950 10277 30.6 33.8 30.6 30.3 29.1 27.3 25.5 -
2014-6-24 16:00:0026.4 21.7 27.1 26.4 1,005.3 0 76 69 158 4.9 170 4.1 166 3.9 162 4 174 6.5 14272 14916 33.7 36.3 33.7 31.9 29.5 27.1 25.1 -
2014-6-24 15:00:0026.8 20.8 27.1 26.6 1,005.7 0 70 68 160 4.1 167 3.3 168 3.5 166 3.7 163 5.9 35000 30353 35.6 38.4 34.8 32.8 29.5 26.7 24.7 -
2014-6-24 14:00:0026.9 20.4 27 26.5 1006 0 68 68 156 4.9 162 3.9 158 3.3 162 3.6 176 5.7 35000 35000 37.7 38.5 37.6 33.4 29.1 26.1 24.2 -
2014-6-24 13:00:0026.7 21.6 26.7 26 1,006.4 0 74 72 183 2.4 185 2.1 165 3.2 146 3.7 155 6.4 18959 22250 38.2 39.2 37.4 33.1 28.2 25.2 23.6 -
2014-6-24 12:00:0026.2 21.7 26.3 25.6 1,007.1 0 77 74 159 3.9 163 3.2 153 3.2 151 3.2 157 5 16989 15523 38.6 39.5 35.4 32.4 26.9 24.3 23.2 -
2014-6-24 11:00:0025.6 21 25.8 25.1 1,007.4 0 76 75 163 2.9 159 1.8 157 2.4 161 2.7 146 4 19641 17625 37.3 37.4 32.1 29.5 25.4 23.5 22.8 -
2014-6-24 10:00:0025.4 22 25.4 24.4 1,007.7 0 82 80 153 3.1 155 2.4 171 2.2 163 3.2 163 4.7 23796 16568 34.8 34.8 28.1 27.2 24.1 22.9 22.6 -
2014-6-24 9:00:0024.5 21.4 24.7 24 1,007.2 0 83 81 172 3.9 170 3.4 168 2.6 170 2.9 167 4.4 17249 16848 28.3 29.9 27.1 25.9 23.1 22.4 22.4 -
2014-6-24 8:00:0024 21.2 24.1 23.3 1,007.3 0 85 85 193 2.9 173 2.4 165 2.4 169 2.8 164 4.1 18531 17513 26.8 27.3 24.5 23.8 22.2 22.1 22.4 -
2014-6-24 7:00:0023.3 21.3 23.3 20.9 1,006.9 0 89 89 159 3.1 165 2.8 162 2.4 163 2.4 166 3.9 16790 12868 24.8 24.8 20.7 22.1 21.5 22 22.4 -
2014-6-24 6:00:0020.9 20.5 20.9 20.4 1,006.8 0 98 97 50 0.5 - 0.2 57 0.3 55 1 55 1.5 3483 3251 20.6 20.6 19.2 20.5 21.3 22.1 22.5 -
2014-6-24 5:00:0020.4 19.8 21 20.4 1,006.6 0 97 95 95 0.3 100 0.3 118 0.3 85 0.7 79 0.9 4229 4087 19.2 19.6 19.2 20.4 21.5 22.3 22.6 -
2014-6-24 4:00:0021 20.1 21.8 21 1,006.4 0 95 93 44 0.3 - 0.1 - 0.1 166 1.2 164 1.8 5297 5547 19.6 20 19.6 20.7 21.7 22.4 22.7 -
2014-6-24 3:00:0021.9 20.6 22 21.9 1,006.3 0 93 92 196 1 195 0.7 200 0.9 179 1.5 177 2.9 8973 8914 20 20.3 20 21 21.9 22.5 22.9 -
2014-6-24 2:00:0022 20.7 22.1 21.9 1,006.7 0 93 93 168 1.9 172 1.4 178 1.2 157 1.9 157 2.7 6573 6194 20.3 20.5 20.3 21.2 22 22.7 23 -
2014-6-24 1:00:0022.1 21 22.1 22 1007 0 94 93 156 3 156 2 157 1.8 155 2 159 3.1 5478 5351 20.5 20.6 20.4 21.3 22.2 22.8 23.1 -
2014-6-24 00:00:0022 20.7 22 21.7 1,007.5 0 93 93 162 2.6 160 1.6 158 1.6 151 1.7 164 2.8 7889 8036 20.6 20.6 20.3 21.3 22.4 23 23.2 -
2014-6-23 23:00:0021.8 20.6 22 21.8 1008 0 93 90 146 1.9 144 1.6 146 1.5 149 2 148 2.9 10458 11539 20.4 20.7 20.4 21.5 22.6 23.3 23.4 -
2014-6-23 22:00:0021.9 20.5 22 21.8 1,008.4 0 92 92 149 2.7 149 2.1 145 1.8 147 2 145 3.1 10706 9936 20.7 20.8 20.6 21.9 23 23.5 23.5 -
2014-6-23 21:00:0022 20.6 22.1 22 1,008.1 0 92 91 148 2.3 145 1.9 147 2 140 2.4 133 3.9 6556 6319 20.8 21.6 20.8 22.4 23.5 23.8 23.6 -
2014-6-23 20:00:0022 20.7 22.5 22 1,007.6 0 93 90 160 2.2 161 1.7 153 1.5 124 2.1 131 3.7 4801 4869 21.6 22.6 21.6 23.1 24 24.1 23.7 -
2014-6-23 19:00:0022.5 20.7 23.3 22.5 1007 0 90 83 138 1.1 141 1 138 1.7 124 3 119 4.5 8223 8587 22.6 24.8 22.6 24.2 24.6 24.2 23.6 -
2014-6-23 18:00:0023.3 20.2 24.1 23.3 1,006.5 0 83 77 158 2.7 155 2.3 156 2.6 147 2.9 149 4.3 11764 12376 24.8 28 24.8 25.6 24.9 24.2 23.5 -
2014-6-23 17:00:0023.7 20.2 24 23.7 1,006.4 0 81 78 138 2.5 143 2.4 145 2.4 145 2.4 149 3.4 13953 16019 26.5 27.2 25.8 25.9 24.9 24.1 23.4 -
2014-6-23 16:00:0024 19.8 24.5 23.9 1,006.6 0 78 74 99 2 98 1.6 112 2 106 2.2 109 3.9 23621 20615 26.6 30.2 26.6 26.6 25 23.8 23.2 -
2014-6-23 15:00:0024.1 20 24.3 23.5 1,006.4 0 78 75 120 2.7 111 2.2 107 2.3 111 2.3 126 3.7 16870 23031 28.6 30.2 28 26.9 24.5 23.5 23 -
2014-6-23 14:00:0023.5 19.8 23.6 22.9 1,007.7 0 80 80 7 2.5 7 1.9 59 1.6 149 2.9 120 4.1 24988 20367 28.2 29.2 25.1 25.5 23.8 23.2 22.8 -
2014-6-23 13:00:0022.9 19.8 23.4 22.9 1,007.1 0 83 82 146 3.7 146 2.7 149 3 149 3.7 154 5.4 12638 15927 25.7 27 25.5 25 23.5 22.9 22.7 -
2014-6-23 12:00:0023.3 20.4 23.3 22.8 1,007.7 0 84 84 146 4.1 148 2.8 137 2.7 138 2.7 146 4.1 11541 11758 26.6 26.6 24.4 24.3 23.1 22.7 22.6 -
2014-6-23 11:00:0022.9 20.2 23 22.4 1,008.9 0 85 84 89 1.6 83 1.1 77 1.2 112 2.2 122 3 12569 12114 24.7 25.8 23.6 23.8 22.7 22.5 22.5 -
2014-6-23 10:00:0022.4 20.2 22.6 22.3 1,008.3 0 88 87 114 2.7 115 2.5 106 1.9 104 2.3 120 4 9557 9827 23.6 24.9 23.5 23.1 22.5 22.4 22.5 -
2014-6-23 9:00:0022.4 20.2 22.4 21.8 1,008.3 0 88 88 66 2.1 69 1.7 68 1.8 102 2.7 107 3.9 10635 10182 24.1 24.1 23 22.7 22.1 22.2 22.5 -
2014-6-23 8:00:0021.8 20.4 21.8 21.2 1,008.1 0 92 92 69 1.8 77 1.6 83 1.8 106 2.9 103 4.3 5728 6157 22.9 22.9 22.3 22 21.8 22.1 22.5 -
2014-6-23 7:00:0021.2 20.3 21.2 20.6 1,007.8 0 95 95 89 2.8 87 2.1 80 1.9 56 1.9 39 3 4417 4274 22.3 22.3 20.5 21.4 21.5 22.1 22.5 -
2014-6-23 6:00:0020.6 20 20.6 20.3 1,007.4 0 97 97 38 2.4 41 1.8 45 1.8 49 1.8 35 3.2 3997 3888 20.4 20.4 19.8 20.7 21.4 22.2 22.7 -
2014-6-23 5:00:0020.4 19.8 20.5 20.3 1,007.3 0 97 96 24 1.9 15 1.6 30 1.4 22 2.2 36 3.1 3958 3401 19.8 19.8 19.7 20.6 21.5 22.3 22.8 -
2014-6-23 4:00:0020.5 19.8 20.5 20.4 1007 0 96 96 20 2.3 19 1.9 23 2.2 134 2.5 27 3.9 5069 4645 19.8 19.9 19.8 20.7 21.7 22.5 22.9 -
2014-6-23 3:00:0020.4 19.6 20.5 20.4 1,007.1 0 96 96 54 1.4 53 1.2 49 1.5 49 1.6 50 2.5 4821 4899 19.9 20.1 19.9 20.8 21.8 22.6 23 -
2014-6-23 2:00:0020.5 19.9 20.5 20.4 1,007.2 0 97 96 104 1.4 102 1.4 84 1.1 66 1.4 32 2.2 4953 4817 20.1 20.1 19.7 20.9 22 22.8 23.2 -
2014-6-23 1:00:0020.5 19.8 20.7 20.5 1008 0 96 95 19 1.5 25 1.3 48 1.3 78 1.9 74 2.7 6908 5690 19.9 20.3 19.9 21.1 22.2 23 23.3 -
2014-6-23 00:00:0020.7 20 20.8 20.7 1,008.4 0 96 95 106 1.1 108 0.8 95 0.9 110 1.2 122 1.7 6999 6194 20.3 20.4 20.3 21.4 22.5 23.2 23.4 -
2014-6-22 23:00:0020.8 20 21.3 20.8 1,008.9 0 95 92 111 1.5 115 1.3 101 1.1 109 1.9 108 3 5735 6011 20.4 20.7 20.4 21.6 22.8 23.4 23.6 -
2014-6-22 22:00:0021.3 19.9 21.6 21.3 1009 0 92 91 92 2.1 95 1.6 110 1.9 113 2.5 114 3.7 9820 9826 20.8 21.2 20.8 22 23.1 23.7 23.7 -
2014-6-22 21:00:0021.6 20.1 21.9 21.6 1,008.6 0 91 90 111 3.3 114 2.8 114 2.4 102 3.1 106 4.9 9447 7790 21.2 21.8 21.2 22.5 23.6 24 23.8 -
2014-6-22 20:00:0022 20.2 22.8 22 1008 0 90 85 102 3.3 100 2.9 98 2.4 127 2.9 139 4.7 10157 9990 21.8 22.7 21.8 23.2 24.1 24.2 23.9 -
2014-6-22 19:00:0022.8 20.2 23.4 22.8 1,008.3 0 86 81 116 1.7 118 1.1 110 1.2 102 2.1 89 2.9 15157 13682 22.7 24.1 22.7 24 24.6 24.4 23.9 -
2014-6-22 18:00:0023.5 20.4 23.9 23.5 1,007.7 0 83 80 96 1.9 101 1.7 100 2.1 99 2.1 103 3.3 15938 15584 24.1 26.1 24.1 25.1 25 24.4 23.8 -
2014-6-22 17:00:0023.8 20.4 24.1 23.8 1,007.4 0 82 78 145 1.4 138 1 129 1.3 111 2.2 104 3.9 17927 18509 26.1 27 26.1 25.9 25.1 24.4 23.7 -
2014-6-22 16:00:0024.2 20.6 24.7 24.2 1,007.3 0 81 73 110 3.3 111 2.7 111 2.1 70 2.7 107 4.8 18864 19021 27 27.9 26.9 26.3 25.1 24.3 23.6 -
2014-6-22 15:00:0024.6 19.3 24.7 24.5 1,007.4 0 73 72 70 2.9 72 2.7 70 2.2 69 2.2 85 3.7 24289 25206 27.5 28.7 27.3 26.5 25 24 23.4 -
2014-6-22 14:00:0024.6 19.6 24.7 24.4 1,007.7 0 74 73 77 3.2 74 2.5 76 1.8 63 2.1 43 3.7 22687 26132 28.3 30.3 27.5 26.5 24.8 23.7 23.2 -
2014-6-22 13:00:0024.5 19.9 24.5 24 1,007.7 0 76 76 80 2.3 62 1.4 60 1.6 70 2.6 76 4.1 24142 17634 30 30 27.7 26.2 24.2 23.4 23 -
2014-6-22 12:00:0024 19.8 24 23.3 1,008.3 0 78 78 96 2.4 95 2.1 79 1.9 78 2.7 76 4.2 18347 17197 28.6 28.7 26.6 25.3 23.7 23.1 22.9 -
2014-6-22 11:00:0023.2 19.9 23.2 22.6 1,008.5 0 82 82 64 2 67 1.8 72 2.4 65 2.8 76 4.4 25062 17002 26.9 26.9 24.3 24.1 23.2 22.9 22.8 -
2014-6-22 10:00:0022.6 20.2 22.6 22.3 1,008.6 0 87 85 72 2.1 77 1.8 70 1.5 71 2.3 65 3.8 16707 17391 24.4 25.2 23.9 23.8 22.9 22.7 22.7 -
2014-6-22 9:00:0022.6 19.8 22.7 22 1,008.4 0 85 85 57 2.9 63 2.4 62 1.8 90 2.8 91 3.9 15759 18918 24.9 25.8 24 23.6 22.5 22.4 22.6 -
2014-6-22 8:00:0022 20.4 22 21.2 1,008.2 0 91 91 67 2.6 68 1.7 76 1.8 75 2.6 74 4 17184 17056 24 24 21.8 22.4 22 22.3 22.7 -
2014-6-22 7:00:0021.2 20.1 21.2 20.9 1,007.6 0 94 93 48 3.2 55 2.1 52 2.1 31 2.7 40 4.4 14159 14096 21.8 21.8 20.9 21.4 21.8 22.3 22.7 -
2014-6-22 6:00:0020.9 20 20.9 20.7 1,007.3 0 95 95 17 4.1 17 2.2 17 2.2 29 2.3 17 4.1 14891 14485 20.9 20.9 20.5 21.2 21.8 22.4 22.8 -
2014-6-22 5:00:0020.7 20 20.9 20.7 1,006.6 0 96 96 60 2.3 63 1.6 58 1.8 60 2.5 59 3.9 7951 7753 20.5 20.7 20.5 21.2 21.9 22.5 22.9 -
2014-6-22 4:00:0020.8 20.2 21 20.8 1,006.4 0 97 96 55 2.5 53 2 53 1.9 55 2 54 3.5 8912 9762 20.7 20.9 20.7 21.3 22 22.6 23 -
2014-6-22 3:00:0021 20.4 21 20.8 1,006.2 0 97 97 70 1.3 67 1.1 53 1 45 1.6 51 2.9 8549 9467 20.9 20.9 20.7 21.4 22 22.6 23 -
2014-6-22 2:00:0020.8 20.2 20.8 20.7 1006 0 97 96 49 3.5 43 1.9 46 1.5 63 2.8 62 4.1 11752 13398 20.7 20.7 20.6 21.3 22.1 22.8 23.1 -
2014-6-22 1:00:0020.7 20.1 20.7 20.7 1,006.1 0.1 97 97 64 3.4 62 2.7 63 2.8 75 3.1 80 4.8 16389 16095 20.7 20.7 20.6 21.4 22.2 22.9 23.3 -
2014-6-22 00:00:0020.7 20.1 20.8 20.7 1006 3 97 96 75 4.1 74 3 73 2.9 73 2.9 69 4.8 9913 7707 20.6 20.8 20.6 21.5 22.3 23 23.4 -
2014-6-21 23:00:0020.8 20.1 20.9 20.8 1,006.7 1 96 95 65 2.1 64 1.3 64 1.8 62 3.6 61 6.2 4340 6448 20.8 20.9 20.7 21.7 22.6 23.2 23.5 -
2014-6-21 22:00:0020.9 20.1 21.8 20.9 1,006.1 5.6 95 95 61 5.1 62 3.3 64 3.6 66 4 62 7.3 9221 9071 20.9 21.6 20.9 22 22.8 23.4 23.6 -
2014-6-21 21:00:0021.8 21.3 21.8 21.7 1,006.4 2.2 97 96 7 2.5 3 1.5 10 1.7 52 2.6 14 4.3 2532 3048 21.6 21.7 21.6 22.4 23.1 23.6 23.8 -
2014-6-21 20:00:0021.8 21.2 21.9 21.8 1,005.5 0.8 97 96 22 1.4 359 1.2 15 1.9 42 2.8 46 5.1 8024 6551 21.7 21.9 21.7 22.6 23.3 23.8 23.9 -
2014-6-21 19:00:0021.9 21.2 22.1 21.9 1,004.9 0.6 96 95 65 2.3 62 1.8 53 2.3 35 3.8 36 7.1 6655 7335 21.9 22.3 21.9 22.9 23.6 23.9 23.9 -
2014-6-21 18:00:0022.1 21.2 22.3 22.1 1,004.5 0 95 94 35 3.7 41 2.8 28 2.4 32 3.7 34 6.7 11310 10190 22.3 22.9 22.3 23.3 23.9 24.1 24 -
2014-6-21 17:00:0022.3 21.2 22.7 22.3 1004 0.2 94 94 15 4.6 16 3.1 17 2.8 38 4.3 41 7.2 14917 14819 23 23.9 23 23.9 24.2 24.2 24 -
2014-6-21 16:00:0022.8 21.9 23.3 22.8 1,003.2 0.5 95 92 37 3.8 42 2.6 36 2.3 28 4.1 41 7 13728 14697 23.9 24.1 23.6 24.3 24.4 24.2 24 -
2014-6-21 15:00:0023.3 21.9 23.7 23.3 1,003.2 0 92 90 38 3.6 35 2.2 28 3.2 37 4.4 36 7.8 18938 17791 23.9 26.1 23.9 24.8 24.6 24.2 23.9 -
2014-6-21 14:00:0023.7 22.1 24.1 23.7 1,002.5 0 91 89 40 6.4 39 4.4 42 4.1 36 4.6 45 7.7 27506 24088 26.1 27.6 25.7 25.5 24.4 24 23.8 -
2014-6-21 13:00:0023.6 21.9 23.6 23.1 1,002.7 0 91 90 57 5.4 57 4.2 49 3.5 26 4.6 34 8.9 35000 30501 26.3 27.4 24.8 24.9 24 23.8 23.8 -
2014-6-21 12:00:0023.1 22.5 23.1 23 1003 4.5 97 97 5 2.6 6 1.7 7 2 339 3.7 344 7 13236 10370 24.7 24.7 23.3 23.8 23.7 23.8 23.8 -
2014-6-21 11:00:0023 22.6 23 22.7 1,002.2 1.4 98 97 67 4.6 62 3.1 54 2.8 48 3.9 53 6.6 3340 5135 23.7 23.7 23.2 23.6 23.7 23.9 23.9 -
2014-6-21 10:00:0022.8 22.4 23 22.8 1,002.6 3.7 98 97 43 3.5 46 2.2 50 2.6 47 3.7 48 6.9 8037 11104 23.4 23.6 23.3 23.7 23.7 23.9 23.9 -
2014-6-21 9:00:0023 22.6 23.3 23 1,002.6 6.3 98 98 42 3.5 43 2.8 40 3 25 3.4 31 6.2 10336 9709 23.6 23.6 23.4 23.7 23.8 23.9 24 -
2014-6-21 8:00:0023.3 23.1 23.3 23.3 1,002.7 7.3 99 99 358 4.9 354 3.2 357 2.6 11 2.8 358 4.9 3140 3627 23.4 23.6 23.4 23.7 23.8 24 24 -
2014-6-21 7:00:0023.3 23.1 23.3 23.2 1002 1.6 99 99 62 1.4 67 1.1 77 1.5 73 2 72 3 1988 2452 23.5 23.6 23.3 23.7 23.8 24.1 24.1 -
2014-6-21 6:00:0023.2 23 23.2 23.1 1,001.9 0.4 99 99 69 2.6 71 2 73 2 58 2.4 60 3.8 2450 2617 23.3 23.3 23.2 23.6 23.9 24.2 24.2 -
2014-6-21 5:00:0023.1 22.8 23.1 23.1 1,002.1 0.3 99 99 60 3.4 58 2.5 59 2.3 59 2.4 57 4.5 1777 1664 23.2 23.3 23.2 23.7 24 24.3 24.2 -
2014-6-21 4:00:0023.1 22.8 23.6 23.1 1002 0 99 99 61 2.7 60 2.3 59 1.8 45 2.6 50 4.7 1729 1680 23.3 23.7 23.3 23.9 24.2 24.4 24.3 -
2014-6-21 3:00:0023.6 23.4 23.9 23.6 1,001.9 0.1 99 98 33 2.8 38 2.3 43 2.5 44 2.5 43 4.6 427 412 23.7 23.9 23.7 24.1 24.3 24.4 24.4 -
2014-6-21 2:00:0023.9 23.5 24.1 23.9 1,002.2 0 98 98 56 2.9 59 1.8 63 1.6 62 1.9 56 2.9 1540 1087 23.9 24 23.9 24.2 24.4 24.5 24.4 -
2014-6-21 1:00:0024.1 23.7 24.2 24.1 1,002.2 0 98 98 64 2.2 63 1.7 54 1.3 58 1.8 63 2.9 2263 2245 24 24.1 24 24.4 24.5 24.6 24.5 -
2014-6-21 00:00:0024.2 23.8 24.3 24.2 1,002.5 0 98 97 57 2.4 53 1.5 46 1.7 51 1.9 48 3.2 2150 2176 24.1 24.1 24.1 24.4 24.6 24.7 24.6 -
2014-6-20 23:00:0024.3 23.8 24.4 24.2 1,002.8 0.1 97 97 59 2 56 1.4 58 1.4 56 1.5 56 2.7 2398 2413 24.1 24.2 24.1 24.5 24.8 24.9 24.6 -
2014-6-20 22:00:0024.2 23.7 24.4 24.2 1,002.6 0 97 97 57 1.9 57 1.5 61 1.4 65 1.4 52 2.2 3115 3117 24.1 24.4 24.1 24.7 25 25.1 24.7 -
2014-6-20 21:00:0024.4 23.9 24.6 24.4 1,002.6 0 97 96 45 1 46 0.8 51 0.8 76 1.2 88 1.4 3361 3483 24.4 24.7 24.4 25 25.3 25.2 24.8 -
2014-6-20 20:00:0024.6 23.8 25.1 24.6 1002 0 96 94 81 1.5 80 1.3 69 1.1 134 1.2 110 1.8 4246 3880 24.7 25.5 24.7 25.5 25.7 25.4 24.8 -
2014-6-20 19:00:0025.1 24 25.3 25.1 1,001.7 0 94 92 99 1.1 99 0.9 113 0.8 172 2 171 3.1 6848 7763 25.5 26.5 25.5 26.3 26.1 25.5 24.7 -
2014-6-20 18:00:0025.3 24 25.8 25.2 1,001.4 0 93 90 166 2.3 169 1.6 174 2 165 3.5 172 5.4 10005 8848 26.5 28.6 26.5 27.1 26.5 25.5 24.6 -
2014-6-20 17:00:0025.8 23.9 27.1 25.8 1,001.1 0 90 85 167 5.1 166 3.8 160 3.2 160 3.2 167 5.1 9140 7470 28.6 33.9 28.6 28.2 26.6 25.2 24.4 -
2014-6-20 16:00:0026.8 23.8 26.8 25.7 1,000.8 0 84 84 148 1.2 159 1.1 159 1 134 2 136 3 8794 7294 33.5 33.9 28.2 28.6 26 24.8 24.2 -
2014-6-20 15:00:0025.8 23.9 26 25.5 1,001.1 0 90 89 144 2 144 1.8 151 1.9 154 2.2 189 3.5 7946 8294 28.8 30.2 28.4 27.5 25.4 24.5 24 -
2014-6-20 14:00:0025.5 23.8 25.5 24.7 1,001.6 0 91 91 211 1.8 204 1.7 196 1.6 186 2.3 184 3.6 8520 9564 29.1 29.6 26.2 26.4 24.9 24.3 23.9 -
2014-6-20 13:00:0024.7 23.6 24.7 24.4 1,001.9 0 94 94 187 2.2 188 1.6 195 1.4 161 2 156 3.1 9214 8694 26.4 27.1 26.4 25.7 24.6 24.1 23.8 -
2014-6-20 12:00:0024.4 23.5 24.4 24 1,001.9 0 95 95 165 2 159 1.9 161 1.3 158 2.6 160 3.8 9599 10137 26.7 26.7 26.1 25.3 24.3 23.9 23.8 -
2014-6-20 11:00:0024 23.2 24 23.6 1,002.4 0.3 96 96 153 3.9 156 3 158 2.6 156 3.4 153 5.7 10942 11661 26.1 26.2 24.8 24.7 24 23.8 23.7 -
2014-6-20 10:00:0023.6 23.2 23.6 23.2 1,002.3 1.3 98 98 156 3.5 150 3 148 2.8 147 2.9 141 4.7 7223 6900 24.7 24.9 24.3 24.2 23.7 23.7 23.8 -
2014-6-20 9:00:0023.2 22.8 23.2 22.7 1,002.5 2.7 98 98 124 3.9 125 3 121 2.5 119 3.4 124 5.5 12393 11473 24.3 24.5 23.1 23.7 23.4 23.7 23.8 -
2014-6-20 8:00:0022.7 22.3 22.8 22.7 1,002.5 13.3 98 98 120 4.3 123 3.2 115 3.3 125 3.8 120 6.4 7425 4889 23.1 23.1 22.8 23.1 23.4 23.8 23.9 -
2014-6-20 7:00:0022.8 22.4 22.8 22.7 1,002.8 6 98 97 129 4 128 2.9 126 3 121 5 123 8.2 4989 4610 22.9 22.9 22.6 23.1 23.5 23.9 24 -
2014-6-20 6:00:0022.7 22.1 23.1 22.7 1,002.4 3.1 97 94 118 5.9 120 3.6 123 3.9 125 4.4 121 8.4 4168 4377 22.6 22.6 22.5 23.2 23.6 24 24.1 -
2014-6-20 5:00:0023.1 22 23.3 23.1 1,002.4 0.1 94 91 126 5.2 125 4.4 128 4.1 129 4.8 132 8.5 5541 7517 22.5 23 22.5 23.3 23.7 24.1 24.2 -
2014-6-20 4:00:0023.2 21.7 23.2 23.2 1,002.3 0 92 91 127 4.2 128 3.2 128 3.9 124 5.6 123 9.7 11070 10791 23 23 22.9 23.4 23.8 24.2 24.3 -
2014-6-20 3:00:0023.2 21.6 23.2 23.2 1,002.3 0 91 91 123 6.1 122 5.2 120 4.7 125 5.4 120 9.6 10874 11012 22.9 22.9 22.8 23.4 24 24.4 24.4 -
2014-6-20 2:00:0023.2 21.6 23.2 23.1 1,002.7 0 91 91 120 7.5 119 5.5 123 4.5 126 5.5 131 9 10516 10073 22.8 22.8 22.6 23.5 24.1 24.5 24.5 -
2014-6-20 1:00:0023.2 21.6 23.2 23.1 1,003.1 0 91 91 127 6.4 127 5.4 122 5.2 122 5.2 118 8.1 11352 11543 22.7 23.2 22.7 23.7 24.4 24.7 24.7 -
2014-6-20 00:00:0023.2 21.8 23.3 23.2 1,003.3 0 92 91 120 6.5 120 4.4 121 4.7 121 4.7 117 7.8 11701 11985 23.2 23.4 23 24 24.6 24.9 24.8 -
2014-6-19 23:00:0023.3 21.7 23.3 23.2 1,004.3 0 91 89 118 6 120 4.8 118 4.1 121 4.7 122 7.9 14244 13901 23.4 23.4 23.3 24.2 24.9 25.2 25 -
2014-6-19 22:00:0023.2 21.3 23.2 23 1,004.5 0 89 89 115 4.7 117 3.1 120 3.9 115 5.3 115 8.7 15221 14050 23.3 23.3 22.4 24.3 25.2 25.5 25.2 -
2014-6-19 21:00:0023 21.1 23.2 23 1,003.9 0 89 88 117 4.9 120 3.6 118 4.3 119 4.7 120 7.4 14463 13962 22.6 23.9 22.6 24.8 25.8 25.9 25.3 -
2014-6-19 20:00:0023.2 21.3 23.6 23.2 1,003.9 0 89 86 130 4.6 129 4 117 3.9 119 5.5 120 8.6 15770 16020 23.8 25 23.5 25.7 26.5 26.3 25.4 -
2014-6-19 19:00:0023.6 21.1 23.9 23.6 1,003.6 0 86 84 116 5.9 117 3.5 118 3.9 117 6.1 121 9.2 17138 18540 25 27.3 25 26.9 27.3 26.6 25.4 -
2014-6-19 18:00:0023.9 21.4 24.6 23.9 1,003.4 0 86 82 123 5.2 120 3.3 116 4.2 123 4.9 118 7.1 17543 18037 27.4 32.7 27.4 28.7 28.1 26.8 25.3 -
2014-6-19 17:00:0024.5 21.4 25.2 24.5 1,003.2 0 83 78 107 5.4 107 4 124 4.9 125 5.9 118 8.9 22815 20419 32.7 38 32.7 30.6 28.6 26.7 25 -
2014-6-19 16:00:0025.3 21.2 25.9 25.3 1,002.8 0 78 74 103 7.3 108 5.4 121 5 117 6 124 9 18442 19835 38.1 43.4 38.1 32.1 28.7 26.3 24.6 -
2014-6-19 15:00:0025.8 20.8 26 25.4 1,003.7 0 74 74 128 8.3 130 5.9 123 5.1 127 5.6 122 8.5 26278 20433 43.4 44.6 38.7 32.1 28.2 25.7 24.1 -
2014-6-19 14:00:0025.6 21.1 25.9 25.3 1,004.3 0 76 74 123 6 124 4.7 124 5.2 121 5.5 119 8.3 15732 18491 40.7 45.3 40.7 31.8 27.3 24.9 23.7 -
2014-6-19 13:00:0025.4 20.6 25.4 24.7 1,004.5 0 75 75 127 7.1 136 5.4 121 5.1 117 5.2 111 7.7 15295 20084 43.9 45.2 36.5 30 26.1 24.2 23.4 -
2014-6-19 12:00:0024.8 20.9 24.8 23.8 1,004.6 0 79 79 128 7.4 124 4.6 126 4.9 149 5.4 150 8.3 14504 14826 39.3 39.5 30.8 27.6 24.9 23.7 23.2 -
2014-6-19 11:00:0023.9 20.6 24.2 23.7 1,004.9 0 82 80 150 6.3 147 5.2 139 4.9 139 4.9 126 8.1 15587 14310 31.3 32.8 30.7 26.7 24.3 23.3 23 -
2014-6-19 10:00:0023.7 20.2 23.7 23.3 1005 0 81 81 141 6.8 143 4.6 133 4.7 124 5.2 120 8.3 17279 15727 30.5 30.5 29 25.5 23.7 22.9 22.8 -
2014-6-19 9:00:0023.2 20.2 23.5 22.9 1005 0 83 82 121 5.9 126 5 127 4.9 127 5.2 129 7.8 12378 12758 29.3 31.3 26.5 25 22.9 22.6 22.7 -
2014-6-19 8:00:0022.8 20.3 22.8 22.3 1,005.1 0 86 85 115 4.8 114 2.8 114 3.8 119 4.2 109 7 11350 10590 26.2 26.2 24 22.9 22.2 22.4 22.7 -
2014-6-19 7:00:0022.3 20.2 22.4 21.3 1,005.1 0 88 87 109 5.6 112 4.1 109 3.6 109 3.6 110 6.8 7141 6980 24.1 24.4 20.8 22 21.8 22.3 22.7 -
2014-6-19 6:00:0021.3 20.1 21.3 21.2 1,005.1 0 93 93 83 3.3 86 2.7 85 2.5 99 2.8 96 4.5 4777 4678 20.8 20.8 20.1 21 21.6 22.3 22.8 -
2014-6-19 5:00:0021.2 19.8 21.2 21.1 1,004.9 0 92 92 102 3.2 103 2.4 98 2.4 120 3.1 124 5 5473 5712 20.1 20.1 19.7 20.8 21.6 22.4 22.9 -
2014-6-19 4:00:0021.1 19.7 21.1 20.7 1,004.1 0 92 92 131 2.8 123 2.6 116 2.5 110 2.7 126 5 6107 5048 19.7 19.7 19.5 20.7 21.7 22.6 23 -
2014-6-19 3:00:0020.8 19.6 21.2 20.8 1,004.6 0 93 89 100 1.8 100 1.5 98 1.5 123 2.5 103 4 5528 5469 19.5 19.6 19.5 20.8 21.9 22.7 23.2 -
2014-6-19 2:00:0021.2 19.3 21.4 21.2 1,004.6 0 89 88 119 2.9 122 2.7 123 2.5 116 3.2 113 5.1 12696 12940 19.6 19.9 19.6 20.9 22 22.9 23.3 -
2014-6-19 1:00:0021.2 19.3 21.5 21.1 1,005.1 0 89 86 116 3.8 116 2.8 115 2.9 115 2.9 115 4.5 14258 14909 19.8 19.8 19.3 21 22.2 23.1 23.4 -
2014-6-19 00:00:0021.5 19.1 21.9 21.5 1006 0 86 83 123 2.7 123 2.1 123 2.4 148 3.7 145 5.9 15259 17969 19.5 20.7 19.5 21.3 22.5 23.3 23.6 -
2014-6-18 23:00:0021.7 19.3 21.7 21.6 1,006.1 0 86 85 129 3.6 128 2.8 129 2.7 116 3.3 125 5.5 17002 16235 20.3 20.6 20.1 21.5 22.7 23.5 23.8 -
2014-6-18 22:00:0021.5 18.9 21.6 21.3 1,006.5 0 85 83 121 3.8 126 2.9 119 2.9 118 3.4 122 5.8 19730 20546 20.1 20.2 20 21.7 23 23.7 23.9 -
2014-6-18 21:00:0021.2 19 21.2 20.7 1,005.9 0 87 87 118 4.9 116 3 120 2.8 123 2.9 118 4.9 20468 20537 20 20.2 19.8 21.9 23.4 24.1 24.1 -
2014-6-18 20:00:0021.1 18.9 21.7 21.1 1,005.2 0 87 82 110 2.5 108 1.9 102 2.4 105 3 113 4.7 13415 14332 20.2 21.5 20.2 22.6 24 24.4 24.2 -
2014-6-18 19:00:0021.8 18.8 22.7 21.8 1005 0 83 77 108 2.7 111 2.1 109 2.4 97 3.5 90 5.3 18545 19278 21.5 24.6 21.5 23.7 24.6 24.7 24.3 -
2014-6-18 18:00:0022.7 18.5 22.7 22.5 1,004.5 0 77 77 97 3.6 101 3 97 3.6 116 4.1 123 6.3 16067 17187 24.7 25.2 24.3 24.9 25.2 24.9 24.3 -
2014-6-18 17:00:0022.7 19.5 23.9 22.7 1,004.9 0 82 76 123 3.6 121 2.9 115 3.1 117 3.9 113 6.1 13245 11912 25.2 30.5 25.2 26.2 25.7 24.9 24.2 -
2014-6-18 16:00:0023.9 19.6 23.9 23.4 1,004.8 0 77 77 109 4.5 106 3.2 98 3.2 100 3.4 129 5.8 13459 13283 30.7 30.7 29 27.1 25.7 24.7 24 -
2014-6-18 15:00:0023.5 19.4 24.6 23.5 1,005.1 0 78 71 141 3.5 134 2.4 132 2.9 133 3.2 125 4.8 17261 16526 29.4 36 28.7 27.5 25.7 24.5 23.8 -
2014-6-18 14:00:0024.4 19 24.5 22.9 1,005.3 0 72 71 53 4.1 55 2.5 76 2.4 91 3 100 4.5 14614 14260 35.6 36.3 26.9 27.3 24.8 24.1 23.7 -
2014-6-18 13:00:0022.9 19.5 23.9 22.9 1,005.9 0 81 74 106 3.1 108 2.1 120 2.6 111 3.2 116 5.1 22889 22459 27 31 26.9 26 24.7 23.9 23.5 -
2014-6-18 12:00:0023.4 18.9 23.5 23.2 1,006.2 0 76 76 115 2.9 108 2.3 97 2 77 2.4 95 3.8 19020 19759 29.2 29.2 27.3 25.6 24.3 23.7 23.4 -
2014-6-18 11:00:0023.3 19.2 23.4 23.1 1,006.4 0 78 75 82 2.3 88 1.8 75 2.1 86 2.4 79 3.7 20004 16721 28.1 28.9 26.9 25.4 24 23.4 23.2 -
2014-6-18 10:00:0023.4 18.9 23.4 22.4 1,006.3 0 76 76 54 3.1 56 2.5 83 2.2 59 2.5 33 4.1 23877 25656 29.1 29.6 25.4 25.1 23.5 23.1 23.1 -
2014-6-18 9:00:0022.4 18.8 22.4 21.8 1,006.1 0 80 80 60 2.5 66 1.8 61 2.2 79 2.7 39 4.1 26710 31201 25.4 26.4 24.8 23.9 22.9 22.9 23.1 -
2014-6-18 8:00:0021.8 19.4 21.8 20.9 1,005.9 0 86 86 42 3.3 50 1.5 48 2.1 59 2.4 51 4.3 16420 15447 24.9 24.9 22.1 22.8 22.4 22.8 23.1 -
2014-6-18 7:00:0020.9 19.4 20.9 20.5 1,005.4 0 91 91 53 2.9 52 1.6 57 1.9 61 2 59 3.5 12461 13651 22 22.1 20.8 21.8 22.2 22.8 23.2 -
2014-6-18 6:00:0020.5 19.5 20.5 20.3 1005 0 94 94 62 1.9 63 1.8 63 1.7 63 1.7 68 2.7 8759 8571 20.8 20.8 20.4 21.4 22.2 22.9 23.3 -
2014-6-18 5:00:0020.3 19.5 20.6 20.3 1,004.9 0 95 94 63 1.9 62 1.7 52 1.4 49 1.8 47 2.9 6733 6588 20.4 20.4 20.3 21.4 22.3 23 23.4 -
2014-6-18 4:00:0020.6 19.6 21 20.6 1,004.7 0 94 91 53 2.1 49 1.4 48 1.8 49 2 52 3.6 6646 6232 20.4 20.6 20.4 21.6 22.5 23.1 23.5 -
2014-6-18 3:00:0021 19.5 21.1 21 1,004.7 0 91 90 31 1.5 31 1.4 33 1.5 35 1.6 33 2.6 5887 7110 20.6 20.9 20.6 21.7 22.6 23.2 23.6 -
2014-6-18 2:00:0021.1 19.4 21.1 21 1,004.5 0 90 90 20 1.5 24 1.4 22 1 45 1.8 45 3.1 12304 12303 20.8 20.8 20.7 21.8 22.7 23.4 23.7 -
2014-6-18 1:00:0021 19.5 21 20.9 1,004.2 0 91 90 43 2.8 46 1.7 44 1.4 39 1.8 52 3.4 11288 10664 20.8 20.9 20.7 21.9 22.9 23.5 23.8 -
2014-6-18 00:00:0020.9 19.6 20.9 20.6 1,003.9 0 92 92 51 2 41 1.8 39 1.7 55 1.7 41 3.1 8973 8295 20.9 21 20.9 22.1 23 23.7 23.9 -
2014-6-17 23:00:0020.6 19.9 20.8 20.6 1,003.9 0 96 96 36 2.1 36 1.3 57 1.6 55 2.5 51 4.8 5516 4765 20.9 21.2 20.8 22.3 23.3 23.9 24.1 -
2014-6-17 22:00:0020.8 20.3 21.2 20.8 1,003.8 0.1 97 96 71 3.5 70 2.1 66 1.8 58 2.7 55 4.4 3063 2576 21.2 21.6 21.2 22.6 23.5 24.1 24.2 -
2014-6-17 21:00:0021.2 20.7 21.9 21.2 1,003.3 0.1 97 95 63 2.7 65 2 65 2.4 71 2.8 78 4.7 2297 2462 21.5 22.1 21.5 23 23.8 24.2 24.3 -
2014-6-17 20:00:0021.9 21.1 22.8 21.9 1,002.6 0 95 90 88 3.4 87 2.5 66 2.1 66 2.1 52 3.7 2349 2537 22.1 22.7 22.1 23.5 24.1 24.4 24.3 -
2014-6-17 19:00:0022.9 21.4 24.5 22.9 1,002.1 0 91 83 62 2.8 61 2.2 61 1.8 41 2.4 30 3.6 4307 4260 22.7 23.8 22.7 24 24.5 24.6 24.4 -
2014-6-17 18:00:0024.5 21.4 24.7 24.5 1,001.4 0 83 82 327 3.3 317 2.6 304 2.2 287 3.4 293 5.7 4177 4194 23.8 24.6 23.8 24.7 24.8 24.6 24.3 -
2014-6-17 17:00:0024.7 22 24.7 24.3 1,001.2 0 85 85 288 4.3 289 2.7 289 2.4 290 2.4 299 4.4 4613 4901 24.6 28 24.6 25.5 24.9 24.6 24.3 -
2014-6-17 16:00:0024.3 22.4 24.3 23.3 1,001.2 0 89 88 297 2.2 291 1.2 291 2.1 292 3.1 288 4.7 4755 4954 26.3 28.2 25.5 25.6 24.7 24.4 24.2 -
2014-6-17 15:00:0023.3 21.9 23.3 22.8 1,001.2 0 92 92 288 2.3 284 1.9 285 1.8 290 3.4 291 5.5 4419 4342 26.5 26.5 24.4 25 24.5 24.4 24.2 -
2014-6-17 14:00:0022.8 22 23 22.8 1,001.2 0.1 95 92 284 2.8 295 1.7 291 1.7 296 2.6 295 4.7 4536 4013 24.5 26.3 24.5 24.9 24.4 24.3 24.2 -
2014-6-17 13:00:0022.8 21.8 22.9 22.7 1,001.1 1 94 93 338 1.7 352 1.2 346 1.5 352 1.8 338 3.2 3945 3559 24.5 24.9 24 24.5 24.3 24.3 24.2 -
2014-6-17 12:00:0022.9 21.9 23.6 22.9 1,001.1 0.1 94 90 10 1.6 25 0.9 37 1.2 32 2.8 35 4.9 3363 3601 24.1 24.6 23.5 24.3 24.4 24.4 24.2 -
2014-6-17 11:00:0023.7 22.1 24.5 23.7 1,001.1 0 91 86 31 3.1 40 2.2 33 2.5 344 3.8 346 6.4 5947 5886 24.7 26.6 24.7 25 24.5 24.3 24.2 -
2014-6-17 10:00:0024.4 22.1 24.5 24 1001 0 87 87 339 6.1 340 3.7 342 3.5 336 4.3 333 7.4 8221 8917 26.5 26.5 24.9 24.9 24.3 24.2 24.1 -
2014-6-17 9:00:0024 22.8 24.1 23.8 1,000.8 0 93 92 303 2.5 313 2.1 323 2.5 333 2.7 334 5.1 5805 5664 24.9 26.4 24.8 24.6 24.1 24.1 24.1 -
2014-6-17 8:00:0023.8 23.1 23.8 23.4 1,000.4 0 96 96 326 3.5 315 2.2 321 2.1 321 3.3 326 5.2 3476 3231 25.1 25.1 23.5 24 23.9 24.1 24.2 -
2014-6-17 7:00:0023.4 22.7 23.4 23.4 1,000.2 0 96 96 317 2.8 322 2.7 315 3 319 3.1 317 6 3805 4173 23.5 23.6 23.2 23.7 23.8 24.1 24.2 -
2014-6-17 6:00:0023.3 23 23.3 23.3 999.7 0.2 98 98 324 3.1 325 2.5 320 2 326 2.7 324 4.2 2892 2851 23.2 23.3 23.2 23.7 23.9 24.1 24.2 -
2014-6-17 5:00:0023.3 23.1 23.3 23.3 999.3 0.1 99 98 342 2.4 346 2 345 1.8 341 2.6 344 4.7 680 722 23.3 23.3 23.2 23.7 23.9 24.2 24.3 -
2014-6-17 4:00:0023.3 23 23.5 23.3 999.3 0 98 98 343 3.2 346 2.3 341 2.3 340 2.3 345 3.9 774 909 23.3 23.5 23.3 23.8 24 24.2 24.3 -
2014-6-17 3:00:0023.5 23.2 23.7 23.5 998.8 0 98 98 41 0.8 41 0.5 64 0.5 93 1.4 94 2 1078 1047 23.4 23.5 23.4 23.8 24 24.2 24.3 -
2014-6-17 2:00:0023.7 23.4 23.7 23.6 999.1 0.7 98 98 93 1.2 88 1.1 81 0.8 75 1.8 105 3 1537 1746 23.5 23.5 23.4 23.8 24 24.3 24.4 -
2014-6-17 1:00:0023.6 23.3 23.6 23.5 999.6 0.2 98 98 78 2.3 75 1.9 75 1.7 73 1.7 71 2.6 2302 1999 23.4 23.5 23.4 23.8 24 24.3 24.4 -
2014-6-17 00:00:0023.5 23.2 23.5 23.4 1,000.1 0 98 97 76 1.4 78 1.4 93 1.4 103 2.3 107 3.6 2153 2129 23.4 23.5 23.4 23.8 24 24.3 24.5 -
2014-6-16 23:00:0023.5 23 23.5 23.4 1,000.7 0 97 95 93 2.7 90 2.4 89 2 112 3.6 109 6.2 2593 2987 23.5 23.5 23.4 23.7 24 24.4 24.5 -
2014-6-16 22:00:0023.4 22.6 23.4 23.1 1,001.4 0 95 95 120 3 117 2 111 3.2 118 4.7 118 7 5332 5345 23.4 23.4 23.2 23.7 24.1 24.4 24.6 -
2014-6-16 21:00:0023 22.3 23 23 1,001.7 0 96 95 105 4.8 109 4.1 115 3.5 117 5.8 119 9.5 4384 4454 23.2 23.2 23.1 23.7 24.1 24.5 24.7 -
2014-6-16 20:00:0023 22.2 23 22.9 1,001.4 0 95 95 130 5.6 123 3.8 120 4.4 124 5.8 128 9.9 5695 5874 23.2 23.2 23.1 23.7 24.2 24.6 24.8 -
2014-6-16 19:00:0022.9 22.1 22.9 22.8 1,001.4 0 95 94 125 7 124 5.7 122 5.6 117 6.1 118 10 6789 6931 23.2 23.4 23.2 23.9 24.4 24.7 24.8 -
2014-6-16 18:00:0022.8 21.8 22.8 22.6 1,001.5 0 94 93 130 7.9 128 5.8 122 5.6 124 7 124 11.4 12024 12728 23.4 23.8 23.4 24.1 24.5 24.8 24.9 -
2014-6-16 17:00:0022.6 21.4 23 22.6 1,001.6 0 93 91 116 7.3 120 5.3 118 5.2 126 7.3 130 11.4 18551 17264 23.8 24.9 23.8 24.4 24.6 24.9 24.9 -
2014-6-16 16:00:0023 21.5 23 22.6 1,001.3 0 91 90 127 11.7 126 6.8 124 6.4 121 7.1 125 11.8 23362 23792 24.9 25.1 24.8 24.5 24.6 24.9 25 -
2014-6-16 15:00:0022.6 20.9 22.6 22.3 1,002.1 0 90 89 118 8.4 119 6.8 117 6.8 110 6.8 116 10.8 13602 12886 24.8 25.1 24.1 24.4 24.7 25 25.1 -
2014-6-16 14:00:0022.6 21.1 22.9 22.6 1,002.8 0 91 90 114 9.1 113 7.2 114 6.5 114 6.5 118 11.2 10981 8562 24.2 24.7 24.2 24.5 24.8 25 25.1 -
2014-6-16 13:00:0022.9 21.2 23.3 22.9 1,003.4 0 90 90 113 9.1 113 7.3 112 6.7 115 7.4 113 12.3 16837 18248 24.6 25.1 24.5 24.6 24.9 25.1 25.2 -
2014-6-16 12:00:0023.2 21.6 23.4 23.2 1004 0 91 89 112 7 113 5.4 116 5.9 115 6.9 115 11.3 20146 22772 24.9 26.1 24.7 24.8 24.9 25.1 25.2 -
2014-6-16 11:00:0023.3 21.4 23.3 22.9 1,004.5 0 89 89 103 8.7 111 6 107 5.1 108 6.4 107 11.2 24266 23609 25.9 25.9 23.7 24.6 24.8 25.1 25.3 -
2014-6-16 10:00:0022.9 21.5 23.1 22.9 1,004.6 0 92 91 99 6 98 4.8 102 4.8 104 5.6 98 9.2 14432 12744 23.6 24.6 23.6 24.6 24.8 25.2 25.4 -
2014-6-16 9:00:0022.9 21.7 23.1 22.7 1,004.8 0.3 93 92 100 8.3 98 4.8 93 4.5 98 4.8 100 8.3 12958 12533 24.2 24.5 22.9 24.3 24.8 25.3 25.5 -
2014-6-16 8:00:0023.1 21.7 23.4 23.1 1,005.2 0.1 92 89 93 3.5 99 3.1 93 3.9 89 4.7 88 7.2 7579 8745 22.9 24 22.7 24.3 24.9 25.4 25.6 -
2014-6-16 7:00:0023.4 21.7 23.4 23.3 1,004.8 0 90 90 86 5.3 88 3.8 91 3.6 97 4.3 96 6.5 11333 12737 24 24.1 23.8 24.4 25 25.5 25.7 -
2014-6-16 6:00:0023.3 21.7 23.3 23.1 1,004.6 0 91 91 100 5.3 101 4.2 103 3.5 99 3.7 102 6.1 10907 10881 23.9 23.9 23.4 24.4 25.1 25.6 25.8 -
2014-6-16 5:00:0023.1 21.7 23.2 23.1 1,004.6 0 92 91 102 4.2 100 3.1 100 3 113 3.8 111 5.8 8472 9246 23.4 23.4 23.2 24.4 25.2 25.8 26 -
2014-6-16 4:00:0023.2 21.6 23.2 23.1 1,004.3 0 91 91 112 4.3 119 3.6 112 3.5 114 3.9 104 6.5 11784 11294 23.4 23.5 23.3 24.5 25.4 26 26.2 -
2014-6-16 3:00:0023.1 21.9 23.2 23.1 1,004.5 0 93 92 113 5.5 107 3.3 115 4 118 4.3 115 6.6 8916 8999 23.4 23.5 23.4 24.7 25.6 26.2 26.3 -
2014-6-16 2:00:0023.2 21.8 23.2 23 1,004.8 0 92 92 110 5.3 109 4.8 106 3.8 106 3.8 108 6.5 11296 10985 23.5 23.6 23.3 24.8 25.8 26.4 26.5 -
2014-6-16 1:00:0023 21.6 23 22.7 1,005.2 0 92 92 105 4 106 3.1 98 2.9 101 3.7 100 5.4 9938 10237 23.3 23.4 22.6 24.9 26 26.7 26.8 -
2014-6-16 00:00:0022.7 21.5 22.9 22.7 1,005.7 0 93 92 101 4.5 100 3.1 99 3.5 97 3.8 101 5.9 7798 7780 22.6 23.1 22.5 25.1 26.3 27 27 -
2014-6-15 23:00:0022.9 21.5 23.1 22.9 1,006.3 0 92 88 99 5 102 3.6 99 3.2 103 3.7 99 5.8 7643 7523 23 23.4 22.7 25.4 26.8 27.4 27.3 -
2014-6-15 22:00:0023.2 21.1 23.2 23.2 1,006.7 0 88 86 100 5.3 102 4.1 101 3.1 87 3.3 87 5.4 9200 7837 23.4 23.7 23.4 26 27.3 27.8 27.5 -
2014-6-15 21:00:0023.2 20.9 23.3 23.1 1,006.9 0 87 84 94 3.7 94 3.1 86 2.9 88 3.6 88 5.6 11322 11248 23.7 23.7 23.4 26.5 27.9 28.3 27.8 -
2014-6-15 20:00:0023.4 20.5 24.6 23.4 1,006.4 0 84 71 81 5 82 3.4 90 3.4 107 3.8 101 5.6 11803 11962 23.6 25 23.6 27.4 28.8 28.8 28 -
2014-6-15 19:00:0024.6 19 25.3 24.6 1,005.9 0 71 67 99 3.4 99 3.2 98 2.8 95 3.8 102 5.4 16973 14444 25 28.3 25 28.9 29.8 29.3 28.2 -
2014-6-15 18:00:0025.3 19.2 25.6 25.3 1,005.5 0 69 67 95 5 93 4 92 3.5 95 3.6 92 6.2 13616 16011 28.3 31.7 28.3 30.7 30.7 29.7 28.2 -
2014-6-15 17:00:0025.5 20.3 26.5 25.5 1,005.4 0 73 66 104 4.6 104 3 109 3 117 4.7 122 7.4 16626 16353 31.5 37.3 31.5 32.5 31.7 29.9 28 -
2014-6-15 16:00:0026.5 20.4 27.9 26.5 1,005.4 0 69 50 97 4.9 99 4 105 4.1 129 4.7 114 7 21195 20017 37.5 47.7 37.5 35.1 32.3 29.8 27.7 -
2014-6-15 15:00:0027.9 16.8 29.1 27.9 1,005.5 0 51 39 119 5.1 122 4.1 133 4.3 134 4.6 132 6.8 23723 25903 41.7 53.1 41.7 36.4 32.2 29.4 27.3 -
2014-6-15 14:00:0028.1 15.7 29.2 28.1 1,005.9 0 47 41 121 4.6 123 3.8 125 4 125 4 136 6.1 35000 33268 43.5 58.5 43.5 36.5 32 28.8 26.8 -
2014-6-15 13:00:0028.3 16.9 28.4 27.4 1,006.5 0 50 47 105 3.5 113 3.2 125 3.6 138 4.2 125 6.4 34792 26704 49.2 55 49.1 36.7 31 27.9 26.2 -
2014-6-15 12:00:0027.4 19.5 27.8 27.2 1,007.4 0 62 55 124 5.5 138 4 132 3.8 131 4.6 127 7.3 17735 20651 52.7 52.7 46.5 34.8 29.4 26.9 25.8 -
2014-6-15 11:00:0027.8 20.1 28 26.6 1,007.8 0 63 58 134 5.1 136 3.9 141 4.3 141 4.5 145 6.5 13294 13377 50.8 51.5 37.1 32.3 27.6 26.1 25.6 -
2014-6-15 10:00:0026.6 20 26.6 25.9 1,007.9 0 67 66 97 4 103 3 104 2.7 146 4.2 148 6.3 15229 15733 37.7 41.4 34.8 29.2 26.4 25.6 25.5 -
2014-6-15 9:00:0026 20.1 26 24.2 1,008.4 0 70 70 137 3.2 116 2.2 117 2.3 114 2.8 107 3.9 11368 10062 34.8 34.9 27.5 26.7 25.3 25.4 25.5 -
2014-6-15 8:00:0024.2 20.3 24.2 23.5 1,008.1 0 79 79 138 3 143 2.1 123 2 89 2.3 92 3.4 7304 7393 27.4 27.4 24.9 24.9 25 25.4 25.6 -
2014-6-15 7:00:0023.5 20.6 23.5 23 1,007.8 0 84 83 108 2.3 107 1.7 102 1.7 86 2.2 79 3.4 6202 6313 24.9 24.9 23.6 24.4 24.9 25.5 25.8 -
2014-6-15 6:00:0023 20.5 23 22.8 1,007.3 0 86 86 79 2.1 79 1.9 88 2.1 115 2.1 113 3.3 6030 6087 23.6 23.6 22.4 24.1 25 25.7 25.9 -
2014-6-15 5:00:0022.9 20.8 22.9 22.8 1,006.8 0 88 87 117 2.2 117 2.1 120 2.1 104 2.1 117 3.5 6036 5974 22.4 22.5 22.3 24.1 25.2 25.9 26.1 -
2014-6-15 4:00:0022.8 20.7 23 22.8 1,007.2 0 88 86 74 2 75 1.6 81 1.9 83 1.9 65 2.7 6579 6651 22.6 22.8 22.6 24.4 25.5 26.2 26.4 -
2014-6-15 3:00:0023 20.5 23.6 23 1,006.7 0 86 82 78 2.3 79 1.9 81 1.5 108 1.6 140 2.4 6488 6452 22.8 23 22.8 24.7 25.8 26.5 26.6 -
2014-6-15 2:00:0023.6 20.3 23.7 23.6 1,006.7 0 82 82 135 1.8 133 1.1 137 1.2 150 2 153 3.5 9213 9588 23.1 23.2 23.1 24.9 26.1 26.8 26.8 -
2014-6-15 1:00:0023.7 20.4 23.7 23.6 1007 0 82 81 143 1.9 155 1.7 151 1.9 155 2.8 156 4 10843 10911 23.2 23.3 23.1 25.2 26.4 27.1 27.1 -
2014-6-15 00:00:0023.6 20.3 23.8 23.6 1,007.4 0 82 77 147 3.8 153 2.7 154 2.4 149 3.2 146 5.6 10611 10287 23.1 23.1 22.4 25.4 26.9 27.5 27.4 -
2014-6-14 23:00:0023.7 20.2 24 23.7 1,007.9 0 81 81 143 2.9 149 2.2 155 1.9 147 2.9 156 4.8 9762 9251 22.8 23.6 22.8 26.1 27.5 28 27.6 -
2014-6-14 22:00:0024 21.3 24.2 24 1,008.3 0 85 82 142 4.4 144 2.8 148 2.9 148 2.9 140 4.5 7186 7219 23.7 24.6 23.7 26.8 28.1 28.5 27.9 -
2014-6-14 21:00:0024.2 20.9 24.8 24.2 1,008.1 0 82 72 119 2.7 123 2 128 2.2 122 3 119 4.8 7342 7538 24.4 25 24.3 27.5 28.9 29 28.2 -
2014-6-14 20:00:0024.6 19.2 25.1 24.5 1,007.6 0 72 72 124 3.1 123 2.6 115 2.4 118 2.9 124 3.5 11297 10420 25 26.4 25 28.7 29.8 29.6 28.4 -
2014-6-14 19:00:0025.1 20.1 26.9 25.1 1,007.5 0 74 59 115 3 114 2.6 117 2.9 120 3.6 120 6.4 9842 9941 26.4 30.5 26.4 30.3 31 30.1 28.5 -
2014-6-14 18:00:0026.9 18.2 28.7 26.9 1,007.2 0 59 50 120 2.9 126 2.8 117 2.6 135 3 133 5.1 13488 13483 30.6 36.8 30.6 32.6 32.1 30.4 28.4 -
2014-6-14 17:00:0028.7 17.6 29 28.7 1,006.9 0 51 46 118 2.5 124 2 147 2.3 148 3.7 142 5.1 14496 10901 37 42.5 37 34.8 32.9 30.6 28.2 -
2014-6-14 16:00:0028.9 15.8 30.1 28.9 1,006.7 0 45 42 162 4 158 3.3 148 3.6 149 4.2 144 5.8 13280 14911 42.5 48.8 42.5 36.7 33.4 30.4 27.8 -
2014-6-14 15:00:0030 17.1 30.5 29.9 1,006.8 0 46 44 161 3.6 169 2.6 179 3.2 186 3.9 166 5.8 13294 12543 48.5 53.8 48.4 38.2 33.4 29.9 27.3 -
2014-6-14 14:00:0030.5 18.3 31.1 30.5 1,006.9 0 48 42 149 5.6 158 3.8 168 3.5 185 3.8 170 6.3 13701 12879 53.6 55.3 53 38.6 32.8 29.1 26.7 -
2014-6-14 13:00:0030.6 17 30.7 29.6 1,007.4 0 44 41 165 3.9 178 2.6 173 3.2 174 3.6 159 6 16113 14467 54.5 54.9 51.8 37.8 31.7 28.2 26.1 -
2014-6-14 12:00:0029.7 19.7 30.6 29.6 1,007.7 0 55 52 181 4.9 179 3.5 174 3.6 189 4 169 5.6 9746 10244 52.4 54.8 47.8 36.2 30.5 27.2 25.6 -
2014-6-14 11:00:0030.2 19.9 30.5 29.8 1,007.9 0 54 46 184 4.1 183 2.7 168 2.7 168 2.7 165 5 8481 9076 49.4 53.1 47.5 35 28.8 26.2 25.1 -
2014-6-14 10:00:0029.8 17.6 29.8 28.2 1,007.9 0 48 46 257 2.6 256 1.8 242 2.1 207 2.7 216 4.6 11064 11731 47.5 47.5 40.5 31.9 27 25.4 24.9 -
2014-6-14 9:00:0028.2 18.3 28.2 26.2 1,008.2 0 55 55 240 2 249 1.4 258 1.8 258 1.9 243 2.9 8873 8931 40.3 40.3 31.6 28.3 25.4 24.9 24.8 -
2014-6-14 8:00:0026.1 19.3 26.1 23.9 1,008.1 0 66 66 213 1 213 0.8 194 1 175 1.1 191 1.8 6642 6485 31.3 31.3 26.3 25.6 24.5 24.7 24.8 -
2014-6-14 7:00:0023.8 20.3 23.8 22.6 1,008.1 0 81 80 - 0.1 - 0.1 137 0.3 143 0.6 144 1 5193 5322 26.1 26.1 23.2 24 24.1 24.7 25 -
2014-6-14 6:00:0022.6 20.9 22.6 22.3 1,007.8 0 90 87 - 0 - 0 - 0 - 0.2 351 0.4 5277 5288 23.2 23.2 21.5 23.3 24.1 24.8 25.2 -
2014-6-14 5:00:0022.5 20.2 23.3 22.5 1,007.3 0 87 80 159 0.4 164 0.3 - 0.2 184 1.4 188 2.2 5481 5169 21.5 21.5 21 23 24.3 25.1 25.4 -
2014-6-14 4:00:0023.2 19.8 23.5 23.1 1,006.9 0 81 80 190 1.6 184 1.1 182 1.3 179 1.5 175 2.3 6567 6533 21.4 21.9 20.7 23.2 24.5 25.3 25.6 -
2014-6-14 3:00:0023.5 19.9 23.5 23.2 1,006.9 0 80 79 190 1.2 191 1 187 1.4 169 1.7 180 2.7 5945 5993 21.9 21.9 21.3 23.5 24.8 25.6 25.8 -
2014-6-14 2:00:0023.2 19.4 23.5 23.2 1007 0 79 74 174 3.1 174 1.6 181 1.6 168 1.7 174 3.1 6735 6528 21.3 21.3 20.9 23.6 25.2 26 26.1 -
2014-6-14 1:00:0023.4 18.7 24 23.4 1,007.2 0 75 69 169 2.3 167 1.6 168 1.7 168 1.9 188 3.8 8580 8846 21.3 22 21.3 24.2 25.7 26.4 26.3 -
2014-6-14 00:00:0024 18.2 24.4 23.9 1,007.8 0 70 70 169 2.6 171 1.9 170 1.8 168 3 166 4.6 9798 10032 22 22.9 22 24.8 26.2 26.8 26.6 -
2014-6-13 23:00:0024.4 18.8 24.5 24.4 1,008.1 0 71 71 167 3.9 167 2.8 167 2.4 171 3.2 172 5.9 9240 9177 22.9 23.7 22.9 25.5 26.8 27.2 26.8 -
2014-6-13 22:00:0024.5 20 24.9 24.5 1,008.3 0 76 72 156 3.3 155 2.7 154 3 150 3 148 5 4927 5511 23.7 24.4 23.7 26.2 27.4 27.6 27.1 -
2014-6-13 21:00:0024.9 19.5 25.5 24.9 1008 0 72 63 144 2.8 144 1.8 154 2.4 152 3.1 152 4.7 3005 4040 24.4 25.4 24.4 27 28.1 28.1 27.3 -
2014-6-13 20:00:0025.4 18.1 25.8 25.4 1,007.2 0 64 59 138 2.4 139 1.7 149 2.1 168 2.7 166 4 9774 9726 25.4 26.1 25.4 28 28.9 28.6 27.5 -
2014-6-13 19:00:0025.8 17.5 26.6 25.8 1,006.7 0 60 55 156 2.3 152 2 155 1.7 186 2.9 184 3.8 12201 11059 26.2 29.2 26.2 29.5 30 29.1 27.5 -
2014-6-13 18:00:0026.7 17.2 27.5 26.7 1,006.1 0 56 50 173 3.7 178 3 188 2.8 178 3.7 177 6 12781 12103 29.1 35.6 29.1 31.6 31.1 29.5 27.5 -
2014-6-13 17:00:0027.5 16.8 28.3 27.5 1,005.8 0 52 50 171 4.1 168 3.1 171 2.6 177 3.8 184 5.9 11733 11930 35.6 41.6 35.5 33.8 31.9 29.5 27.2 -
2014-6-13 16:00:0028.1 17.3 28.9 28.1 1,005.8 0 52 49 191 5 190 4 176 3.8 186 4.8 185 6.7 10628 10793 41.1 46.6 40.6 35.5 32.4 29.4 26.8 -
2014-6-13 15:00:0028.9 17.4 29.1 28.7 1,005.7 0 50 46 184 5.7 188 3.3 196 3.9 185 4.8 205 6.8 11777 11233 46.3 51.4 46.2 37.1 32.5 28.8 26.2 -
2014-6-13 14:00:0029 17.2 29.3 28.9 1,006.2 0 49 49 188 4.3 193 3.6 195 3.9 187 4.5 190 6.6 9823 9872 50.4 54.1 50.4 37.7 31.9 28 25.6 -
2014-6-13 13:00:0029.2 18.9 29.2 28.7 1,006.6 0 54 53 184 5.2 180 3.6 173 3.9 163 4.2 167 6.1 7798 7492 54 55.8 53.6 37.5 30.8 26.9 24.9 -
2014-6-13 12:00:0029.1 20 29.6 28.5 1,007.2 0 58 45 172 4.6 177 2.6 183 3.2 183 3.2 172 5.6 7968 7554 54.1 54.3 50.4 35.9 29.1 25.8 24.3 -
2014-6-13 11:00:0028.5 17.7 28.5 26.8 1,007.4 0 52 51 235 2.7 246 2.4 252 1.8 236 2.6 237 4.1 9268 9148 50.7 50.7 44.6 33.2 27.1 24.7 23.8 -
2014-6-13 10:00:0026.8 18.7 26.8 24.9 1,007.6 0 61 57 262 2.7 264 2.1 247 2.3 257 2.4 234 4.1 7865 7886 44.4 44.4 30.7 29.8 25.2 23.9 23.6 -
2014-6-13 9:00:0024.9 18.4 25.1 24.2 1,007.5 0 67 67 260 3 257 2.5 258 2.1 254 2.5 236 3.6 6777 6819 31.9 35.3 31.8 26.7 24 23.4 23.5 -
2014-6-13 8:00:0024.2 19.7 24.2 22.7 1,007.4 0 76 75 272 2.6 275 2.2 268 2 268 2 255 3.1 6822 6515 32.2 32.2 26.6 24.2 22.9 23 23.5 -
2014-6-13 7:00:0022.6 19.8 22.6 19.4 1007 0 84 84 260 2.5 260 1.6 252 1.3 252 1.3 255 2.6 5904 5382 28.8 28.8 20 22.5 22 22.9 23.6 -
2014-6-13 6:00:0019.4 19.1 19.4 18.4 1,006.7 0 98 97 241 0.6 239 0.5 229 0.5 227 0.5 217 0.6 3694 3920 20.3 20.3 17 20.3 21.8 23.1 23.8 -
2014-6-13 5:00:0018.5 18 18.6 18.4 1,006.4 0 97 96 134 0.3 131 0.3 138 0.4 23 1 26 1.1 3167 2918 16.9 16.9 16.8 20 22.1 23.4 24.1 -
2014-6-13 4:00:0018.4 17.8 19 18.4 1,006.3 0 96 95 5 1 6 0.8 347 0.7 324 0.8 334 1.1 3476 3398 16.8 17.2 16.8 20.3 22.4 23.7 24.3 -
2014-6-13 3:00:0018.9 18.1 19.7 18.9 1,006.5 0 95 89 258 0.6 260 0.5 265 0.7 174 0.9 249 1 3276 3495 17.2 17.7 17.2 20.7 22.9 24.1 24.6 -
2014-6-13 2:00:0019.7 17.8 20.4 19.5 1,006.2 0 89 87 180 0.7 176 0.5 175 1 184 1.2 176 2.5 6546 6798 17.8 18.3 17.8 21.3 23.3 24.4 24.9 -
2014-6-13 1:00:0020.4 18.3 20.7 20.4 1,006.8 0 88 86 192 1.5 196 1.3 186 1.1 172 1.6 172 2.4 7603 7352 18.3 18.9 18.2 21.8 23.8 24.8 25.1 -
2014-6-13 00:00:0020.6 18.4 20.6 20.1 1007 0 87 86 171 1.9 168 1.5 171 1.6 168 1.6 164 2.1 6307 5998 18.9 19.3 18.9 22.3 24.3 25.2 25.4 -
2014-6-12 23:00:0020.3 17.9 21 20.3 1,007.4 0 86 82 116 0.6 112 0.5 99 0.5 111 1.6 125 2.2 5133 5188 19.3 20 19.3 22.9 24.8 25.7 25.7 -
2014-6-12 22:00:0021.1 17.9 21.5 21.1 1,007.3 0 82 79 105 2 107 1.6 112 1.6 116 2.3 118 3.6 5070 5160 20.1 20.7 20.1 23.7 25.5 26.1 25.9 -
2014-6-12 21:00:0021.6 18 22.2 21.6 1,006.9 0 80 77 111 1.9 112 1.6 114 2 99 2.4 111 3.7 7934 7848 20.7 21.7 20.7 24.5 26.2 26.6 26.1 -
2014-6-12 20:00:0022.2 18.2 22.9 22.2 1,006.1 0 78 75 92 3.3 96 2.3 95 2.3 86 3.1 79 4.7 7345 7557 21.7 23.5 21.7 25.7 27.1 27.1 26.3 -
2014-6-12 19:00:0022.9 19.1 23.6 22.9 1,005.7 0 79 77 92 2.9 94 2.2 102 2.2 116 3.6 115 5.1 7964 8371 23.5 27.3 23.5 27.4 28.1 27.5 26.3 -
2014-6-12 18:00:0023.7 19.4 24.7 23.7 1,005.2 0 77 74 118 5.5 115 3.6 121 3.2 115 3.7 117 5.7 11609 10958 27.4 33.4 27.4 29.4 29 27.7 26.2 -
2014-6-12 17:00:0024.7 20.2 24.8 24.6 1005 0 76 73 136 3.2 120 2.4 122 3 119 4.1 120 6.7 11727 10676 33.5 39 33.5 31.2 29.5 27.7 26 -
2014-6-12 16:00:0024.7 19.5 25.3 24.7 1,004.9 0 73 72 129 5.1 129 4.1 127 3.7 145 4.7 134 7.5 7588 8715 39.2 43.7 39.2 32.5 29.6 27.4 25.8 -
2014-6-12 15:00:0025.2 20 25.3 24.7 1,004.9 0 73 73 152 5.7 153 4 155 3.9 154 4.4 142 6.2 6253 6229 43.6 44 36.5 32.6 29.3 27.1 25.4 -
2014-6-12 14:00:0025 20.5 26.4 25 1,005.1 0 76 68 147 5.7 146 4.8 154 4.3 159 4.7 157 6.7 5374 5929 38.3 43.8 36.7 32.5 29.2 26.7 25 -
2014-6-12 13:00:0026.5 20.4 28.2 26.5 1,005.2 0 69 48 189 3 175 2.4 152 1.6 17 3.3 9 6.9 5732 5930 44.5 49.6 41.5 33.2 28.6 26 24.6 -
2014-6-12 12:00:0027.7 16.3 27.7 26.8 1,005.5 0 50 50 355 4.1 352 3.4 354 2.9 335 3 0 6.1 9865 9195 44.1 46.8 41.5 32.2 27.6 25.2 24.1 -
2014-6-12 11:00:0026.8 18.1 26.9 26 1,005.9 0 59 56 324 2.9 311 2.2 309 2.2 329 2.5 305 5.1 7867 7694 43.2 45 40.3 30.8 26.2 24.4 23.8 -
2014-6-12 10:00:0026 19.2 26 24.5 1006 0 66 64 19 2.9 11 1.9 3 2.1 287 2.6 291 4.5 6316 6843 42.9 42.9 32.6 28.4 24.7 23.7 23.6 -
2014-6-12 9:00:0024.7 18.6 24.7 23 1,006.3 0 69 69 324 1.8 323 1.6 338 1.6 295 2.4 321 5.7 5451 5729 34.7 35.9 27.6 25.7 23.5 23.3 23.5 -
2014-6-12 8:00:0023 19.8 23 21.5 1,006.6 0 82 82 329 2 330 1.7 296 1.7 262 1.9 271 2.9 4885 5152 27.5 27.5 25.2 23.7 22.8 23.1 23.6 -
2014-6-12 7:00:0021.5 20 21.5 20 1,006.5 0 91 90 234 1.8 230 1.5 235 1.6 240 1.7 242 2.4 5534 5545 25.2 25.2 20.7 22.1 22.2 23.1 23.7 -
2014-6-12 6:00:0019.9 19.4 19.9 19.3 1006 0 97 96 225 0.7 234 0.4 - 0.2 340 0.9 332 1 5718 5453 20.7 20.7 17.5 20.6 22.1 23.3 24 -
2014-6-12 5:00:0019.4 18.9 19.4 18.9 1,005.6 0 97 96 324 0.9 328 0.7 343 0.9 29 1.2 3 1.8 5842 6185 17.4 17.4 17.3 20.3 22.3 23.6 24.2 -
2014-6-12 4:00:0018.9 18.4 19.1 18.8 1,005.4 0 97 96 24 1.4 25 1.2 30 1.1 7 1.1 22 1.4 5476 4928 17.3 17.5 17.3 20.7 22.7 24 24.5 -
2014-6-12 3:00:0018.9 18.2 19.5 18.9 1,005.4 0 96 95 2 0.6 357 0.5 332 0.6 322 0.8 323 1 5257 4803 17.5 17.9 17.5 21.1 23.2 24.3 24.7 -
2014-6-12 2:00:0019.5 18.7 20.2 19.5 1,005.6 0 95 92 214 0.6 218 0.5 245 0.3 180 0.8 238 1.1 6059 6242 17.9 18.8 17.9 21.7 23.7 24.7 25 -
2014-6-12 1:00:0020.2 18.9 21 20.2 1006 0 92 90 198 0.9 194 0.8 175 0.8 151 1.3 156 1.9 8097 8587 18.8 21.4 18.8 22.5 24.2 25 25.2 -
2014-6-12 00:00:0020.9 19.7 20.9 20.4 1,006.3 0 93 90 144 1.4 142 1 111 0.7 114 1 110 1.5 7830 7719 21.4 21.4 19.4 23.1 24.6 25.4 25.5 -
2014-6-11 23:00:0020.8 19.1 20.9 20.6 1,006.4 0 90 89 173 0.9 175 0.8 173 0.8 145 1.5 144 2.3 9430 9924 19.5 20.1 19.5 23.3 25.1 25.9 25.8 -
2014-6-11 22:00:0020.9 18.8 21.7 20.9 1,006.6 0 88 86 98 1 104 0.9 108 0.8 147 1.7 135 2.5 12332 12823 20.2 21.3 20.2 24.1 25.9 26.4 26 -
2014-6-11 21:00:0021.7 19.1 22.4 21.7 1,006.4 0 85 83 141 2.4 146 1.9 146 1.7 98 2.6 94 3.7 11342 11315 21.3 22.3 21.3 25.1 26.6 26.9 26.2 -
2014-6-11 20:00:0022.4 19.4 23.7 22.4 1,005.8 0 83 75 99 2.9 101 2.1 100 2.1 90 3.2 90 4.3 12168 9962 22.3 24.2 22.3 26.3 27.6 27.4 26.4 -
2014-6-11 19:00:0023.7 19 25.3 23.7 1,005.3 0 75 63 93 3.9 93 3 90 3.2 90 3.4 91 5.2 17823 16918 24.2 28.7 24.2 28 28.6 27.8 26.4 -
2014-6-11 18:00:0025.4 17.8 26.1 25.4 1,004.8 0 63 59 70 3.5 69 2.3 65 2.3 83 3.3 96 5.3 19871 18864 28.8 34.6 28.8 30.2 29.5 28 26.3 -
2014-6-11 17:00:0026.1 17.7 26.7 26.1 1,004.6 0 60 57 72 3.7 71 2.9 71 3.2 67 3.4 65 5.6 21684 22143 34.7 40.8 34.7 32.3 30.2 27.9 26 -
2014-6-11 16:00:0026.6 17.4 27.1 26.6 1,005.1 0 57 56 98 2 83 2 55 2.6 65 3.5 71 5.7 33018 21205 40.7 47.3 40.7 33.7 30.3 27.5 25.6 -
2014-6-11 15:00:0027 18 27 26.4 1,005.4 0 58 55 85 3 76 2.3 57 2.4 86 3.9 65 6.2 22289 20400 47.1 49.8 43.4 34.1 29.8 26.9 25.1 -
2014-6-11 14:00:0026.7 18 26.7 25.9 1,005.9 0 59 58 24 3.2 30 2.2 56 2.9 60 3.4 74 7.3 25235 23498 49.2 50 41.5 33.5 28.9 26.3 24.7 -
2014-6-11 13:00:0026.3 18.2 26.3 25.5 1,006.1 0 61 61 63 4.9 52 3.4 58 2.8 81 3.3 77 5.7 22341 27006 47.9 48.6 41.1 32.3 28 25.6 24.3 -
2014-6-11 12:00:0025.7 17.6 25.8 25.1 1,006.5 0 61 59 89 3.8 92 3 74 3.2 46 3.8 76 6.3 28061 26674 44.8 47.9 42.2 31.9 27 24.8 23.9 -
2014-6-11 11:00:0025.2 17.4 25.4 24.7 1007 0 62 61 58 5.1 52 4.1 58 3.5 60 4 46 6.8 21215 24801 43 46.7 39.6 30.2 25.4 24 23.6 -
2014-6-11 10:00:0024.7 17.7 24.7 23.4 1,007.3 0 65 64 49 5 47 3.4 70 3.7 70 3.7 67 6.3 28333 20807 39.8 39.8 30 26.3 24.1 23.5 23.5 -
2014-6-11 9:00:0023.5 17.9 23.7 22.6 1,007.1 0 71 69 62 3.1 65 2 68 2.5 70 3.8 73 6.5 20012 21082 31.2 34.8 27.7 25.4 23.4 23.2 23.4 -
2014-6-11 8:00:0022.5 18.3 22.5 21.7 1007 0 77 77 43 4.5 41 3.2 54 3.1 69 4 75 6.5 18130 17506 27.4 28.1 25 23.5 22.6 23 23.5 -
2014-6-11 7:00:0021.6 19.2 21.6 19.8 1,006.5 0 86 85 84 4 78 2 69 2 74 2.7 80 4.2 10165 10231 24.9 24.9 20.4 21.9 22.1 23 23.6 -
2014-6-11 6:00:0019.8 19 19.8 19.3 1,006.1 0 95 95 75 1.6 73 1.4 64 1.1 82 2 84 2.7 6778 6145 20.3 20.3 17.4 20.5 22 23.2 23.8 -
2014-6-11 5:00:0019.3 18.6 19.6 19.3 1,005.6 0 96 95 86 2.6 85 2.3 74 1.6 74 1.6 84 2.7 4567 4629 17.3 17.6 16.9 20.3 22.4 23.6 24.1 -
2014-6-11 4:00:0019.6 18.8 19.8 19.6 1,005.7 0 95 94 56 0.9 55 0.7 53 0.7 50 1.1 40 1.9 4582 5012 17.6 18.9 17.6 21 22.8 23.8 24.3 -
2014-6-11 3:00:0019.8 18.8 20.5 19.8 1,005.9 0 94 92 118 0.3 118 0.3 108 0.5 19 1.8 24 2.7 4850 5128 18.2 19 18.2 21.4 23.2 24.2 24.5 -
2014-6-11 2:00:0020.5 19.2 20.8 20.5 1006 0 92 90 16 1.7 18 1.3 17 1.2 43 1.5 39 2.4 7470 7405 18.7 19.4 18.7 21.9 23.6 24.5 24.7 -
2014-6-11 1:00:0020.8 19.1 21.5 20.8 1,006.1 0 90 88 37 2.1 42 1.1 49 1.3 62 1.6 58 2.9 8430 8637 19.5 21.7 19.5 22.6 24 24.8 24.9 -
2014-6-11 00:00:0021.3 19.6 21.4 21 1,006.7 0 90 88 60 2.1 63 1.4 68 1.3 108 1.7 106 2.9 7835 7688 21.3 21.4 20.2 23.1 24.4 25.1 25.2 -
2014-6-10 23:00:0021.4 19.7 21.5 20.9 1,006.8 0 90 90 92 2 87 1.5 83 1.3 86 1.8 94 2.9 7425 6802 21.3 21.9 21 23.5 24.7 25.4 25.4 -
2014-6-10 22:00:0020.8 19.6 20.9 20.7 1,007.4 0 93 91 90 2 86 1.5 71 1.4 74 2 69 2.7 5062 5085 21 21 20.1 23.5 25.2 25.9 25.7 -
2014-6-10 21:00:0020.9 19.4 21.6 20.9 1007 0 91 85 60 2 62 1.6 68 1.7 79 2.3 69 3.8 6179 6979 20.4 21.3 20.4 24.3 26 26.4 25.9 -
2014-6-10 20:00:0021.6 19 22.5 21.6 1,006.5 0 85 80 77 2.4 78 2.1 79 2.3 83 3.7 84 6.1 9716 9955 21.4 23.2 21.4 25.4 26.9 26.9 26.1 -
2014-6-10 19:00:0022.5 18.9 23.9 22.5 1,006.3 0 80 73 82 5.2 84 3.6 77 3.4 81 4.5 75 8 12851 12949 23.2 27.1 23.2 27.1 27.9 27.3 26.1 -
2014-6-10 18:00:0023.9 19 25.3 23.9 1,005.7 0 74 65 86 5.4 84 4.3 78 4.3 82 4.7 78 7.3 16197 20411 27.2 34.3 27.2 29.3 28.9 27.6 26 -
2014-6-10 17:00:0025.3 18.7 25.7 25.1 1,005.4 0 67 64 45 4.6 58 3.5 58 3.6 77 4.2 58 6.7 26147 23461 34.3 37 33.5 31 29.5 27.6 25.8 -
2014-6-10 16:00:0025.8 19.4 26.4 25.8 1,005.3 0 68 65 73 5.1 72 3.6 75 3.7 62 4.2 62 6.9 16009 20214 37.6 43.2 37.6 32.7 29.8 27.4 25.5 -
2014-6-10 15:00:0026.1 19.5 26.5 25.9 1,005.4 0 67 65 71 4.6 72 3.4 76 3.7 73 4 70 6.4 21778 19344 40.9 47 40 33.5 29.7 26.9 25 -
2014-6-10 14:00:0026.3 19.7 26.7 26.2 1,005.5 0 67 65 66 4.7 70 4 79 3.9 84 4.6 69 6.9 21133 21542 43.8 52.2 43.8 34 29.1 26.1 24.5 -
2014-6-10 13:00:0026.5 20.1 26.5 25.5 1,005.6 0 68 67 89 5.3 81 3.5 77 3.8 75 4.3 72 7.2 28927 21478 51.8 52.2 43 33.3 27.7 25.2 24.1 -
2014-6-10 12:00:0025.8 20.6 25.8 24.9 1,006.2 0 73 71 75 5.2 72 2.8 66 3.5 78 5.2 73 7.7 21954 15627 48.9 48.9 40.2 30.7 26.1 24.4 23.8 -
2014-6-10 11:00:0025.2 20.7 25.2 23.8 1,006.3 0 76 75 86 6.3 82 4.9 76 4.8 74 4.8 88 6.9 10929 13000 43.4 45 29.5 27.9 24.7 23.9 23.6 -
2014-6-10 10:00:0023.8 19.9 24 22.9 1,006.9 0 79 79 70 5.1 69 4.2 74 4 54 4.5 53 7.4 12234 13084 29.6 31.7 26.6 26 23.9 23.6 23.6 -
2014-6-10 9:00:0022.8 20.1 22.9 22.3 1,006.7 0 85 85 60 4.7 57 3.5 56 2.8 74 4.4 63 6.8 8996 9493 26.1 26.8 24.8 24 23.3 23.4 23.6 -
2014-6-10 8:00:0022.3 20.4 22.3 21.5 1,006.5 0 89 89 75 4.4 73 2.7 65 2.6 86 2.7 94 4.9 9367 8570 24.7 24.7 22.4 22.8 22.9 23.4 23.7 -
2014-6-10 7:00:0021.5 20 21.5 20.9 1,006.3 0 91 91 61 2.8 64 1.7 62 2.5 61 3 60 5.4 6609 6620 22.5 22.5 21.5 22.2 22.8 23.5 23.8 -
2014-6-10 6:00:0020.9 19.7 20.9 20.7 1,006.1 0 93 93 51 2.1 47 1.5 58 2 68 2.2 70 3.5 5764 6143 21.4 21.4 20.7 21.9 22.9 23.6 24 -
2014-6-10 5:00:0020.8 19.6 20.8 20.8 1,005.6 0 93 91 74 2.4 70 1.5 74 1.5 61 2.4 48 4.4 7799 8050 20.8 21 20.8 22 23.1 23.8 24.1 -
2014-6-10 4:00:0020.9 19.4 21 20.9 1,005.6 0 91 90 56 3.8 61 2.8 61 2.4 57 2.7 32 4.6 9535 9595 21 21.2 21 22.2 23.3 24 24.3 -
2014-6-10 3:00:0021 19.5 21 20.8 1,005.5 0 91 91 62 2.6 56 1.9 60 1.8 106 2.4 94 3.7 11546 10968 21.2 21.3 20.6 22.3 23.4 24.2 24.5 -
2014-6-10 2:00:0020.8 19.5 21.4 20.8 1,005.2 0 92 88 100 3.4 102 2.6 104 2.4 103 2.8 96 4.1 11596 11347 20.7 21.5 20.7 22.4 23.7 24.5 24.7 -
2014-6-10 1:00:0021.4 19.3 21.4 21.3 1,005.8 0 88 86 93 3.5 100 2.4 103 2.8 109 3.2 123 5.1 14091 13779 21.5 21.5 21.3 22.8 24.1 24.8 24.9 -
2014-6-10 00:00:0021.4 19 21.5 21.4 1,006.3 0 86 84 94 3.9 95 2.4 104 3.2 117 4 121 6.1 14505 15898 21.4 21.7 21.3 23 24.4 25.1 25.2 -
2014-6-9 23:00:0021.5 18.7 21.6 21.5 1,007.1 0 84 83 119 4.9 117 3.9 122 3.6 113 4.5 123 7 18418 18453 21.6 22.1 21.6 23.5 24.9 25.5 25.4 -
2014-6-9 22:00:0021.6 19 21.7 21.6 1,007.1 0 85 85 129 5.5 121 4.1 108 4.2 106 4.9 118 7.2 16449 15386 22.1 22.3 22 24 25.4 25.9 25.7 -
2014-6-9 21:00:0021.6 19.7 22 21.6 1,006.9 0 89 86 102 4.6 101 3.7 101 3.6 102 4.6 96 7.3 11827 11939 22.3 22.8 21.9 24.4 26 26.4 25.9 -
2014-6-9 20:00:0022 19.6 22.2 22 1,006.5 0 86 85 113 7.2 111 4.6 106 4.3 100 5 100 7.8 13548 13345 22.6 23.1 22.6 25.3 26.9 27 26.1 -
2014-6-9 19:00:0022.2 19.7 22.7 22.2 1,006.1 0 86 84 93 4.4 95 4.1 99 4.3 100 5 104 8.6 17013 16911 23.1 25.1 23.1 26.6 27.9 27.5 26.2 -
2014-6-9 18:00:0022.7 19.9 23.7 22.7 1,005.7 0 84 78 103 7.5 101 6.2 103 4.6 100 5.8 105 8.7 13589 14508 25.1 29.8 25.1 28.7 29.1 27.8 26.1 -
2014-6-9 17:00:0023.6 19.5 24.3 23.6 1,005.4 0 78 75 103 7.6 99 6 108 5.6 108 5.6 104 8.6 17244 18846 29.4 34.4 29.4 31.3 30 27.9 25.9 -
2014-6-9 16:00:0024.4 19.9 24.6 24 1,005.4 0 76 75 109 8.2 104 5.7 113 5.3 119 6.3 114 9.2 19461 18889 34.7 38.2 34 33.3 30.4 27.6 25.4 -
2014-6-9 15:00:0024.6 19.9 25.4 24.6 1,005.6 0 75 72 131 7.3 127 5.2 119 5.7 120 5.9 115 9.3 15722 20259 38 42.1 37 34.6 30.2 26.9 24.9 -
2014-6-9 14:00:0025.3 19.9 25.6 25.1 1,005.7 0 72 64 149 6.5 137 4.9 129 4.9 131 5.3 134 8.5 15581 17833 41 42.5 37.6 34.4 29.1 26 24.4 -
2014-6-9 13:00:0025.4 18.8 25.6 24.8 1,006.2 0 67 66 128 6.2 125 4.1 136 4.1 136 4.4 147 6.3 22887 19942 39.8 43.4 35.2 33 27.7 25.2 23.9 -
2014-6-9 12:00:0025.1 18.5 25.2 24.5 1,006.8 0 67 66 135 5.4 131 3.5 129 3.5 142 4.1 141 7 17753 15850 38.3 40.8 34.5 31.2 26.4 24.4 23.5 -
2014-6-9 11:00:0024.7 19.3 24.7 23.5 1,007.4 0 72 69 117 3.8 116 2.8 121 3.7 133 4.8 151 7.2 20874 14961 37.8 37.8 31.1 29.1 25 23.7 23.3 -
2014-6-9 10:00:0023.5 19.4 23.6 23 1,007.4 0 78 78 127 5 126 3.9 117 3.4 119 4.9 95 7.5 12187 14516 30.7 31.2 28.2 26.2 23.9 23.2 23.1 -
2014-6-9 9:00:0022.9 19.5 23 22.5 1,006.9 0 81 81 120 6.5 121 4.7 117 4.7 123 5.3 124 8.4 11927 13438 28.8 28.8 25.5 24.5 23 22.9 23.1 -
2014-6-9 8:00:0022.5 19.7 22.5 21.7 1,006.7 0 84 83 109 6.5 113 4.2 109 4.6 116 5.1 127 7.8 13323 11969 26.4 26.4 23.1 22.9 22.4 22.8 23.1 -
2014-6-9 7:00:0021.7 19.4 21.7 21.1 1,006.4 0 87 87 104 6.3 102 4.3 99 3.4 99 3.4 104 6.3 7353 7259 23.2 23.3 21.4 21.9 22.1 22.8 23.2 -
2014-6-9 6:00:0021.1 19.6 21.1 20.4 1,006.4 0 91 91 89 4.4 92 3.3 92 3.1 89 3.1 93 4.9 5128 5354 21.3 21.3 20 21.1 22 22.8 23.4 -
2014-6-9 5:00:0020.4 19.4 20.4 20 1,005.9 0 94 94 98 3 99 2.4 96 2.4 98 2.6 97 4 5769 5292 20 20 19.7 20.8 22 23 23.5 -
2014-6-9 4:00:0020 19.2 20.1 19.7 1,005.9 0 95 94 81 3.3 84 2.6 84 2.2 84 2.2 83 3.4 5009 5186 19.8 19.8 18.9 20.7 22.2 23.2 23.7 -
2014-6-9 3:00:0020.1 19.1 20.4 20.1 1,005.2 0 94 92 71 2.1 73 1.8 80 2.1 101 2.1 92 3.7 4207 4562 19.1 19.7 19.1 20.9 22.4 23.5 24 -
2014-6-9 2:00:0020.3 19.1 20.7 20.3 1,005.2 0 93 90 104 3 107 2.1 106 2 104 2.8 108 5 9148 7985 19.2 19.4 19.1 21 22.7 23.8 24.2 -
2014-6-9 1:00:0020.7 19 21 20.7 1,005.6 0 90 88 103 3.1 103 2.6 103 2.8 109 3.3 106 5.6 10702 10774 19.4 19.9 19.4 21.4 23.1 24.1 24.4 -
2014-6-9 00:00:0021 18.9 21.4 21 1,006.2 0 88 86 99 3.8 102 2.6 108 2.9 120 4.2 116 6.6 13110 12931 19.9 20.8 19.9 21.9 23.6 24.4 24.6 -
2014-6-8 23:00:0021.4 19.3 21.5 21.4 1,006.5 0 88 86 122 5.9 122 4.6 119 4.2 118 4.5 117 7.6 10656 11037 20.7 21.1 20.7 22.4 24 24.8 24.9 -
2014-6-8 22:00:0021.5 19.1 21.6 21.5 1007 0 86 86 116 5.6 120 4.1 120 4.5 121 5.3 129 8.4 10663 10579 21.1 21.4 21 22.9 24.5 25.1 25.1 -
2014-6-8 21:00:0021.6 19 21.7 21.6 1,006.7 0 85 85 118 7.5 119 6.8 121 5.2 112 5.9 114 10.4 14623 13336 21.4 21.8 21.4 23.5 25 25.6 25.3 -
2014-6-8 20:00:0021.6 19.3 22.1 21.6 1,005.9 0 87 85 116 6.5 116 5.2 114 4.8 112 5.4 105 8.1 11257 11684 21.5 22.7 21.5 24.1 25.7 26 25.5 -
2014-6-8 19:00:0022.1 20 23.2 22.1 1,005.5 0 88 81 115 5.9 116 4.1 115 4.3 114 4.6 115 7.2 8704 8756 22.7 25 22.7 25.5 26.6 26.4 25.6 -
2014-6-8 18:00:0023.2 19.8 23.8 23.2 1,004.9 0 81 79 106 4.6 108 3.7 112 3.9 114 4.3 109 7 8746 9152 25 28.1 25 27 27.3 26.6 25.5 -
2014-6-8 17:00:0023.8 20.1 24.3 23.7 1,004.9 0 80 77 107 4.9 107 3.7 113 4.1 114 4.4 109 6.7 13827 13812 28.2 31.7 28.1 28.8 27.9 26.6 25.4 -
2014-6-8 16:00:0023.8 20.5 24.5 23.8 1,004.9 0 82 79 119 5.5 115 4.4 108 4.1 110 4.2 122 6.3 11709 11078 29.2 34.2 29.1 29.6 28.1 26.5 25.2 -
2014-6-8 15:00:0024.3 20.6 24.5 24.1 1,004.9 0 80 80 129 5.1 127 4.4 120 3.7 131 3.9 132 6.1 9662 6542 33.2 34 31.7 30.2 28 26.2 24.9 -
2014-6-8 14:00:0024.5 21.2 24.8 24.4 1005 0 82 78 115 5 129 3.3 129 3.1 121 3.9 125 5.7 9953 10771 34 36.9 33.3 30.9 27.7 25.7 24.6 -
2014-6-8 13:00:0024.8 20.7 25 24.4 1,005.4 0 78 77 123 5.5 123 4 126 3.8 120 4.1 124 6.8 11680 10775 36 38.9 34.8 30.9 26.9 25.1 24.3 -
2014-6-8 12:00:0024.4 20.9 24.5 23.9 1,005.6 0 81 81 152 4.4 146 3.6 141 3 138 3.6 144 5.2 8257 10019 34.6 35.1 30.7 28.4 25.7 24.6 24.2 -
2014-6-8 11:00:0024 20.9 24.2 23.9 1,005.7 0 83 82 124 3.3 135 2.8 135 3.1 140 3.3 135 5.4 10892 9243 31.4 31.8 28.7 27.1 24.9 24.3 24.1 -
2014-6-8 10:00:0024.1 21.2 24.1 23.3 1,005.8 0 84 83 127 3.8 137 2.7 128 2.4 79 2.4 107 3.9 7645 7960 29 29 26.2 25.5 24.4 24.1 24.1 -
2014-6-8 9:00:0023.4 20.9 23.4 22.7 1,005.6 0 86 86 74 3.4 71 2.8 91 2.3 105 2.8 109 4.1 6500 6427 26.9 27 25 24.8 24 24 24.1 -
2014-6-8 8:00:0022.7 21 22.7 22.1 1,005.2 0 90 90 109 3.5 110 2.7 100 2.6 101 3.1 104 4.4 5907 6358 25 25.4 23.1 23.9 23.6 24 24.2 -
2014-6-8 7:00:0022.1 21.1 22.1 21.8 1,005.1 0 94 94 101 3.6 100 3 100 3 99 3.1 100 4.4 5399 4988 23.1 23.2 22.6 23.1 23.5 24 24.3 -
2014-6-8 6:00:0021.8 21.1 21.8 21.7 1,004.5 0 96 96 112 2.9 107 2.1 105 2.6 89 2.6 93 4.4 3470 3661 22.5 22.5 21.7 22.8 23.5 24.2 24.5 -
2014-6-8 5:00:0021.7 21.2 21.7 21.5 1,004.1 0 97 97 91 3.2 92 3 90 2.6 90 2.6 92 3.8 3088 3040 21.7 21.7 20.9 22.4 23.5 24.4 24.7 -
2014-6-8 4:00:0021.6 21.1 21.6 21.5 1,003.9 0 97 97 59 1.8 59 1.3 71 1.6 86 1.9 88 3 2614 2588 21.2 21.2 20.8 22.4 23.8 24.7 24.9 -
2014-6-8 3:00:0021.5 21 21.7 21.5 1,003.9 0 97 96 102 2.3 101 1.7 92 1.6 78 1.6 95 2.3 3372 3190 20.8 20.8 20.7 22.5 24.1 25 25.2 -
2014-6-8 2:00:0021.6 20.8 22 21.6 1,004.3 0 95 95 106 1.1 104 0.9 107 0.8 158 1.2 159 2 4183 4499 20.8 21.2 20.8 22.9 24.5 25.4 25.5 -
2014-6-8 1:00:0022 21.2 22.3 22 1,004.2 0 95 93 137 1.1 141 1 146 1 147 1.7 139 2.8 6263 6295 21.2 21.7 21.2 23.3 24.9 25.7 25.8 -
2014-6-8 00:00:0022.2 21 22.3 22.2 1,004.2 0 93 93 147 2.2 146 1.4 146 1.6 116 2.3 120 3.6 6785 6279 21.7 22 21.7 23.8 25.4 26.2 26.1 -
2014-6-7 23:00:0022.2 21.2 22.4 22.2 1,004.2 0 94 93 114 3.6 113 2.6 117 2.2 121 2.7 110 4 6794 6883 22 22.5 22 24.3 26 26.7 26.4 -
2014-6-7 22:00:0022.4 21.2 22.6 22.4 1,004.2 0 93 92 120 3 124 2.4 117 2.5 116 3.3 123 4.7 7533 7525 22.5 23 22.5 25 26.7 27.2 26.7 -
2014-6-7 21:00:0022.6 21.2 22.9 22.6 1,003.8 0 92 90 119 3.6 116 2.7 118 3.1 117 3.7 124 6.2 8294 8317 23 23.8 23 25.8 27.6 27.8 27 -
2014-6-7 20:00:0022.9 21.2 23.3 22.9 1,003.2 0 90 89 117 4.1 124 3.4 117 2.9 111 3.2 114 6 10627 10666 23.8 25 23.8 27 28.7 28.5 27.3 -
2014-6-7 19:00:0023.3 21.4 24.2 23.3 1,002.8 0 89 84 101 3 103 2.7 106 2.7 109 4.3 114 6.4 10184 10564 25 27.4 25 28.7 29.9 29.1 27.4 -
2014-6-7 18:00:0024.3 21.4 25.4 24.3 1002 0 84 79 109 6.3 108 4.7 108 3.9 120 4.4 125 6.8 11678 10861 27.7 32.3 27.7 31.1 31.3 29.6 27.3 -
2014-6-7 17:00:0025.4 21.5 26 25.4 1,001.6 0 79 75 129 4.7 128 3.9 120 3.8 128 3.8 119 6.1 12058 12179 32.2 37.5 32.2 33.8 32.4 29.7 27.1 -
2014-6-7 16:00:0025.9 21.3 26.7 25.9 1,001.4 0 76 73 131 4.9 132 3.7 133 3.6 128 4.4 117 6.9 9083 9652 37.6 41.8 37.6 36.2 33 29.6 26.6 -
2014-6-7 15:00:0026.7 21.7 27.2 26.7 1,001.5 0 74 70 149 4.6 142 3.9 125 4.1 129 4.2 112 6.3 8466 7980 41.5 45.5 40.9 37.9 33.2 29 26 -
2014-6-7 14:00:0027.2 21.7 27.5 27.1 1,001.8 0 72 69 116 5.5 114 4.2 128 3.8 129 3.8 129 5.7 3427 6390 44.8 48.4 44.8 38.8 32.5 28 25.2 -
2014-6-7 13:00:0027.3 21.8 27.3 26.3 1,002.5 0 72 71 129 4.4 126 3.1 143 2.4 140 2.7 127 5 7097 8097 47.4 48.6 44.1 38.1 31 26.8 24.5 -
2014-6-7 12:00:0026.5 21.7 26.5 25.8 1,003.1 0 75 73 185 2.5 167 1.7 149 2.2 162 2.9 177 4.7 8197 7628 47.5 47.9 43.9 36.4 29.2 25.6 23.9 -
2014-6-7 11:00:0025.9 21.3 26 25.3 1,003.3 0 76 75 146 4 144 2.8 146 2.5 150 3 133 4.6 6829 7414 44.3 44.3 40.4 33.4 27.2 24.5 23.4 -
2014-6-7 10:00:0025.4 20.9 25.4 24.4 1,003.8 0 76 76 150 4.2 149 3.2 155 2.7 143 2.9 136 4.8 7699 7816 40.6 40.8 34.6 30.1 25.2 23.6 23.1 -
2014-6-7 9:00:0024.6 20.7 24.6 23.7 1,004.1 0 79 78 146 2.4 149 2.1 147 2.6 156 3.3 149 5.2 8456 8955 34.7 34.9 28.7 26.6 23.7 23.1 23.1 -
2014-6-7 8:00:0024.1 21 24.1 22.6 1,003.9 0 83 82 147 4.7 140 2.4 146 2.6 123 3.3 146 5.2 11074 9506 30.1 30.1 24.7 24.3 22.9 22.9 23.1 -
2014-6-7 7:00:0022.7 20.8 22.7 21.3 1,003.6 0 89 88 119 5 116 3 124 3 123 3 119 5 6877 6745 24.9 25.5 21.4 22.6 22.4 22.9 23.2 -
2014-6-7 6:00:0021.2 20.4 21.2 20.6 1,003.4 0 95 95 97 1.9 101 1.6 101 1.7 97 1.9 91 2.7 3342 3346 21.7 21.8 19.8 21.5 22.2 23 23.4 -
2014-6-7 5:00:0020.6 20.1 20.7 20.6 1,003.1 0 97 96 88 1.6 90 1.5 90 1.7 83 1.8 91 2.8 2708 2648 19.8 19.8 19.7 21.1 22.4 23.3 23.6 -
2014-6-7 4:00:0020.7 20 20.8 20.7 1,003.1 0 96 95 91 2.1 93 1.4 90 1.4 85 2.2 86 3 3035 2872 19.8 20.1 19.8 21.3 22.7 23.5 23.8 -
2014-6-7 3:00:0020.8 20 20.9 20.8 1,003.3 0 95 95 81 2.9 82 1.8 89 2.1 98 2.4 100 3.4 3407 3739 20.1 20.3 20.1 21.6 23 23.8 24 -
2014-6-7 2:00:0020.9 20.1 21.2 20.9 1,003.5 0 95 94 88 2.2 88 1.9 94 1.8 93 2.4 100 3.8 4016 4066 20.2 20.7 20.2 21.9 23.3 24.1 24.2 -
2014-6-7 1:00:0021.2 20.2 21.4 21.2 1,003.6 0 94 93 92 3.1 93 2.4 94 2.4 94 2.5 93 3.6 4126 3943 20.7 20.9 20.7 22.3 23.7 24.5 24.5 -
2014-6-7 00:00:0021.3 20.3 21.6 21.3 1004 0 94 92 117 2.4 114 1.7 114 1.8 114 1.8 112 3.3 4864 5033 20.8 20.9 20.7 22.6 24.2 24.9 24.8 -
2014-6-6 23:00:0021.6 20.2 21.8 21.6 1,004.3 0 92 92 87 1.3 91 1.2 112 1.7 121 2.3 114 2.9 5647 5811 21 21.5 20.9 23.1 24.7 25.3 25.1 -
2014-6-6 22:00:0021.8 20.4 21.8 21.7 1,004.7 0 92 90 126 2.7 123 2.3 120 2.3 115 2.3 110 3.8 6043 5909 21.5 22 21.5 23.7 25.4 25.8 25.3 -
2014-6-6 21:00:0021.7 20 21.9 21.7 1,004.4 0 90 89 107 3 109 2 103 2.2 124 2.9 124 4.5 5925 6013 22 22.7 22 24.5 26.1 26.4 25.6 -
2014-6-6 20:00:0021.8 20.3 22.3 21.7 1,004.4 0 91 82 121 3.2 118 2.3 114 2.1 105 3 103 5 6308 6229 22.7 23.6 22.5 25.5 27.1 27 25.8 -
2014-6-6 19:00:0022.3 19.3 23.2 22.3 1,003.8 0 83 75 105 2.4 103 2.3 106 3 102 3.5 108 6.2 9671 10219 23.6 26.3 23.6 27.2 28.4 27.6 25.9 -
2014-6-6 18:00:0023.2 19.4 24.5 23.2 1,003.4 0 79 74 112 3.5 108 2.9 107 3.2 110 3.9 115 5.9 9985 10667 26.4 32.1 26.3 29.7 29.8 28 25.8 -
2014-6-6 17:00:0024.6 19.7 25.4 24.5 1,003.2 0 74 72 113 4.2 111 3.3 120 3.6 120 5 131 7.9 10453 10006 32.1 36.2 32.1 32.5 30.7 28 25.5 -
2014-6-6 16:00:0025.3 19.9 25.9 25.3 1,003.3 0 72 71 123 5.4 123 4.6 119 5 119 5 120 7 9353 9598 35.8 40.1 35.8 34.3 31.1 27.8 25 -
2014-6-6 15:00:0026 20.6 26.6 25.9 1,003.7 0 72 71 123 5.8 115 4.3 129 4.3 137 4.4 142 6.6 8409 8029 40.4 43.1 39.4 36 31.1 27.2 24.4 -
2014-6-6 14:00:0026.7 21 26.8 26.1 1,004.1 0 71 69 114 4.4 104 3.3 109 3.2 106 3.3 111 5.5 7781 8266 41.3 47.3 40.9 36.5 30.5 26.2 23.7 -
2014-6-6 13:00:0026.1 20.4 26.2 25.4 1,004.6 0 71 71 151 3 144 2.6 123 2.8 151 3.6 160 6 9185 7493 46 46 42 35.9 29 25.1 23 -
2014-6-6 12:00:0025.6 20.8 25.9 25.3 1,004.9 0 75 72 148 4.2 153 3.5 152 3.1 168 3.5 146 6 8877 7981 42.7 44.1 39.4 34 27.3 23.9 22.4 -
2014-6-6 11:00:0025.8 20.8 25.8 24.2 1,005.4 0 74 70 123 4.2 119 2.8 168 2 118 2.9 121 4.6 8037 7864 42.7 43.4 34.8 31.6 25.2 22.7 21.9 -
2014-6-6 10:00:0024.2 19.5 24.2 22.7 1,005.5 0 75 74 115 2.7 112 1.6 110 1.6 71 2.3 59 4 6871 6904 34.6 37.2 30.9 27.7 23.4 22 21.7 -
2014-6-6 9:00:0022.7 19.3 22.9 21.6 1,005.7 0 81 81 83 2.9 80 2.6 85 2.1 85 2.1 82 3.9 5801 5485 30.5 32.2 26.1 24.5 22 21.5 21.6 -
2014-6-6 8:00:0021.6 19.2 21.8 20.6 1,005.9 0 86 85 63 2.9 72 2.2 94 1.9 88 2.6 82 4.2 4877 4895 26 27.4 22.1 22.7 21.2 21.3 21.5 -
2014-6-6 7:00:0020.6 19.4 20.6 20.1 1,005.7 0 93 93 83 3.5 86 2.1 93 2.4 98 2.6 102 3.9 4206 4226 22 22 20.1 20.8 20.7 21.2 21.6 -
2014-6-6 6:00:0020.1 19.4 20.1 19.7 1,005.5 0 96 96 87 2.4 86 1.9 86 1.9 86 1.9 86 3.2 3961 4235 20.1 20.1 18.5 20 20.5 21.3 21.8 -
2014-6-6 5:00:0019.7 19.4 19.7 19.5 1,005.1 0 98 97 107 1.8 104 1.5 103 1.4 79 1.9 74 2.8 2866 2905 18.6 18.6 17.9 19.3 20.5 21.4 21.9 -
2014-6-6 4:00:0019.5 19.2 19.5 19.4 1,004.6 0 98 98 88 1.3 89 1.1 89 1.3 73 1.4 75 1.9 2953 3080 18 18.6 18 19.5 20.7 21.6 22.1 -
2014-6-6 3:00:0019.3 19 19.3 18.7 1,004.9 0 98 97 60 1.3 59 1.1 62 1.1 62 1.1 54 1.6 4428 4217 18.5 18.5 17.4 19.4 20.8 21.9 22.3 -
2014-6-6 2:00:0018.8 18.3 19.2 18.8 1,004.9 0 97 96 71 1 71 1 72 0.8 80 1.5 82 2 3461 3746 17.4 17.6 17.4 19.4 21.1 22.2 22.5 -
2014-6-6 1:00:0019.1 18.4 19.8 19.1 1,005.4 0 96 94 81 1.7 81 1.6 76 1.2 110 1.2 148 1.7 4664 4278 17.6 18.1 17.6 19.8 21.6 22.5 22.7 -
2014-6-6 00:00:0019.8 19 20.2 19.8 1,005.9 0 95 93 149 0.8 150 0.7 149 0.9 150 1.2 150 2.1 7347 7752 18.1 18.8 18.1 20.3 22 22.9 23 -
2014-6-5 23:00:0020.2 19 20.3 20.2 1,006.1 0 93 93 162 1.3 155 1.1 150 1.2 141 2.2 138 3 6887 6622 18.8 19.3 18.8 20.9 22.5 23.3 23.2 -
2014-6-5 22:00:0020.2 19.2 20.2 20 1,006.3 0 94 93 146 2.3 147 2.1 147 1.9 148 1.9 149 2.9 5676 5722 19.3 19.8 19.3 21.5 23.1 23.7 23.4 -
2014-6-5 21:00:0020.1 19.1 20.5 20.1 1,006.2 0 94 91 111 2 112 1.5 108 1.4 103 2.5 102 4 5676 5844 19.8 20.6 19.8 22.2 23.8 24.1 23.6 -
2014-6-5 20:00:0020.5 19 21.5 20.5 1,005.8 0 91 83 101 2.7 101 2.1 99 2.3 120 3.3 118 4.8 6957 7013 20.6 22.5 20.6 23.3 24.7 24.6 23.7 -
2014-6-5 19:00:0021.5 18.7 22.3 21.5 1,005.3 0 84 84 125 3.6 120 2.9 118 2.8 130 3.6 122 5.5 11714 11238 22.5 24.7 22.5 24.9 25.7 24.9 23.7 -
2014-6-5 18:00:0022.4 19.8 23.7 22.4 1,004.5 0 85 80 117 3.6 122 3 125 3.4 143 4.3 139 6.1 9669 10428 24.8 29.9 24.8 26.9 26.6 25.1 23.5 -
2014-6-5 17:00:0023.7 20 25.1 23.7 1,004.2 0 80 74 140 4.5 138 4.2 136 3.9 142 4 134 5.9 11031 10331 29.4 34.4 29.4 29.1 27 24.9 23.3 -
2014-6-5 16:00:0025.1 20.1 25.3 24.9 1,004.4 0 74 71 139 4 153 3.2 160 2.9 159 3.4 172 4.6 12868 12551 34.5 36 34.5 30.1 26.8 24.5 22.9 -
2014-6-5 15:00:0024.9 19.7 26.3 24.3 1,004.7 0 73 62 161 4.2 152 3.2 158 3.1 164 4 166 5.7 10457 10948 34.4 34.4 30.2 29 26.4 24.2 22.6 -
2014-6-5 14:00:0026.3 18.4 26.7 26.3 1,004.8 0 62 58 108 1.9 98 1.3 85 1.3 7 2.3 6 3.5 10229 10036 33.1 37.8 33.1 30.1 26.3 23.6 22.1 -
2014-6-5 13:00:0026.4 18.3 26.4 25.5 1,004.8 0 61 59 9 3 3 1.8 353 1.3 39 2.6 23 4.6 14042 12116 36.7 39.3 33.8 30 25.4 22.9 21.6 -
2014-6-5 12:00:0025.5 19.2 25.5 24.6 1,005.5 0 68 64 47 4.5 45 2.4 15 1.9 342 2.9 352 5.4 8281 9325 34.9 38.5 33.4 28.8 24.2 22 21.2 -
2014-6-5 11:00:0024.5 18.7 24.5 23.2 1,005.9 0 70 68 86 1.3 83 0.9 40 1.8 24 3 331 5.5 12083 9191 36.6 37.6 29.3 27 22.7 21.3 20.9 -
2014-6-5 10:00:0023.2 18.5 23.2 22.5 1006 0 75 72 46 2.9 42 2 50 2.7 48 2.8 57 5.1 9472 9672 29.3 29.3 27 24.2 21.7 20.9 20.7 -
2014-6-5 9:00:0022.5 18.5 22.5 21.7 1,005.8 0 78 77 24 2.9 32 2.1 33 2.4 18 2.4 39 4 8549 8690 27.8 28.1 24.7 23.1 20.8 20.4 20.6 -
2014-6-5 8:00:0021.7 18.7 21.7 20.2 1,005.7 0 83 83 31 3.6 37 2.3 38 2.3 45 2.3 32 4 6198 6168 25.3 26 21.5 21.7 20 20.1 20.5 -
2014-6-5 7:00:0020.2 18.5 20.2 18.9 1,005.3 0 90 90 35 2.7 36 1.8 17 1 293 1.5 35 2.7 6464 6350 21.3 21.3 18.6 19.3 19.3 20 20.6 -
2014-6-5 6:00:0018.9 18.1 18.9 18.2 1,004.7 0 95 95 304 1.5 304 1.2 300 1.1 274 1.5 271 2.1 4129 4133 18.6 18.6 16.5 18.3 19.1 20.1 20.7 -
2014-6-5 5:00:0018.3 17.7 18.4 18.3 1,004.2 0 96 95 274 1.9 275 1.3 280 1.3 253 2 278 2.7 3229 3235 16.4 16.7 16.3 17.8 19.2 20.3 20.9 -
2014-6-5 4:00:0018.3 17.5 18.3 18.1 1,003.9 0 95 95 245 1.5 247 1.4 254 1.3 287 1.4 290 1.8 4837 4927 16.4 16.4 16.1 17.8 19.4 20.5 21 -
2014-6-5 3:00:0018.1 17.5 18.6 18 1,003.8 0 96 93 269 1.2 270 1 272 1.1 270 1.2 269 1.4 4553 4826 16.2 16.8 16.2 18.1 19.7 20.7 21.2 -
2014-6-5 2:00:0018.7 17.5 18.9 18.7 1,003.9 0 93 93 - 0.2 - 0.1 49 0.7 47 1.5 47 2.2 7972 7996 16.8 17.5 16.8 18.6 20.1 20.9 21.3 -
2014-6-5 1:00:0018.9 17.7 20.2 18.9 1,004.4 0 93 88 26 0.7 31 0.6 6 0.6 36 0.9 34 1.3 4483 5423 17.4 18.5 17.3 19.1 20.4 21.1 21.4 -
2014-6-5 00:00:0020.2 18.1 20.9 20.2 1,004.7 0 88 85 26 1.3 30 0.8 37 1 47 1.4 49 2 9693 9499 18.5 18.9 18.5 19.7 20.7 21.3 21.5 -
2014-6-4 23:00:0020.9 18.3 21.6 20.9 1,004.9 0 85 79 59 0.9 57 0.9 58 1 64 1.3 58 1.9 8408 8062 19 19.5 19 20.1 20.9 21.4 21.6 -
2014-6-4 22:00:0021.6 17.8 22.9 21.6 1,005.1 0 79 71 46 0.9 49 0.8 47 1.1 333 2.1 343 3.9 7376 7641 19 20.1 18.8 20.1 21.2 21.6 21.7 -
2014-6-4 21:00:0022.9 17.4 23.2 22.9 1,004.6 0 71 68 331 1.6 341 1 334 1.4 319 2.2 345 3.2 7444 7963 20.1 20.3 20.1 20.8 21.4 21.8 21.8 -
2014-6-4 20:00:0023.2 17 23.5 23.1 1,004.2 0 68 66 313 2.4 319 1.9 319 2.3 319 2.3 324 4.1 10715 10550 20.3 20.8 20.3 21.1 21.7 21.9 21.8 -
2014-6-4 19:00:0023.4 16.7 23.7 23.4 1,003.8 0 66 64 323 2.6 318 1.8 319 1.6 299 2.3 313 4.2 13397 11911 20.8 21.7 20.8 21.4 22 22 21.8 -
2014-6-4 18:00:0023.7 16.7 24.1 23.7 1,003.4 0 65 61 293 2 292 1.7 301 2.2 318 3.2 317 5.6 10972 10783 21.7 23 21.7 22.1 22.3 22.1 21.8 -
2014-6-4 17:00:0024.1 16.4 24.3 24.1 1003 0 62 60 318 3.7 318 3 312 3.1 320 4 343 7 12724 12692 23 25 23 22.9 22.5 22 21.7 -
2014-6-4 16:00:0024.1 16.9 24.4 23.6 1,002.7 0 64 62 306 7 302 4.3 321 3.8 327 4.2 323 7.2 8645 9390 24.9 28.2 24 23.6 22.3 21.9 21.6 -
2014-6-4 15:00:0023.7 17.2 23.7 22.9 1,002.9 0 67 67 331 3.8 330 3.1 325 3.6 323 3.7 334 5.5 7285 7547 25.6 25.6 22.1 22.7 22.1 21.8 21.5 -
2014-6-4 14:00:0023.2 17.2 24.1 23.2 1,003.3 0 69 62 357 3.9 347 3.3 345 2.8 332 3.7 351 7.1 6540 6568 22.7 26.3 22.7 22.7 22.3 21.7 21.4 -
2014-6-4 13:00:0024.1 16.9 24.5 23.1 1,003.2 0 64 63 343 4.1 343 3.6 320 3.5 321 3.7 324 6.7 7456 6855 26.2 30.7 23.9 24 21.9 21.4 21.3 -
2014-6-4 12:00:0023.1 17.1 23.2 22.8 1004 0 69 67 323 5.5 328 3.5 314 3.2 302 4.7 305 8.4 6719 6715 23.8 24.8 22.2 22 21.5 21.3 21.2 -
2014-6-4 11:00:0022.9 16.5 22.9 22.5 1,004.4 0 67 67 290 5.2 301 4.3 301 4.6 299 4.6 311 7.4 6714 7258 23.3 23.5 22 21.7 21.4 21.2 21.1 -
2014-6-4 10:00:0022.6 16.4 22.8 22.4 1,004.3 0 68 67 298 2.9 298 2.7 303 3.3 307 4.2 312 7.5 7032 6891 22.5 24.2 22.3 22.1 21.3 21 21 -
2014-6-4 9:00:0022.4 16.4 22.9 22.4 1,004.3 0 69 67 304 5.4 301 3.7 290 3.9 311 4.7 295 8.1 6375 7028 23.3 27.4 23 22.4 21 20.7 20.9 -
2014-6-4 8:00:0022.5 16.3 22.5 21.2 1,004.4 0 68 68 309 7.4 303 5.4 314 4.8 314 4.8 297 9 8075 7491 26.3 26.3 21.7 21.5 20.1 20.4 20.9 -
2014-6-4 7:00:0021.2 16.8 21.2 19.8 1,004.2 0 76 75 298 4 298 3.1 297 2.8 296 3 309 5.3 6844 6587 21.7 21.7 18.3 19.5 19.5 20.3 20.9 -
2014-6-4 6:00:0019.8 16.4 19.8 18.9 1,004.1 0 81 81 286 2.8 281 2 283 1.8 277 2.1 282 3.6 5715 5647 18.3 18.4 16.7 18.4 19.3 20.4 21.1 -
2014-6-4 5:00:0019 16.2 19.3 19 1004 0 84 82 273 2 277 1.3 285 1.2 296 2.6 291 4.3 5242 5323 16.7 16.7 16.6 17.9 19.4 20.5 21.2 -
2014-6-4 4:00:0019.2 16.4 19.2 18.6 1,003.8 0 84 84 302 3 306 2 304 2.3 298 2.4 296 4.2 5492 5456 16.7 16.9 16.5 18 19.6 20.7 21.4 -
2014-6-4 3:00:0018.6 17.1 19 18.6 1,003.8 0 91 88 297 2.4 294 1.8 286 1.6 272 2 274 3.1 3681 3688 16.6 16.9 16.6 18.2 19.8 20.9 21.5 -
2014-6-4 2:00:0019 17 19 18.8 1,003.5 0 88 88 285 2.1 281 1.6 284 1.8 278 2.1 294 3.7 4541 4616 16.9 17.3 16.9 18.5 20.1 21.1 21.7 -
2014-6-4 1:00:0019 17.5 19.8 19 1,004.1 0 91 85 281 1.6 281 1.4 286 1.7 279 1.9 266 3.2 3562 3453 17.3 18.2 17.3 18.9 20.4 21.4 21.8 -
2014-6-4 00:00:0019.8 17 20.2 19.8 1,004.6 0 84 81 276 2.2 274 1.5 273 1.8 300 2.7 290 4.1 4472 4548 18.2 18.2 17.9 19.3 20.6 21.6 22 -
2014-6-3 23:00:0020.2 16.8 20.6 20.2 1,004.8 0 81 80 299 3.7 298 2.9 301 2.6 304 2.9 299 5.4 5490 5271 18 18.7 18 19.5 20.9 21.8 22.1 -
2014-6-3 22:00:0020.6 17 21.1 20.6 1005 0 80 77 300 3.9 305 2.7 300 2.5 324 3.2 322 5.4 5333 5472 18.7 19.4 18.7 20.1 21.2 22 22.2 -
2014-6-3 21:00:0021.1 16.9 21.6 21.1 1005 0 77 71 327 3.6 324 2.4 321 2.1 329 4.7 328 7.4 7069 7421 19.3 19.5 19.3 20.3 21.5 22.2 22.4 -
2014-6-3 20:00:0021.6 16.3 21.8 21.6 1,004.6 0 72 71 344 7.3 340 4.5 332 3.8 321 4.8 319 8.1 9833 10225 19.5 19.8 19.4 20.5 21.8 22.4 22.5 -
2014-6-3 19:00:0021.7 16.4 22.8 21.7 1,004.3 0 72 65 330 5.7 329 3 322 3.5 324 4.9 328 8.6 11518 10936 19.8 20.6 19.8 21.1 22.3 22.7 22.6 -
2014-6-3 18:00:0022.8 15.9 23 22.8 1,003.7 0 65 65 325 5.9 333 4.2 320 3.7 324 5.2 327 8.2 13410 13716 20.6 21.6 20.6 21.9 22.7 22.9 22.6 -
2014-6-3 17:00:0023 15.8 23.5 23 1,003.3 0 64 63 305 6.6 318 5.2 322 4.7 326 4.7 325 8.1 13599 13187 21.7 24.9 21.7 22.8 23.2 23 22.6 -
2014-6-3 16:00:0023.5 16.8 24.1 23 1,002.9 0 66 59 312 4.9 305 3.1 294 3.2 328 5 329 9.2 11883 11573 24.9 26.4 22.4 23.6 23.5 23 22.5 -
2014-6-3 15:00:0024.1 15.9 24.3 23.9 1,003.1 0 60 59 334 7.9 331 4.8 307 4.4 291 5.3 304 8.7 13314 11508 26.4 29.4 26 24.9 23.6 22.8 22.4 -
2014-6-3 14:00:0023.9 16.9 23.9 23.5 1,003.3 0 65 61 318 6 303 3.4 292 4 292 4.7 283 8.6 12026 12670 28.6 28.6 26.3 24.6 23.1 22.5 22.3 -
2014-6-3 13:00:0023.6 16.6 23.6 22.3 1,003.4 0 65 64 283 5.9 284 3 292 3.4 302 4.3 310 8 12135 12603 26.8 27.8 22 23.6 22.7 22.4 22.2 -
2014-6-3 12:00:0022.6 15.9 23.1 22.3 1,003.7 0 66 65 293 5.3 295 4.2 289 3.7 280 4.1 278 7.9 10426 10395 22.8 27.5 22.8 23.6 22.7 22.3 22.1 -
2014-6-3 11:00:0022.5 16.5 22.8 22.2 1,003.9 0 69 67 275 5.4 287 3.6 285 3.9 276 4.7 275 7.7 10112 9611 24.4 27.8 23.5 23.8 22.7 22 21.9 -
2014-6-3 10:00:0022.5 16.3 22.9 21.7 1,004.1 0 68 67 293 7.2 280 5.7 274 4.6 276 4.7 275 8.2 9265 9287 26.1 28.8 24.5 24.1 22 21.7 21.8 -
2014-6-3 9:00:0021.6 16.6 21.6 21.2 1004 0 73 72 285 3.9 284 3.3 287 3.9 282 4.9 270 7.3 9108 10394 24.2 24.2 22.2 22 21.4 21.5 21.8 -
2014-6-3 8:00:0021.2 16.8 21.2 20.5 1,004.1 0 76 74 276 5.9 281 3.7 273 3.6 285 4.3 279 7.1 8818 8531 23.7 23.9 21.1 21.4 20.9 21.4 21.8 -
2014-6-3 7:00:0020.5 16.9 20.5 20.1 1,004.3 0 80 80 266 5.6 274 3.5 274 3.7 274 3.7 280 6 7437 7571 21.2 21.2 19.5 20.3 20.6 21.3 21.9 -
2014-6-3 6:00:0020.1 17.1 20.1 19.9 1,004.3 0 83 81 271 3.2 269 2.4 263 2.3 263 2.4 260 4.4 8285 7842 19.4 19.4 18.5 19.6 20.5 21.4 22.1 -
2014-6-3 5:00:0020 16.6 20.2 20 1,003.9 0 81 76 253 2.1 255 1.6 263 1.5 289 3 283 5.7 10662 11269 18.5 18.5 18.3 19.3 20.5 21.6 22.2 -
2014-6-3 4:00:0020.2 16 20.3 20.2 1,003.8 0 77 75 281 4.3 287 2.6 289 3 322 3.4 290 5.5 18104 17486 18.3 18.3 18 19.2 20.6 21.8 22.4 -
2014-6-3 3:00:0020.3 15.7 20.4 20.2 1,003.3 0 75 72 327 4.1 326 3.5 321 3.4 323 4.7 321 7.9 17204 17482 18 18.2 17.6 19.1 20.8 22 22.6 -
2014-6-3 2:00:0020.4 15.4 20.4 20.2 1,003.8 0 73 72 309 5.8 305 3.7 307 3.8 323 4.4 323 7.4 35000 32473 18.3 18.3 18.3 19.5 21.1 22.2 22.8 -
2014-6-3 1:00:0020.2 15.6 20.3 20 1,003.8 0 75 73 321 5.2 324 3.7 318 4 330 5.4 341 9.9 24836 25660 18.3 18.8 17.9 19.6 21.4 22.5 23 -
2014-6-3 00:00:0020.3 15.5 20.4 19.9 1,004.2 0 74 74 329 7.8 326 5.3 328 5 327 5 325 9.3 22276 18277 18.8 19.2 18.5 20.1 21.8 22.8 23.2 -
2014-6-2 23:00:0020.4 17.4 21.1 20.4 1,004.5 0 83 79 319 5 318 3.4 312 4.2 315 5.6 324 9 11066 12081 19.2 19.4 19.1 20.5 22.1 23.1 23.5 -
2014-6-2 22:00:0021.2 17.4 21.9 21.2 1,004.3 0 79 76 317 7.9 324 5 315 5.9 315 5.9 310 10.8 13039 12445 19.2 19.7 19 20.6 22.5 23.5 23.7 -
2014-6-2 21:00:0021.9 17.5 22.1 21.7 1,003.8 0 76 76 297 5.7 300 4.4 297 4.2 290 4.6 308 8.3 12044 12071 19.7 19.7 19.4 21.1 23 23.9 24 -
2014-6-2 20:00:0022.1 17.7 22.6 22.1 1,002.8 0 76 71 280 5.2 292 4.3 296 4.1 312 5.1 298 9.9 12786 12748 19.6 20.1 19.6 21.6 23.6 24.3 24.2 -
2014-6-2 19:00:0022.6 17.1 23.5 22.6 1,001.7 0 71 67 306 6.9 315 5.1 310 4.4 304 7.4 307 12.3 16164 16401 20.1 21.9 20.1 22.5 24.5 24.8 24.3 -
2014-6-2 18:00:0023.5 17.7 24.7 23.5 1,001.6 0 70 66 310 11.6 311 5 305 6.9 301 8.1 286 14.5 15353 15829 22 25.1 22 24.3 25.5 25.2 24.4 -
2014-6-2 17:00:0024.8 18 25.8 24.8 1,001.3 0 66 63 305 14.2 309 7.9 300 8.2 301 8.2 301 14.5 16575 14962 25.3 28.3 25.3 26.3 26.2 25.3 24.3 -
2014-6-2 16:00:0025.7 18.4 26.3 25.7 1,001.1 0 64 62 312 7.2 311 6.8 310 6.7 296 8 317 12.8 14625 14509 27.8 30.3 27.8 27.7 26.5 25.2 24.1 -
2014-6-2 15:00:0026.2 19.1 26.7 26.2 1001 0 65 61 301 5.9 295 4.5 287 6.6 298 7.8 296 13.1 12985 15690 30 32.4 29 28.6 26.5 25 23.9 -
2014-6-2 14:00:0026.4 19 26.5 26 1,000.9 0 64 63 312 8.7 306 6.1 302 5.9 290 7.2 282 11.4 12782 14261 30.8 33.1 30.3 28.7 26.1 24.7 23.7 -
2014-6-2 13:00:0026 20.3 26 24.9 1001 0 71 71 303 8.8 298 5.7 299 5.7 300 6.5 303 10.7 9340 10091 31.9 33 27.8 27.7 25.6 24.4 23.5 -
2014-6-2 12:00:0025.4 20.2 25.6 25 1,001.1 0 73 71 299 7.6 304 6.3 300 6.6 300 6.6 279 10.1 8504 8466 29.9 30.2 27.5 27.4 25.5 24.2 23.3 -
2014-6-2 11:00:0025 20.3 26.4 24.8 1,001.5 0 75 71 272 6.8 279 5.2 281 5.1 279 7.1 285 11.9 8347 8561 28.2 33 26.6 27 25.4 23.9 23 -
2014-6-2 10:00:0026.4 21.4 26.4 25.6 1,001.2 0 74 73 277 6.1 282 4.4 282 5.7 289 6.1 289 11.5 8400 8657 32.6 32.6 30 28 24.7 23.4 22.8 -
2014-6-2 9:00:0025.6 21.1 25.7 25 1,001.2 0 76 76 286 9.2 279 6.2 282 5.4 280 6.7 285 10.9 8331 7592 30.1 30.8 29.1 26.7 23.8 22.9 22.6 -
2014-6-2 8:00:0025 21.3 25 23.9 1,001.3 0 80 80 288 7.7 286 5.6 285 4.9 281 5.8 276 9.7 6894 6801 28.8 28.8 25.8 24.7 22.9 22.6 22.6 -
2014-6-2 7:00:0023.9 22 23.9 22.6 1,000.9 0 89 89 271 3.9 268 3 270 3 277 3.3 285 5.8 4488 4407 25.9 25.9 22.3 23.1 22.3 22.5 22.6 -
2014-6-2 6:00:0022.6 21.6 22.6 22.4 1,000.9 0 94 94 270 2.7 273 2.4 274 2.5 275 2.6 268 4.1 3807 3876 22.2 22.2 21.2 21.9 22.2 22.5 22.6 -
2014-6-2 5:00:0022.5 21.7 22.9 22.5 1,000.6 0.1 95 95 259 3.3 263 2.5 266 2.4 270 2.7 274 5.4 3503 3236 21.2 22.1 21.2 21.9 22.3 22.6 22.7 -
2014-6-2 4:00:0022.8 22.5 22.8 22.7 1000 0 98 98 257 2.4 258 1.5 261 1.8 252 2.1 259 3.6 2154 2108 22.1 22.1 21.8 22.2 22.4 22.6 22.7 -
2014-6-2 3:00:0022.7 22.4 22.9 22.7 999.8 0 98 98 266 2 265 1.5 264 1.5 261 1.8 261 3.1 1453 1425 21.8 22.3 21.8 22.3 22.4 22.6 22.7 -
2014-6-2 2:00:0022.8 22.5 22.8 22.7 1000 0.4 98 97 285 2.4 284 1.8 283 1.5 282 1.5 283 2.4 1791 1763 22.3 22.3 22.2 22.3 22.4 22.6 22.7 -
2014-6-2 1:00:0022.7 22.2 22.7 22.6 1000 0 97 97 214 0.9 221 0.7 233 0.7 186 2.5 213 3.7 2806 3068 22.2 22.2 22.1 22.3 22.4 22.6 22.8 -
2014-6-2 00:00:0022.6 22.1 22.6 22.3 1,000.2 0 97 97 189 3.9 188 2.9 184 2.5 159 3.5 161 6.4 4637 4645 22.1 22.1 21.9 22.2 22.4 22.7 22.8 -
2014-6-1 23:00:0022.3 21.8 22.3 22.2 1,000.7 0 97 97 151 2.4 151 2.4 149 3.2 144 4.8 151 7.4 4422 4744 21.9 21.9 21.8 22.1 22.4 22.7 22.8 -
2014-6-1 22:00:0022.2 21.7 22.3 22.2 1001 0 97 96 147 4.4 142 3.1 134 3.2 141 4.1 145 7.1 6270 6980 21.9 21.9 21.8 22.1 22.4 22.8 22.9 -
2014-6-1 21:00:0022.2 21.7 22.3 22.2 1,001.6 3 97 94 122 4.1 125 2.5 138 3.7 147 4.7 141 7.2 5125 3564 21.8 21.8 21.7 22.2 22.5 22.8 23 -
2014-6-1 20:00:0022.2 21.2 22.2 22 1,001.3 0 94 94 144 6.7 147 4.6 146 4.7 144 5.4 146 8.8 19590 20331 21.7 21.9 21.7 22.2 22.6 22.9 23 -
2014-6-1 19:00:0022 21.2 22.4 22 1,001.1 0 95 94 146 6.7 149 4.2 151 4.5 155 6.1 155 9.8 24279 20810 21.9 22.6 21.9 22.4 22.7 22.9 23.1 -
2014-6-1 18:00:0022.3 21.3 22.3 21.8 1,000.7 0 94 94 158 9.3 159 6.9 155 5.7 155 5.7 161 10.6 23857 23527 22.7 22.7 22.2 22.5 22.6 23 23.1 -
2014-6-1 17:00:0021.8 21.1 21.8 21.6 1,001.3 1.4 96 96 150 5.8 155 4.2 155 4.8 155 6.3 153 10.4 12733 13964 22.2 22.2 21.7 22.2 22.7 23.1 23.2 -
2014-6-1 16:00:0021.6 20.9 21.6 21.5 1,002.6 13.3 96 96 159 7.5 158 5.5 157 6.4 157 6.5 158 10.3 6632 5505 21.8 21.8 21.4 22.2 22.9 23.3 23.4 -
2014-6-1 15:00:0021.6 20.9 22.3 21.6 1,003.3 8.6 96 90 162 7 159 5.2 162 6.6 154 8 149 14.9 2373 2398 21.4 22.9 21.4 22.8 23.2 23.4 23.4 -
2014-6-1 14:00:0022.2 20.7 22.2 21.9 1,003.2 0 91 91 151 10.2 149 6.7 152 7.1 148 8 140 12.4 14525 14663 22.8 23.7 22.6 23.2 23.4 23.5 23.4 -
2014-6-1 13:00:0022.2 20.8 22.2 22.1 1,003.9 0 92 92 144 9.9 147 7.9 146 7.3 139 8 145 12.2 14345 13049 23.7 24.6 23.7 23.6 23.4 23.4 23.4 -
2014-6-1 12:00:0022.1 20.9 22.1 21.7 1,004.4 1.6 93 93 136 9.5 137 8.1 141 7.5 143 7.9 147 13 13827 14947 24.4 25 22.4 23.5 23.2 23.4 23.5 -
2014-6-1 11:00:0021.8 20.8 21.8 21.6 1,005.5 1.3 94 94 142 11.7 147 6.9 145 6.9 144 6.9 142 11.7 11188 11837 23.1 23.9 22.8 23.2 23.2 23.4 23.5 -
2014-6-1 10:00:0021.7 21 21.7 21.6 1,005.8 1.8 96 95 141 11.6 141 6.4 143 5.7 143 6.8 141 11.6 12452 6630 23.3 23.3 22.1 23 23.1 23.4 23.6 -
2014-6-1 9:00:0021.7 20.9 22.2 21.7 1,006.5 1.3 95 89 138 6.4 145 4.3 146 5 142 6.8 141 10.6 11933 6429 22.6 23.7 22.1 22.9 23.1 23.5 23.7 -
2014-6-1 8:00:0022.2 20.5 22.2 22 1,006.5 0 90 89 144 9.3 143 6.7 143 6.4 140 6.4 141 10.6 12898 13258 23.6 23.6 22.5 22.8 23.1 23.5 23.8 -
2014-6-1 7:00:0022 20.3 22 21.7 1,006.6 0 90 90 147 6.6 147 5.3 144 6.1 146 6.4 146 9.8 12237 11993 22.7 22.7 21.6 22.6 23 23.6 23.9 -
2014-6-1 6:00:0021.7 20.2 21.7 21.4 1007 0 91 91 140 5.3 143 3.7 139 4 139 4.9 139 8.9 9456 10150 21.6 21.6 20.9 22.3 23.1 23.8 24 -
2014-6-1 5:00:0021.5 20 21.7 21.5 1,007.2 0.1 91 87 142 8.5 143 4.6 145 4.5 149 5.7 139 8.6 11367 9340 20.9 21 20.8 22.2 23.3 23.9 24.2 -
2014-6-1 4:00:0021.7 19.4 21.7 21.4 1,007.4 0 87 86 145 7 148 5.6 151 4.8 151 4.8 156 7.6 9954 14625 20.9 21.2 20.9 22.4 23.5 24.1 24.3 -
2014-6-1 3:00:0021.4 19.7 21.4 21.1 1,007.5 0 90 90 164 4.9 162 4.1 157 3.8 162 5.5 158 8.5 13875 13986 21.2 21.2 20.9 22.6 23.7 24.4 24.5 -
2014-6-1 2:00:0021.2 20 21.2 21.2 1,007.7 0.3 93 92 160 7 161 5.3 160 4.8 154 5.5 161 8.5 11312 10923 20.9 21.2 20.9 22.8 24 24.6 24.7 -
2014-6-1 1:00:0021.2 20 21.6 21.2 1,008.8 0.2 93 89 164 6.6 155 4.6 156 4.7 154 5.8 148 9.1 9414 9108 21.2 22 21.2 23.2 24.3 24.8 24.9 -
