2014-7-1 1:00:0022.1 19.3 22.4 22 1,009.6 0 84 82 172 3.1 171 2 161 1.5 159 1.5 172 3.1 5522 5774 20.7 20.9 20.7 21.7 22.6 23.3 23.7 23.8
2014-7-1 00:00:0022.4 19.2 22.6 22.4 1,010.1 0 82 80 160 1.4 168 1.4 184 1.4 188 2.3 193 3.4 5717 6128 20.9 20.9 20.8 21.8 22.8 23.5 23.8 23.8
2014-6-30 23:00:0022.5 18.9 22.7 22.4 1,010.4 0 80 79 187 2.4 185 2.1 189 2.4 179 2.9 191 5.1 6656 6715 20.8 21 20.7 22 23 23.7 24 23.8
2014-6-30 22:00:0022.7 19.3 22.8 22.6 1,010.6 0 81 80 176 3.4 179 3.1 182 2.7 184 2.7 182 4.2 5702 5697 21 21.2 21 22.3 23.3 23.9 24.2 23.8
2014-6-30 21:00:0022.7 19.5 22.9 22.7 1,010.3 0 82 80 160 2.8 156 2.3 155 2.4 175 2.4 169 3.9 3688 3685 21.2 21.5 21.2 22.6 23.6 24.2 24.3 23.8
2014-6-30 20:00:0022.9 19.3 23.4 22.9 1,010.2 0 80 76 179 2.9 174 2.3 172 2 170 2.6 170 4.6 3527 3486 21.5 21.7 21.5 22.9 24 24.5 24.5 23.8
2014-6-30 19:00:0023.4 18.7 24.3 23.4 1,009.7 0 75 68 161 3.7 157 2.4 155 2 185 3.2 183 4.4 4393 4489 21.7 23.2 21.7 23.5 24.5 24.8 24.7 23.7
2014-6-30 18:00:0024.3 18 25.1 24.3 1,009.9 0 68 59 190 4.2 191 2.9 198 2.9 182 3.7 185 5.3 6253 6483 23.1 23.5 22.7 24.1 25 25.1 24.8 23.7
2014-6-30 17:00:0025.2 16.9 26.1 25.2 1,009.4 0 60 49 186 2 204 2 209 2.3 185 3.4 182 4.8 13733 16029 23.5 24.1 23.4 24.8 25.6 25.5 24.9 23.7
2014-6-30 16:00:0026.1 15.5 27 26.1 1,009.2 0 52 49 187 4.5 188 3.6 176 3.1 186 3.6 189 5.5 18284 18375 24.1 26.8 24.1 26 26.4 25.7 24.8 23.7
2014-6-30 15:00:0027 15.7 28.1 27 1,009.2 0 50 42 202 3.5 192 2.6 211 2.7 229 3.4 207 5.3 17277 20141 26.7 30.3 26.7 27.7 26.9 25.7 24.6 23.7
2014-6-30 14:00:0028 15.3 28.4 27.7 1,009.6 0 46 43 215 3.5 221 2.4 233 2.3 241 3.5 235 4.9 33103 21844 30 32.8 30 28.9 26.9 25.4 24.4 23.7
2014-6-30 13:00:0027.9 16.5 28.2 26.9 1,009.5 0 50 47 238 4.9 247 3.7 243 3.3 243 3.3 247 5.5 16336 17173 31.8 36.5 31.7 29.4 26.5 24.9 24.1 23.7
2014-6-30 12:00:0026.9 16.8 27 26.3 1010 0 54 50 236 3.5 231 2.7 233 2.4 235 3.3 248 5.3 17860 17296 32.3 34.5 31.7 28.3 25.6 24.3 23.8 23.7
2014-6-30 11:00:0026.2 15.6 26.2 25.2 1,010.2 0 52 52 210 2.9 204 2.6 209 2.6 226 3.7 226 5.4 15966 17977 32.6 32.6 28.2 26.6 24.6 23.9 23.7 23.7
2014-6-30 10:00:0025.2 19.3 25.2 24.5 1,009.9 0 70 65 222 3.6 219 3.1 222 2.5 212 3.5 197 6 5373 5692 28.3 28.4 25.3 24.9 23.9 23.7 23.7 23.7
2014-6-30 9:00:0024.6 19.2 24.6 23.6 1,009.4 0 72 70 195 1.2 200 1 207 2 181 3.4 183 5 6561 5985 25.2 25.2 23.7 23.8 23.5 23.6 23.7 23.7
2014-6-30 8:00:0023.6 21.1 23.6 23.1 1,009.1 0.3 86 86 179 4.4 182 3.7 183 3.4 184 3.4 186 6.4 3997 3821 23.6 23.6 23 23.3 23.4 23.6 23.7 23.7
2014-6-30 7:00:0023.1 21.4 23.1 22.7 1,009.2 0.1 90 90 174 3.4 176 2.9 169 2.6 169 2.6 177 4.1 3807 3163 23.2 23.2 22.6 23.1 23.3 23.6 23.8 23.7
2014-6-30 6:00:0022.7 21.5 22.7 22.5 1,009.6 0.4 93 91 247 1.2 242 1 257 0.6 170 1.1 175 1.8 1975 2214 22.6 22.6 22.2 22.8 23.4 23.7 23.9 23.7
2014-6-30 5:00:0022.6 21.1 22.8 22.5 1,008.8 0 91 91 213 0.9 205 0.8 160 0.5 127 1.4 110 2 3264 3427 22.2 22.3 22.2 22.9 23.5 23.9 24 23.7
2014-6-30 4:00:0022.8 21.4 23.2 22.7 1,008.9 1.3 92 91 139 1.4 138 1 155 1.2 158 1.2 162 1.8 2782 2669 22.3 22.4 22.3 23.1 23.6 24 24.1 23.7
2014-6-30 3:00:0023.2 21.6 23.5 23.2 1,008.9 0.3 91 85 - 0.1 - 0.1 - 0.2 199 0.8 194 0.4 1769 2295 22.5 22.5 22.5 23.2 23.8 24.1 24.2 23.7
2014-6-30 2:00:0023.5 20.6 23.6 23.2 1,008.4 0 84 84 193 0.5 192 0.5 202 0.9 249 1.7 243 2.4 3976 4185 22.5 22.7 22.5 23.3 23.9 24.3 24.4 23.7
2014-6-30 1:00:0023.6 21.5 24.4 23.6 1008 0.2 88 78 - 0 - 0 - 0 192 1.7 202 2.2 2625 2886 22.7 22.7 22.5 23.4 24.1 24.5 24.5 23.6
2014-6-30 00:00:0024.3 20.2 24.9 24.3 1,008.1 0 78 72 183 2.6 176 1.8 174 1.2 209 1.7 216 2.8 4920 5043 22.6 22.7 22.5 23.5 24.3 24.7 24.7 23.6
2014-6-29 23:00:0024.9 19.5 25.4 24.9 1,008.5 0 72 68 169 0.8 175 0.7 185 0.9 188 2.6 185 4.1 5397 5473 22.6 22.8 22.6 23.7 24.6 25 24.9 23.6
2014-6-29 22:00:0025.5 19.4 25.9 25.5 1,008.4 0 69 64 208 3.3 201 2 189 2.7 189 2.9 184 5.2 4930 5067 22.7 23.3 22.7 24.1 25.1 25.3 25.1 23.5
2014-6-29 21:00:0025.9 18.8 26.7 25.9 1,008.2 0 65 65 180 3.4 181 2.8 179 2.7 184 3 184 4.5 5943 5935 23.3 24 23.3 24.9 25.6 25.7 25.2 23.5
2014-6-29 20:00:0026.7 20.5 27.2 26.7 1,007.3 0 69 67 160 3.4 168 2.9 177 2.7 179 2.8 182 4.9 5476 5308 24 25 24 25.5 26.2 26 25.3 23.4
2014-6-29 19:00:0027.3 20.6 28.1 27.3 1,006.8 0 67 64 154 3.2 146 2.3 149 1.8 127 1.8 154 3.2 5054 4891 25 26.4 25 26.5 26.8 26.3 25.4 23.3
2014-6-29 18:00:0028.1 20.7 28.8 28.1 1,006.3 0 64 60 117 1.5 119 1.3 119 1.1 124 2.1 106 3.7 5339 5252 26.4 28.2 26.4 27.5 27.4 26.5 25.4 23.3
2014-6-29 17:00:0028.9 20.4 29.2 28.9 1006 0 60 55 96 2.9 105 2.1 81 1.5 84 1.9 84 3 3002 3347 28.2 30 28.2 28.6 27.8 26.6 25.3 23.2
2014-6-29 16:00:0029.2 19.5 29.4 29.1 1,006.3 0 56 55 86 2.2 87 2 80 1.5 82 2.3 83 3.7 3668 3572 30.1 32.4 30.1 29.5 28.1 26.5 25.1 23.2
2014-6-29 15:00:0029.3 21 29.3 28.8 1,006.3 0 61 61 88 2.3 89 2.1 77 2.4 71 2.9 78 4.5 3135 3104 32.6 33.3 31.2 30.1 28.2 26.3 24.8 23.1
2014-6-29 14:00:0028.9 21.1 30 28.9 1,006.7 0 63 54 67 2.2 56 2 59 2.8 63 3 44 4.4 3343 3242 31.1 36.1 31 30.6 28.3 26 24.4 23.1
2014-6-29 13:00:0030 20.3 30.1 29.1 1007 0 56 54 288 2.5 293 1.7 311 1.2 243 2.3 216 4 3595 3674 35.5 37.5 35.5 31.5 27.7 25.3 24 23.1
2014-6-29 12:00:0029.2 20.1 29.2 28.4 1,007.2 0 58 57 224 3.4 220 2.8 240 2.4 234 2.6 217 4.4 3650 3724 36.4 36.6 33.8 30.2 26.6 24.6 23.6 23.1
2014-6-29 11:00:0028.4 20.2 28.4 27.1 1,007.5 0 61 60 240 2.8 219 2.3 215 2.3 211 2.3 229 3.8 3959 4114 35.4 35.4 29.7 28.5 25.4 24 23.4 23.1
2014-6-29 10:00:0027.2 20 27.2 26.3 1,007.8 0 65 62 207 2.3 222 2.1 215 1.9 221 2.4 214 3.5 4723 4797 30.8 33 29.3 27.2 24.5 23.5 23.2 23.1
2014-6-29 9:00:0026.3 18.9 26.3 24.1 1,007.6 0 64 62 259 2.8 254 2.1 254 2.2 241 2.4 246 3.7 7189 6714 29.6 29.8 25.1 25.4 23.5 23.1 23.1 23.1
2014-6-29 8:00:0024.1 19.4 24.1 23.1 1,007.5 0 75 75 232 1.9 234 1.9 247 1.3 229 2.1 244 3.2 4582 4220 25 25 24 23.5 23 23 23.1 23.1
2014-6-29 7:00:0023.1 19.9 23.1 21.7 1,007.1 0.1 82 82 232 1.2 268 0.7 224 0.5 235 0.5 238 1.4 4029 3746 24.1 24.2 21.9 22.7 22.6 22.9 23.2 23.1
2014-6-29 6:00:0021.6 20.4 21.6 21.2 1,007.1 0 93 93 - 0 - 0 234 0.3 217 0.3 255 1.4 3322 2789 21.9 21.9 21 22 22.6 23.1 23.3 23.1
2014-6-29 5:00:0021.2 20 21.6 21.2 1,006.7 0 93 92 - 0 - 0 - 0 280 0.7 256 1 1873 2721 21 21 20.9 22 22.8 23.2 23.4 23.1
2014-6-29 4:00:0021.5 20.1 22.1 21.5 1,006.6 0 92 89 - 0 - 0 - 0 249 0.8 236 1.5 2280 2374 21.1 21.4 21.1 22.2 23 23.4 23.5 23.1
2014-6-29 3:00:0022.1 20.7 22.5 22.1 1,006.7 0 92 90 - 0 - 0 - 0 - 0.2 250 0.9 2632 2466 21.4 22 21.4 22.6 23.3 23.6 23.7 23.1
2014-6-29 2:00:0022.5 20.8 22.9 22.5 1,006.6 0 90 87 - 0 - 0 - 0 230 0.4 258 0.6 2728 2897 22 22.1 22 22.8 23.5 23.8 23.8 23
2014-6-29 1:00:0023 20.7 23.4 23 1,007.2 0 87 86 226 0.3 - 0.1 231 0.5 238 1.7 231 2.9 3061 3104 22 22.6 22 23.1 23.7 24 23.9 23
2014-6-29 00:00:0023.4 21.1 23.8 23.4 1,007.6 0 87 86 244 1.5 244 1.3 240 1.2 222 1.4 217 2.3 3281 3342 22.6 22.9 22.6 23.5 23.9 24.1 24 22.9
2014-6-28 23:00:0023.8 21.5 24.1 23.8 1,007.9 0 87 85 216 1.6 216 1.2 221 1.1 223 2.8 223 4 3449 3524 22.9 23.1 22.9 23.7 24.2 24.3 24.2 22.9
2014-6-28 22:00:0024.1 21.6 24.4 24.1 1,007.8 0 86 85 223 3.1 220 2.8 221 2.6 229 2.9 229 4.6 3113 3022 23.1 23.2 23.1 24 24.5 24.6 24.3 22.8
2014-6-28 21:00:0024.3 21.6 24.5 24 1,007.3 0 85 85 228 3.5 230 2.8 237 2.1 216 2.6 216 4.2 2858 2598 23.2 23.9 23.2 24.3 24.8 24.8 24.4 22.8
2014-6-28 20:00:0024 23 24 23.3 1,006.6 0 94 91 225 2.4 226 2 201 1.4 154 2.1 161 3.1 1177 1308 23.9 24 23.8 24.7 25.2 25.1 24.5 22.7
2014-6-28 19:00:0023.3 21.9 25.9 23.2 1006 16.1 92 77 156 2.1 156 1.6 149 1.5 4 3.7 8 5.9 1608 1533 23.8 25.3 23.3 24.9 25.5 25.2 24.6 22.6
2014-6-28 18:00:0026 21.7 27.1 26 1,005.3 0 77 75 101 2.7 100 2.4 84 2.2 74 2.3 192 4 2893 2887 25.3 26.6 25.3 26.7 26.8 25.9 24.6 22.5
2014-6-28 17:00:0027.1 22.3 29 27.1 1,004.9 0 75 65 167 2.1 163 1.7 152 2.2 218 4.1 207 7.7 2834 2679 26.6 30.2 26.6 28 27.5 26 24.4 22.5
2014-6-28 16:00:0029 22.3 29.7 29 1,004.7 0 67 60 227 4.2 235 3.3 234 3.5 234 3.5 234 5.1 2389 2335 30.4 33.8 30.4 30.1 28 25.9 24.1 22.5
2014-6-28 15:00:0029.6 21.5 29.8 29.4 1,005.3 0 62 57 199 2.1 199 1.6 188 1.2 223 1.2 206 2.8 2911 3054 33.6 35.2 33.6 31 27.8 25.4 23.7 22.4
2014-6-28 14:00:0029.4 20.8 29.5 28.7 1,005.8 0 60 59 - 0.2 - 0.2 359 0.9 44 2 5 3.3 3659 3549 34.6 35.9 34.6 31 27.2 24.8 23.3 22.4
2014-6-28 13:00:0028.7 20.7 28.7 27.8 1006 0 62 62 317 0.7 326 0.5 324 1.2 328 1.8 289 3.1 3242 3082 35.6 35.6 33.3 30 26.3 24.1 22.8 22.4
2014-6-28 12:00:0027.9 21.4 27.9 27 1,006.4 0 68 67 309 0.8 336 0.4 316 0.6 230 1.6 243 2.6 2997 3038 33.6 33.9 32.3 28.7 25.3 23.4 22.4 22.4
2014-6-28 11:00:0027 21.5 27.2 25.6 1,006.9 0 72 70 231 2.8 238 1.7 227 1.5 250 1.9 248 3.1 3007 3143 32.8 34 27.4 27.5 24.2 22.8 22.1 22.4
2014-6-28 10:00:0025.7 21.8 25.7 24.9 1,007.2 0 79 77 - 0 - 0 250 0.6 228 2.6 234 3.8 2992 2939 27.8 31.4 27.8 26 23.6 22.2 21.8 22.5
2014-6-28 9:00:0024.9 21.4 25.1 23.5 1,006.9 0 81 81 235 2.8 239 2.4 259 2.1 235 2.4 240 3.9 2509 2597 29.7 29.8 27.2 24.9 22.4 21.7 21.6 22.5
2014-6-28 8:00:0023.5 21.6 23.5 21.7 1,006.8 0 89 89 241 2.2 238 1.5 233 1.9 230 2.1 228 3.1 3050 2758 27.1 27.1 23.5 22.9 21.4 21.3 21.6 22.5
2014-6-28 7:00:0021.7 21.2 21.7 20.5 1,006.8 0 97 97 239 2.3 232 1.1 225 1.1 220 1.3 239 2.3 2447 2181 23.5 23.5 20.3 21 20.7 21.1 21.6 22.5
2014-6-28 6:00:0020.4 19.9 20.4 19.9 1,006.9 0 97 97 - 0 - 0 - 0 188 0.8 191 1.1 1593 1363 20.2 20.2 18.9 20 20.5 21.2 21.7 22.6
2014-6-28 5:00:0019.9 19.4 20 19.8 1,006.2 0 97 97 156 0.6 156 0.5 - 0.1 204 0.7 207 1 773 789 18.9 18.9 18.8 19.7 20.6 21.3 21.8 22.6
2014-6-28 4:00:0019.9 19.4 20 19.8 1,006.1 0 97 97 204 0.6 202 0.4 230 0.3 255 0.8 347 1 974 745 18.7 18.7 18.7 19.7 20.7 21.5 22 22.6
2014-6-28 3:00:0019.9 19.4 19.9 19.7 1,006.1 0 97 97 270 0.4 263 0.3 252 0.8 253 1.2 263 1.5 1290 1482 18.7 18.7 18.6 19.8 20.9 21.6 22.1 22.6
2014-6-28 2:00:0019.8 19.3 20 19.8 1,006.3 0 97 96 - 0 - 0 - 0 260 0.6 257 0.8 1660 1575 18.7 18.9 18.7 20 21.1 21.8 22.3 22.6
2014-6-28 1:00:0020 19.3 20.2 19.9 1,006.5 0 96 96 - 0.2 - 0.2 277 0.4 255 1.1 245 1.3 2832 2580 18.9 19.1 18.9 20.2 21.3 22.1 22.4 22.6
2014-6-28 00:00:0020 19.3 20.3 20 1,007.2 0 96 95 284 1 282 0.8 265 0.7 265 0.7 264 1 3585 3537 19 19.4 19 20.5 21.7 22.3 22.6 22.6
2014-6-27 23:00:0020.3 19.5 20.9 20.3 1,007.4 0 95 93 - 0 - 0 - 0.2 190 0.7 187 1.1 2678 2903 19.5 20.1 19.5 21 22.1 22.5 22.7 22.6
2014-6-27 22:00:0020.9 19.7 21.5 20.9 1,007.3 0 93 91 - 0 - 0 - 0 - 0.1 - 0.1 4085 3964 20.1 20.9 20.1 21.6 22.4 22.8 22.8 22.6
2014-6-27 21:00:0021.6 20.1 22 21.6 1,007.1 0 91 89 - 0 - 0 - 0.1 86 1 63 1.6 10722 10215 20.9 21.4 20.9 22.1 22.8 23 22.9 22.5
2014-6-27 20:00:0022.1 20.2 22.4 22.1 1,006.9 0 89 87 83 0.9 91 0.5 118 0.6 92 2 75 3.3 10114 9868 21.4 22.1 21.4 22.5 23.1 23.1 22.9 22.5
2014-6-27 19:00:0022.4 20.1 22.9 22.4 1,006.4 0 87 87 109 2.5 107 1.9 93 2 72 2.6 77 4 17290 16810 22.1 23.3 22.1 23.2 23.4 23.3 22.9 22.5
2014-6-27 18:00:0022.9 20.8 23.1 22.9 1,006.2 0 88 87 64 4.1 68 2.7 79 2.1 74 2.6 97 4.2 10246 10038 23.3 23.8 23.3 23.7 23.6 23.3 22.9 22.5
2014-6-27 17:00:0023 20.9 23.1 23 1,006.1 0 88 88 84 2.4 87 1.9 89 1.8 74 2.3 55 4 12988 13453 23.8 24 23.7 24 23.8 23.4 22.9 22.5
2014-6-27 16:00:0023.1 21 23.5 23.1 1,005.8 0 88 84 73 2.2 73 1.7 74 2.1 65 2.6 70 4 11700 13239 23.8 25.7 23.8 24.5 24.1 23.4 22.8 22.5
2014-6-27 15:00:0023.4 20.9 23.7 23.3 1,005.8 0 86 83 82 1.7 80 1.1 68 1.9 58 2.4 65 3.8 27697 30378 25.4 27.3 25.4 25.1 24.1 23.2 22.6 22.5
2014-6-27 14:00:0023.6 20.9 23.8 23.5 1006 0 85 83 27 1.7 48 1.1 64 2.2 64 2.8 67 4.4 32319 31299 26.7 28.4 26.6 25.4 23.8 22.9 22.5 22.5
2014-6-27 13:00:0023.6 21.1 23.6 23 1006 0 86 85 35 3.2 46 2.3 50 1.8 66 3.3 65 4.7 35000 23524 28 28 24.8 24.4 23.3 22.7 22.3 22.5
2014-6-27 12:00:0023.4 20.9 23.5 22.8 1,006.2 0 86 86 48 2.8 48 2 52 1.3 44 2.6 36 4.4 27051 24938 26.2 26.3 24.8 24.1 23 22.5 22.2 22.5
2014-6-27 11:00:0022.9 21 22.9 22.5 1,006.5 0 89 88 69 3.4 71 2.6 54 2 40 2.5 61 4.6 24021 22893 25.5 25.5 23.8 23.5 22.7 22.3 22.1 22.5
2014-6-27 10:00:0022.8 21.1 22.8 22.2 1,006.2 0 90 89 52 1 42 0.9 45 1.5 25 2.6 24 4.6 35000 30325 24.8 24.8 23.8 23.1 22.4 22.1 22.1 22.5
2014-6-27 9:00:0022.2 20.8 22.2 21.9 1,005.9 0 92 92 49 2.5 40 1.9 45 1.8 52 2.2 66 3.8 20427 16977 23.8 23.8 22.7 22.5 22.1 22 22 22.5
2014-6-27 8:00:0021.9 20.7 21.9 21.7 1,005.9 0 93 93 20 2.1 25 1.7 24 1.9 45 2.3 34 4.1 16560 14474 22.9 23.1 22 22.2 21.9 21.9 22 22.5
2014-6-27 7:00:0021.7 20.9 21.7 21.6 1,005.4 0 95 94 53 0.9 29 0.6 23 1.1 31 1.9 22 3.6 11822 10904 22 22 21.5 21.8 21.8 21.9 22 22.5
2014-6-27 6:00:0021.6 20.8 21.6 21.4 1,004.5 0 95 95 46 1.9 40 1.4 52 1.4 40 2.3 24 3.8 15646 16010 21.5 21.6 21.2 21.5 21.7 21.9 22.1 22.6
2014-6-27 5:00:0021.4 20.6 21.4 21.3 1,003.8 0 95 95 46 1 47 0.8 52 0.7 49 1.8 32 3.3 18644 19038 21.2 21.2 21.2 21.5 21.8 22 22.1 22.6
2014-6-27 4:00:0021.3 20.5 21.3 21.3 1,003.5 0 95 95 47 2.3 53 1.6 67 1.3 45 1.9 32 4.1 35000 35000 21.2 21.3 21.2 21.5 21.8 22 22.1 22.6
2014-6-27 3:00:0021.3 20.6 21.4 21.3 1,003.6 0.1 96 96 32 2.7 40 1.4 43 1.1 37 1.9 42 4 30645 24590 21.3 21.4 21.3 21.6 21.9 22.1 22.2 22.6
2014-6-27 2:00:0021.4 20.9 21.4 21.3 1,003.9 0.5 97 97 38 2.4 43 1.8 39 1.5 55 1.9 65 3.3 8733 9765 21.3 21.4 21.3 21.6 21.9 22.1 22.2 22.6
2014-6-27 1:00:0021.4 20.9 21.4 21.4 1,004.1 1 97 97 39 1.9 51 1.2 47 1.1 58 1.7 33 3.7 5918 4501 21.4 21.5 21.4 21.7 22 22.2 22.3 22.6
2014-6-27 00:00:0021.4 20.9 21.5 21.4 1,004.2 3.9 97 97 62 1.3 59 1.2 58 1.7 57 3.1 59 4.7 5966 3902 21.4 21.5 21.4 21.8 22 22.2 22.3 22.6
2014-6-26 23:00:0021.5 21 21.6 21.5 1,004.3 3.4 97 97 51 4.6 57 3.5 57 3 57 3 66 4.6 4483 7305 21.5 21.7 21.5 21.9 22.2 22.3 22.4 22.6
2014-6-26 22:00:0021.6 21.1 21.8 21.6 1,004.6 0.1 97 96 57 3.1 62 2.4 54 2.4 62 3.1 62 5.1 4183 4461 21.7 21.8 21.7 22.1 22.3 22.4 22.4 22.6
2014-6-26 21:00:0021.8 21.1 22.1 21.8 1,004.4 0.2 96 96 53 4.2 57 3.1 57 2.4 64 2.6 53 4.2 3423 3419 21.8 22.1 21.8 22.2 22.4 22.4 22.4 22.6
2014-6-26 20:00:0022.1 21.4 22.2 22.1 1,004.2 1.1 96 96 50 3.1 57 2.5 65 2 66 2 64 3.7 19745 18917 22.1 22.3 22.1 22.4 22.5 22.5 22.4 22.7
2014-6-26 19:00:0022.2 21.5 22.2 22.1 1004 0.9 96 96 59 1.9 61 1.2 56 1.4 60 2.4 63 3.6 8333 9226 22.3 22.8 22.3 22.6 22.6 22.5 22.4 22.7
2014-6-26 18:00:0022.1 21.4 22.2 22.1 1,003.2 0.1 96 96 70 3.7 63 2.6 60 2.5 67 2.8 84 4.6 35000 35000 22.8 23.1 22.8 22.8 22.6 22.4 22.3 22.7
2014-6-26 17:00:0022.2 21.5 22.2 21.9 1,003.3 2.8 96 96 71 4 76 2.2 65 2.3 55 2.4 61 4.4 14756 11147 23 23 22.3 22.6 22.5 22.4 22.3 22.7
2014-6-26 16:00:0022 21.3 22 21.9 1,004.1 15 96 95 321 2.8 320 1.8 296 2.3 90 2.6 85 4.4 5765 3964 22.3 22.9 22.3 22.6 22.5 22.4 22.3 22.7
2014-6-26 15:00:0022 21.2 22 21.8 1,003.4 4.9 95 95 109 3 98 2.3 102 2.5 89 3.3 88 5.9 3511 5275 22.9 23.1 22.8 22.8 22.5 22.4 22.3 22.7
2014-6-26 14:00:0021.9 21.1 21.9 21.8 1,003.3 5.1 95 95 96 4.2 93 2.8 90 3.3 94 3.7 88 6.4 6280 7409 22.9 22.9 22.7 22.6 22.4 22.3 22.2 22.7
2014-6-26 13:00:0021.8 21 22 21.8 1,004.2 3.2 95 95 80 3.9 80 2.6 77 2.3 90 2.7 82 5 5684 5417 22.8 23.2 22.8 22.6 22.3 22.2 22.1 22.8
2014-6-26 12:00:0022 21.2 22.1 21.9 1,004.3 3.4 95 95 105 3.9 99 2.6 98 2.3 104 3.4 107 6.5 10718 6931 23.1 23.1 22.5 22.5 22.1 22.1 22.1 22.8
2014-6-26 11:00:0021.8 21.1 21.8 21.6 1005 5.5 96 94 91 2.8 89 1.9 82 1.9 89 2.7 89 4.5 8449 6962 22.5 22.5 21.8 22.1 22 22 22.1 22.8
2014-6-26 10:00:0021.7 20.7 21.9 21.7 1,005.1 4.6 94 94 89 4 96 2.3 89 2.5 86 3.2 90 5.8 1935 2659 21.8 22.7 21.8 22.2 22 21.9 22 22.8
2014-6-26 9:00:0021.7 20.9 21.8 21.2 1,004.6 0.4 95 95 57 4.1 61 3.4 65 3 58 3.5 62 6 35000 28312 22.7 23.2 21.8 22.3 21.8 21.8 22 22.9
2014-6-26 8:00:0021.3 20.6 21.4 21.3 1,005.5 6.7 96 95 61 5.2 58 3.5 62 3 62 3 66 5.3 10739 5236 21.8 21.8 21.3 21.5 21.5 21.7 22 22.9
2014-6-26 7:00:0021.4 20.6 21.4 21 1,005.1 0.1 95 95 85 3.7 73 2.3 82 2.2 80 2.9 87 5.4 16224 14690 21.3 21.3 20.9 21.3 21.4 21.7 22 22.9
2014-6-26 6:00:0021.1 20.3 21.1 21 1005 0.8 95 95 78 2.9 72 2.6 77 2.6 80 3 82 5.5 7857 6759 20.9 20.9 20.7 21.1 21.4 21.8 22 22.9
2014-6-26 5:00:0021 20.2 21 20.8 1,005.1 0.4 95 95 75 2.3 78 2.2 77 2.3 71 3 68 5.4 9201 8749 20.7 20.7 20.6 21 21.4 21.8 22.1 23
2014-6-26 4:00:0020.8 20 20.9 20.7 1,004.8 0.7 95 95 77 3.7 76 2.7 73 2.8 64 3.7 68 6.1 11403 10020 20.6 20.6 20.5 21 21.4 21.8 22.1 23
2014-6-26 3:00:0020.9 20.1 21.1 20.9 1,004.9 0.4 95 92 59 4.6 68 3.3 68 3.2 74 3.4 70 5.7 5447 5892 20.6 20.6 20.5 21 21.4 21.8 22.2 23
2014-6-26 2:00:0021.1 19.7 21.1 21 1,005.3 0 92 92 108 4.1 107 3.1 103 3.2 93 3.5 99 6.2 15542 16884 20.5 20.5 20.5 21 21.4 21.9 22.2 23
2014-6-26 1:00:0021 19.8 21 20.8 1006 0 93 92 64 2.8 73 1.9 89 2.3 91 3.4 89 6 12044 13971 20.5 20.5 20.3 20.9 21.4 21.9 22.3 23.1
2014-6-26 00:00:0020.8 19.5 20.8 20.4 1,006.5 0 92 92 102 3.1 103 2.5 103 2.6 93 3.3 85 6.5 19157 17149 20.3 20.3 20.1 20.8 21.4 21.9 22.3 23.1
2014-6-25 23:00:0020.4 19.2 20.4 20 1007 0.2 93 93 105 3.2 105 2.5 96 2.5 93 3.6 81 6.5 16096 14861 20.1 20.1 19.9 20.8 21.5 22 22.4 23.1
2014-6-25 22:00:0020 18.8 20.3 20 1,007.3 0.6 93 92 87 5.6 88 3.4 92 3.5 92 3.6 102 6.9 10107 8952 19.9 20.2 19.9 20.9 21.7 22.2 22.6 23.1
2014-6-25 21:00:0020.3 19.1 20.4 20.3 1,007.3 0.3 93 92 95 3.8 99 2 104 2.6 106 4.2 105 7.3 12006 13014 20.2 20.6 20.2 21.2 21.9 22.4 22.8 23.1
2014-6-25 20:00:0020.4 19.2 20.7 20.3 1,006.8 1.4 93 92 101 5.5 97 3.2 98 3.5 107 4 104 7.3 7469 7411 20.6 20.7 20.4 21.5 22 22.6 23 23.1
2014-6-25 19:00:0020.3 18.8 21.2 20.3 1,006.4 2.3 91 91 113 5.2 113 3.3 107 4.1 107 4.3 106 7.2 5557 7353 20.5 21.6 20.5 22 22.5 23 23.1 23.1
2014-6-25 18:00:0021.3 20.3 21.9 21.3 1,005.9 5.3 94 94 113 6.2 110 4 96 3.5 94 4 88 7.3 6749 4832 21.6 22.3 21.6 22.7 23.2 23.3 23.2 23.1
2014-6-25 17:00:0021.9 20.9 21.9 21.8 1,005.9 4.4 94 94 73 2.5 80 1.7 112 1.3 107 3.9 105 7.1 4840 4166 22.3 22.5 22.1 23 23.4 23.4 23.3 23.1
2014-6-25 16:00:0021.9 20.9 22.2 21.8 1,005.7 4.9 94 93 118 3.2 119 2.4 123 2.8 103 3.7 110 6.2 4653 4174 22.4 23 22.4 23.3 23.7 23.6 23.3 23.1
2014-6-25 15:00:0022.2 21 23 22.2 1,005.8 1.4 93 88 110 5.5 107 4.2 102 3.3 105 3.5 106 6.5 5510 4852 22.9 24 22.9 23.9 24 23.6 23.2 23.1
2014-6-25 14:00:0023 21.1 23.9 23 1,006.5 0.3 89 84 117 3.8 120 2.7 120 2.6 116 2.7 126 5.9 14177 13534 24 26.1 24 24.9 24.2 23.5 23.1 23.1
2014-6-25 13:00:0024 21.3 24.1 23.9 1,006.6 0.1 85 81 109 4.1 105 2.4 108 2.5 109 2.6 108 4.3 7472 7074 26.1 26.7 25.6 25.1 24 23.3 23 23.1
2014-6-25 12:00:0024 20.5 24.1 23.4 1,007.1 0.1 81 80 90 3.1 96 2.7 113 2.2 120 2.2 115 3.9 8900 9752 26.4 27.7 25.2 25 23.6 23 22.8 23.1
2014-6-25 11:00:0023.5 20.8 23.8 23.5 1,007.4 0.3 85 79 98 1.9 104 1.2 108 1.5 136 1.9 123 2.8 6675 7094 25.2 25.2 24.6 24 23.2 22.8 22.8 23.2
2014-6-25 10:00:0023.7 20.2 23.7 23.2 1,007.3 0 81 81 121 2.1 123 1.6 113 1.6 107 1.8 101 3.1 10412 10432 24.8 25.2 23.5 23.5 22.8 22.6 22.7 23.2
2014-6-25 9:00:0023.2 20 23.3 23 1,007.5 0 82 82 179 1.7 178 1.3 164 1.4 162 2.6 165 4.2 9640 9957 23.6 23.8 23.5 22.9 22.5 22.5 22.7 23.2
2014-6-25 8:00:0023 20.2 23 22.6 1,006.9 0 84 84 163 3.8 164 2.9 162 2.5 150 3 151 5.2 11845 12039 23.6 23.6 21.7 22.2 22.2 22.5 22.7 23.2
2014-6-25 7:00:0022.6 19.8 22.6 22.3 1,006.3 0 84 84 155 4.5 153 3 155 2.6 151 2.7 155 4.5 10504 10762 21.7 21.7 21.2 21.7 22.1 22.5 22.8 23.2
2014-6-25 6:00:0022.3 19.8 22.3 22 1,006.4 0 86 84 145 1.8 144 1.4 144 1.3 134 1.6 146 2.8 9242 8846 21.2 21.2 20.5 21.4 22 22.6 22.9 23.2
2014-6-25 5:00:0022 19.4 22.1 21.7 1,005.8 0 85 83 126 3.5 125 1.4 136 1.4 136 1.4 126 3.5 12354 12340 20.5 20.5 20.3 21.3 22.1 22.7 23.1 23.2
2014-6-25 4:00:0022.1 19.1 22.5 22.1 1,006.1 0 83 81 - 0 - 0 - 0.1 141 1.3 165 2.3 10202 10671 20.3 20.7 20.3 21.5 22.3 22.9 23.2 23.2
2014-6-25 3:00:0022.5 19.3 22.8 22.5 1,005.6 0 82 81 160 1.5 148 1.1 137 0.9 154 1.5 170 2.3 15202 15186 20.7 20.9 20.7 21.7 22.5 23 23.3 23.2
2014-6-25 2:00:0022.8 19.4 22.9 22.8 1,005.9 0 81 80 144 1.8 146 1.5 155 1.6 159 1.8 175 3.4 16887 16524 20.9 20.9 20.9 21.8 22.7 23.2 23.5 23.2
2014-6-25 1:00:0022.9 19.3 23.1 22.9 1,006.4 0 80 79 155 2.2 156 1.7 156 1.5 163 1.8 168 3.3 16134 16106 21 21 20.9 22 22.9 23.4 23.6 23.2
2014-6-25 00:00:0023.1 19.3 23.5 23.1 1,006.6 0 79 77 151 1.6 154 1.3 161 1.2 171 2.8 159 4.3 19460 18525 20.9 21.2 20.9 22.1 23.2 23.7 23.8 23.2
2014-6-24 23:00:0023.5 19.4 23.9 23.5 1,006.8 0 78 78 165 3.9 167 3.3 170 2.9 176 3.4 172 5.2 18851 16859 21.2 21.8 21.2 22.6 23.5 24 24 23.1
2014-6-24 22:00:0023.9 20.6 24.3 23.9 1007 0 82 80 152 1.5 153 1.1 167 1.9 169 2.9 171 5.2 7686 8307 21.8 22.1 21.8 23 23.9 24.2 24.1 23.1
2014-6-24 21:00:0024.3 20.6 25 24.3 1,006.7 0 80 77 163 2.6 163 2.1 168 2.2 169 4 176 6.8 7535 7743 22.1 22.6 22.1 23.4 24.3 24.6 24.3 23
2014-6-24 20:00:0025 20.7 26.1 25 1,005.9 0 77 71 154 3.5 147 2.4 160 2.5 171 3.5 175 5.9 7676 8028 22.6 23.6 22.6 24.1 24.8 24.9 24.4 23
2014-6-24 19:00:0026.1 20.4 26.7 26.1 1,005.8 0 71 68 150 2.8 153 2.1 149 2.4 143 2.7 165 4.7 13383 13401 23.6 24.6 23.6 24.8 25.4 25.2 24.5 22.9
2014-6-24 18:00:0026.7 20.3 26.9 26.7 1,005.1 0 68 67 151 2.9 145 2.4 143 2.7 135 2.7 141 4.5 13791 13101 24.6 25.4 24.6 25.6 25.9 25.4 24.6 22.8
2014-6-24 17:00:0026.8 20.6 27.3 26.8 1,004.9 0 69 66 129 2.9 137 1.6 144 2.2 151 3.1 161 4.6 10631 10399 25.2 26.5 25.2 26.3 26.5 25.7 24.6 22.8
2014-6-24 16:00:0027.3 20.4 27.7 27.3 1,004.8 0 66 65 156 4.4 160 2.9 151 3.1 62 3.8 56 6.2 10942 10618 26.5 30.6 26.5 27.9 27.2 25.8 24.4 22.7
2014-6-24 15:00:0027.8 21.6 27.9 27.5 1,005.1 0 69 66 65 5.3 63 4 69 3.3 67 4.5 85 7.5 10947 10655 30.8 31.9 30 29.1 27.4 25.7 24.2 22.7
2014-6-24 14:00:0027.5 20.6 28.2 27.5 1,005.6 0 66 64 67 5 65 4.3 63 4.3 65 4.7 65 6.9 10769 10447 30.4 33.4 30.4 29.8 27.4 25.4 23.9 22.7
2014-6-24 13:00:0028 21.1 28.5 27.9 1,005.8 0 66 63 56 5.3 68 3.9 72 3.8 68 4.4 65 6.5 8514 7455 33.2 34.5 32.2 30.1 27.1 24.9 23.5 22.7
2014-6-24 12:00:0028.2 21 28.2 27.3 1,006.4 0 65 61 95 2.8 101 2.3 104 1.9 196 1.9 108 4.2 6603 6670 33.4 34.1 31.4 29.4 26.5 24.4 23.1 22.7
2014-6-24 11:00:0027.3 19.4 27.9 27 1007 0 62 62 191 1.7 198 1.6 194 1.6 228 2.5 213 4 9137 8361 32.4 36.9 32.4 29.7 25.9 23.6 22.6 22.7
2014-6-24 10:00:0027.1 20.4 27.1 25.9 1,007.3 0 67 67 183 3.2 193 2.4 193 1.9 219 2.5 223 3.8 9894 9311 34.8 34.9 30.5 28 24.5 22.9 22.3 22.7
2014-6-24 9:00:0026 20.3 26 24.6 1,007.2 0 71 71 191 2.9 181 2 192 1.7 195 2.8 231 4.3 6453 7160 32.8 32.9 28.8 26.2 23.2 22.2 22 22.8
2014-6-24 8:00:0024.6 20.7 24.6 23.1 1007 0 79 78 191 2.7 196 2.1 204 1.6 181 1.8 202 2.7 5969 6339 28.7 28.7 25.2 23.9 22 21.7 22 22.8
2014-6-24 7:00:0023 21.3 23 21 1,006.9 0 90 90 153 1.9 150 1.7 163 1.4 163 1.4 157 1.9 3716 3625 25.1 25.1 20.7 21.6 21.1 21.5 22 22.8
2014-6-24 6:00:0020.9 20.4 20.9 20 1,006.7 0 97 96 - 0.2 - 0.1 - 0.1 108 0.4 117 0.7 2361 2459 20.6 20.6 18.8 20.1 20.9 21.6 22.1 22.8
2014-6-24 5:00:0020 19.3 20.2 19.9 1,006.8 0 96 95 - 0 - 0 - 0 154 0.8 156 1.2 1139 1386 18.7 18.9 18.7 19.9 21 21.8 22.3 22.8
2014-6-24 4:00:0020.2 19.5 20.4 20.2 1,006.5 0 96 95 152 0.9 151 0.8 151 0.7 145 1 143 1.4 1932 2261 18.9 19.1 18.9 20.2 21.2 21.9 22.4 22.8
2014-6-24 3:00:0020.3 19.5 20.5 20.3 1,006.5 0 95 93 125 0.8 131 0.7 137 0.5 152 0.9 147 1.2 2441 2992 19.1 19.4 19.1 20.4 21.4 22.1 22.5 22.8
2014-6-24 2:00:0020.5 19.3 21.1 20.5 1,006.8 0 93 91 173 0.6 171 0.6 160 0.8 154 0.8 167 1.1 3704 3954 19.4 19.7 19.4 20.7 21.7 22.3 22.7 22.8
2014-6-24 1:00:0021.1 19.6 21.5 21.1 1,007.1 0 91 89 198 0.5 - 0.1 - 0.2 162 1.4 190 2.5 4866 4909 19.7 19.9 19.7 20.9 21.9 22.6 22.8 22.8
2014-6-24 00:00:0021.5 19.6 21.8 21.5 1,007.6 0 89 87 160 1.9 162 1.4 160 1.5 177 1.8 168 3.2 5622 5411 19.9 20.3 19.9 21.2 22.2 22.8 23 22.8
2014-6-23 23:00:0021.8 19.5 22.2 21.8 1,008.1 0 87 86 141 1.3 147 0.9 161 1.2 164 1.8 175 3.3 5849 6010 20.3 20.7 20.3 21.6 22.6 23 23.1 22.8
2014-6-23 22:00:0022.2 19.7 22.2 21.7 1,008.2 0 86 86 162 1.6 162 1.3 156 1.5 151 1.6 154 2.9 6288 6412 20.7 20.9 20.7 22 22.9 23.3 23.3 22.8
2014-6-23 21:00:0021.8 19.5 22.6 21.8 1008 0 87 82 150 1.2 149 1 148 0.8 150 0.9 149 1.2 6726 6447 20.9 21.5 20.9 22.5 23.4 23.6 23.4 22.8
2014-6-23 20:00:0022.6 19.4 24 22.6 1,007.3 0 82 75 141 1.3 142 0.8 151 0.9 163 1.4 163 2 6247 6859 21.5 22.6 21.5 23.2 24 23.9 23.4 22.8
2014-6-23 19:00:0024 19.1 25 24 1,006.7 0 74 68 165 1.8 165 1.3 159 1.3 158 1.8 162 3 13847 12845 22.6 24.9 22.6 24.3 24.5 24 23.4 22.8
2014-6-23 18:00:0025 18.7 25.4 25 1,006.2 0 68 68 152 2.4 148 1.5 155 1.5 170 1.9 183 2.9 19292 15198 24.9 27.5 24.9 25.6 24.9 23.9 23.2 22.8
2014-6-23 17:00:0025.3 19.9 25.3 24.6 1,005.9 0 72 71 164 2.6 154 2.3 143 1.7 173 2.5 192 4.6 6414 8779 27.5 28.7 26.7 26 24.7 23.7 23 22.8
2014-6-23 16:00:0024.6 19.9 24.9 24.5 1,006.2 0 75 73 138 3 144 2.2 150 2.1 150 2.1 151 3.3 12303 10900 27 28.2 26.8 25.9 24.4 23.4 22.8 22.8
2014-6-23 15:00:0024.8 19.9 24.8 24.3 1,006.6 0 74 71 - 0.2 85 0.4 128 0.7 157 1.3 180 2.2 10559 7734 28.2 28.4 27.3 25.7 24 23.1 22.7 22.8
2014-6-23 14:00:0024.3 19.8 24.4 23.6 1,006.8 0 76 74 145 0.9 143 0.7 156 1.3 157 1.4 161 2.6 13000 12642 27.2 27.9 25.5 24.9 23.4 22.8 22.5 22.8
2014-6-23 13:00:0023.5 19.9 23.5 23.1 1,007.6 0 80 80 307 0.8 291 0.3 254 0.5 147 2 158 3.9 10099 10105 25.5 25.7 23.7 23.8 23 22.7 22.5 22.8
2014-6-23 12:00:0023.1 19.8 23.6 23.1 1,008.6 0.4 82 79 301 2.3 305 1.8 312 2.2 157 4.3 160 6.9 - - 23.5 24.4 23.5 23.5 22.9 22.5 22.4 22.8
2014-6-23 11:00:0023.4 20 23.6 23.2 1,007.7 0 81 80 151 5 154 4 158 3.6 158 3.6 157 5.7 9834 9382 24.3 24.8 23.9 23.5 22.6 22.3 22.3 22.8
2014-6-23 10:00:0023.2 19.8 23.4 22.7 1,008.7 0 81 78 103 1.8 98 1.5 78 1.7 145 2.2 129 3.3 14974 17713 23.9 24.7 23 23 22.2 22.1 22.2 22.9
2014-6-23 9:00:0022.8 19.8 22.8 22.3 1,008.1 0 83 81 148 2.6 150 1.6 147 2.2 118 2.3 144 3.6 9802 10961 23 23.3 22.7 22.3 21.9 22 22.2 22.9
2014-6-23 8:00:0022.3 19.3 22.3 21.6 1,008.4 0 83 83 137 2.1 119 1.4 93 1.6 75 2.6 99 4.2 20040 15886 22.8 22.8 21.1 21.6 21.6 21.9 22.2 22.9
2014-6-23 7:00:0021.6 19.9 21.6 20.8 1,007.2 0 90 90 114 2.6 117 2.1 102 1.9 102 1.9 115 3.6 5435 5689 21.1 21.2 20.7 21.2 21.5 21.9 22.3 22.9
2014-6-23 6:00:0020.8 19.6 20.8 20.6 1,007.6 0 93 93 - 0 - 0 - 0 97 0.7 118 1.2 5064 5089 20.7 20.7 20 20.8 21.4 22 22.4 22.9
2014-6-23 5:00:0020.7 19.4 20.7 20.5 1,007.6 0 92 92 - 0 - 0 - 0 335 1.1 334 1.6 5622 5985 19.9 19.9 19.9 20.7 21.5 22.1 22.5 22.9
2014-6-23 4:00:0020.6 19.3 20.8 20.6 1,007.1 0 92 90 167 0.5 - 0.1 - 0.1 128 1.1 136 2.1 6231 7032 19.9 20 19.9 20.8 21.6 22.2 22.6 22.9
2014-6-23 3:00:0020.8 19.3 21 20.8 1,007.2 0 91 90 - 0 - 0 93 0.4 151 1.2 152 1.9 8058 7643 20 20.1 20 21 21.8 22.4 22.8 23
2014-6-23 2:00:0021 19.3 21.2 20.9 1,007.4 0 90 88 157 2.1 152 1.3 125 0.8 154 1.5 147 2.9 7150 7310 20.1 20.2 20.1 21.1 22 22.6 22.9 22.9
2014-6-23 1:00:0021.2 19.1 21.3 21.1 1,007.9 0 88 88 144 1.5 141 1 150 0.7 147 2.3 145 4.3 8632 8752 20.2 20.3 20.1 21.2 22.2 22.8 23 22.9
2014-6-23 00:00:0021.3 19.4 21.8 21.3 1,008.6 0 89 85 174 0.9 169 0.7 150 1 128 2.2 129 3.5 7101 7468 20.1 20.7 20.1 21.4 22.4 23 23.2 22.9
2014-6-22 23:00:0021.8 19.2 22 21.8 1,009.1 0 85 84 118 3 115 1.8 113 1.6 127 2.3 119 3.8 12023 11925 20.7 20.9 20.7 21.8 22.7 23.2 23.3 22.9
2014-6-22 22:00:0022 19.6 22.1 22 1009 0 86 84 113 2.5 126 1.7 118 1.8 104 2.7 105 4.5 10252 11012 20.9 21.1 20.9 22.1 23 23.5 23.5 22.9
2014-6-22 21:00:0022 19.2 22.3 22 1,008.9 0 84 83 95 3 98 2.2 101 1.9 105 2.9 109 5 13454 13534 21.1 21.5 21.1 22.4 23.4 23.8 23.6 22.8
2014-6-22 20:00:0022.3 19.3 22.6 22.3 1,008.5 0 83 82 81 1.9 91 1.7 93 1.9 98 2.6 98 4.1 13911 14556 21.5 22.1 21.5 23 23.9 24.1 23.7 22.8
2014-6-22 19:00:0022.6 19.4 23.3 22.6 1,008.1 0 82 80 88 3.8 93 2.4 97 2.3 84 2.8 100 4.7 15950 15337 22.2 23.7 22.2 23.9 24.5 24.3 23.8 22.8
2014-6-22 18:00:0023.3 19.7 23.9 23.3 1,007.8 0 80 75 65 1.9 78 1.9 72 2.5 89 2.7 64 4.7 14935 16925 23.7 25.6 23.7 25 25.1 24.5 23.7 22.8
2014-6-22 17:00:0024 19.5 24.2 23.9 1,007.8 0 76 74 84 3.7 80 2.2 91 2 69 3.3 60 5.5 18399 21205 25.7 27.4 25.7 26.2 25.4 24.5 23.6 22.7
2014-6-22 16:00:0024.1 19.6 24.6 24.1 1,007.7 0 76 75 67 4.1 76 2.9 74 2.8 70 3.8 67 5.5 20119 20408 27 28.9 27 26.6 25.5 24.3 23.4 22.7
2014-6-22 15:00:0024.3 19.6 25.1 24.3 1,007.7 0 75 71 66 2.7 69 2.2 67 2.6 57 2.9 72 4.7 18072 20270 27.1 30.6 26.9 26.9 25.5 24.1 23.2 22.7
2014-6-22 14:00:0025 19.6 25.1 24.6 1,007.8 0 72 70 27 3.5 34 2.6 15 1.5 23 2.8 25 4.2 21895 20223 30.4 30.5 29.4 27.5 25.2 23.7 22.9 22.7
2014-6-22 13:00:0024.7 19.8 24.9 24.4 1,008.3 0 74 72 34 3.3 23 2.4 22 2.8 23 2.8 13 4.7 19561 21269 29.3 30.9 29.3 27.1 24.6 23.2 22.6 22.7
2014-6-22 12:00:0024.3 19.8 24.3 23.4 1,008.4 0 76 75 62 2.5 61 1.8 80 1.8 44 1.8 54 3.2 17400 18945 29.6 30.5 27.4 26 23.6 22.7 22.5 22.8
2014-6-22 11:00:0023.5 20.1 23.5 22.5 1,008.9 0 81 81 358 2.1 3 1.9 48 1.6 73 2.2 45 4.2 12830 14303 27.8 27.9 24.3 24.2 22.9 22.5 22.3 22.8
2014-6-22 10:00:0022.6 19.8 22.7 22.3 1,008.7 0 84 83 64 2.2 69 1.8 65 2.1 60 2.2 11 3.5 17271 16274 24.3 25 24.2 23.4 22.5 22.2 22.3 22.8
2014-6-22 9:00:0022.3 19.5 22.3 21.9 1,008.4 0 84 84 59 2.4 59 2 59 1.8 82 1.9 109 3.5 19154 20496 24.5 24.5 22.7 22.6 22.1 22.1 22.3 22.8
2014-6-22 8:00:0021.9 19.5 21.9 21.5 1,008.4 0 86 86 74 1.9 62 1.9 59 1.5 84 2.3 75 3.6 24319 22281 22.8 22.9 21.6 22 21.8 22 22.3 22.8
2014-6-22 7:00:0021.5 19.1 21.5 21.2 1,007.8 0 86 86 81 2.7 83 1.9 61 1.7 61 1.8 65 3.1 31418 26886 21.6 21.6 20.8 21.4 21.7 22 22.3 22.9
2014-6-22 6:00:0021.2 19.3 21.2 21 1,007.7 0 89 89 75 2 77 1.3 71 1.2 72 2.3 79 3.8 21084 21623 20.8 20.8 20.4 21.1 21.7 22.1 22.4 22.9
2014-6-22 5:00:0021 19.1 21.3 21 1,006.7 0 89 89 72 2.8 78 2 71 2.3 71 3.1 71 5.2 21240 21133 20.4 20.7 20.4 21.2 21.8 22.2 22.5 22.9
2014-6-22 4:00:0021.3 19.8 21.4 21.3 1007 0 91 91 59 3.8 62 2.7 65 2.1 62 2.8 66 4.7 17363 15109 20.7 20.9 20.7 21.3 21.9 22.3 22.5 22.9
2014-6-22 3:00:0021.4 20 21.6 21.3 1,006.9 0 92 92 38 2.1 41 2 52 1.9 62 2.5 59 4.2 19516 18570 20.9 21.1 20.9 21.5 22 22.3 22.6 22.9
2014-6-22 2:00:0021.3 20.3 21.4 21.3 1,006.4 0 94 93 - 0 - 0 - 0.1 - 0.2 112 0.8 14908 11255 21.1 21.1 21 21.6 22.1 22.4 22.7 22.9
2014-6-22 1:00:0021.3 19.9 21.4 21.2 1,006.4 0 92 92 109 0.4 - 0.1 - 0.2 94 0.6 99 2 17611 16452 21 21.1 21 21.6 22.1 22.5 22.7 22.9
2014-6-22 00:00:0021.3 19.9 21.4 21.3 1,006.8 0.1 92 91 - 0 - 0 - 0.2 109 1.7 111 3.3 18508 19848 21 21.2 21 21.7 22.2 22.6 22.8 23
2014-6-21 23:00:0021.5 20.3 21.7 21.5 1,006.6 0 93 92 99 1.5 107 1.1 104 1.1 81 1.7 86 3.8 18012 15698 21.2 21.4 21.2 21.9 22.4 22.7 22.9 23
2014-6-21 22:00:0021.6 20.6 21.6 21.4 1,006.5 0.4 94 92 78 0.6 92 0.5 104 1.3 76 1.8 75 3.9 13542 12365 21.3 21.3 21.2 21.9 22.5 22.8 23 23
2014-6-21 21:00:0021.5 20.1 21.8 21.5 1,006.4 0.3 92 92 66 0.9 74 0.4 72 1.4 64 2.7 74 4.8 13453 19878 21.3 21.6 21.3 22.1 22.7 22.9 23 23
2014-6-21 20:00:0021.8 20.8 21.9 21.7 1,005.9 1.1 94 94 67 3.3 71 2.4 63 2.2 101 2.3 81 3.8 16094 14400 21.6 21.8 21.6 22.3 22.8 23.1 23.1 23
2014-6-21 19:00:0021.8 20.8 21.9 21.8 1,004.9 0.1 94 94 79 3.7 83 1.8 86 1.2 70 2.7 70 5.2 9723 11356 21.8 22.2 21.8 22.6 23 23.2 23.2 23
2014-6-21 18:00:0021.8 20.8 22 21.8 1005 1.6 94 92 34 2.6 44 2.2 60 2.8 65 3.7 68 6 11032 9485 22.1 22.5 22.1 22.9 23.2 23.3 23.2 23
2014-6-21 17:00:0022 20.6 22.1 22 1,004.6 0 92 92 71 4.9 71 3.1 64 3.6 58 3.6 60 6.5 13584 14174 22.5 23.4 22.5 23.2 23.4 23.4 23.2 23
2014-6-21 16:00:0022.1 20.9 22.3 22.1 1,003.9 0.2 93 92 60 4.4 55 2.8 54 2.8 66 2.8 54 5.3 11752 10944 23.3 23.5 23.1 23.5 23.5 23.4 23.2 23
2014-6-21 15:00:0022.3 20.9 22.6 22.3 1,003.8 0 92 91 50 2.6 53 2.2 52 2.4 49 3.8 55 6.8 11766 13184 23.4 24.3 23.4 23.7 23.6 23.4 23.2 23
2014-6-21 14:00:0022.6 21.2 22.7 22.6 1,003.6 0 92 92 51 5 53 3.8 50 2.9 37 3.3 54 7 18185 16533 24.3 24.7 24.1 24 23.6 23.3 23.1 23
2014-6-21 13:00:0022.7 21.5 22.8 22.7 1,003.5 0.1 93 93 39 3.5 41 3 33 2.7 38 3.3 28 5.7 13526 12791 24.3 25.1 24.3 24 23.5 23.2 23.1 23
2014-6-21 12:00:0022.7 21.7 22.8 22.3 1,003.7 1.8 94 94 24 2.6 29 2.2 39 2.5 51 3.4 58 6.3 16232 14173 24.8 25.2 23.5 23.8 23.2 23.1 23 23
2014-6-21 11:00:0022.4 21.7 22.4 22.1 1,003.3 3.7 96 95 34 3.5 35 2.6 20 2 58 2.6 42 5 6622 8520 23.5 23.7 23.1 23.2 23 23 23 23
2014-6-21 10:00:0022.3 21.6 22.4 22.2 1,003.4 2.6 96 96 51 1.9 50 2 57 2.6 56 2.9 50 5.1 11413 10759 23.3 23.4 22.9 23 22.9 22.9 23 23
2014-6-21 9:00:0022.3 21.6 22.4 22.2 1,003.6 8.8 96 96 52 2.8 52 2.1 34 1.7 61 2.9 62 5.1 5382 8690 22.9 23.1 22.2 22.8 22.8 22.9 23 23.1
2014-6-21 8:00:0022.2 21.5 22.2 22.1 1,003.7 5.9 96 96 - 0 - 0 26 0.5 50 3 55 4.8 1291 2856 22.3 22.4 22.3 22.6 22.8 23 23.1 23.1
2014-6-21 7:00:0022.2 21.5 22.2 22.2 1,002.8 3.5 96 96 30 2.4 36 1.6 41 2.2 56 2.9 45 4.7 5789 5431 22.3 22.4 22.3 22.6 22.9 23 23.1 23.1
2014-6-21 6:00:0022.3 21.6 22.3 22.3 1,002.6 0.7 96 96 56 3.1 58 2.5 56 2.8 46 2.9 52 5.4 4517 4375 22.3 22.4 22.3 22.6 22.9 23.1 23.2 23.1
2014-6-21 5:00:0022.3 21.6 22.3 22.3 1,002.6 0 96 96 45 2.7 44 1.6 39 1.7 60 2.6 41 3.9 5655 5745 22.3 22.3 22.2 22.7 23 23.1 23.2 23.1
2014-6-21 4:00:0022.3 21.6 22.4 22.3 1,002.5 0 96 95 58 3.9 57 2.8 60 2.2 63 2.5 59 3.9 5588 5052 22.3 22.4 22.3 22.7 23 23.2 23.3 23.1
2014-6-21 3:00:0022.4 21.6 22.6 22.4 1,002.4 0 95 95 66 2.3 67 2 73 2.2 75 2.3 74 3.4 5607 5362 22.4 22.5 22.4 22.8 23.1 23.3 23.3 23.1
2014-6-21 2:00:0022.6 21.8 22.9 22.6 1,002.6 0 95 94 54 2.2 63 1.9 61 2.1 46 2.3 43 3.8 4885 4597 22.5 22.6 22.5 22.9 23.2 23.4 23.4 23.1
2014-6-21 1:00:0022.9 21.9 23.3 22.9 1,002.8 0 94 91 60 3.3 62 2.3 68 2 45 2.2 23 3.7 5928 5558 22.6 22.7 22.6 23.1 23.3 23.5 23.5 23
2014-6-21 00:00:0023.2 21.6 23.2 23.2 1,002.9 0 91 91 34 2.6 37 1.8 52 2 45 2.2 35 3.4 19126 17945 22.7 22.9 22.7 23.2 23.5 23.6 23.5 23
2014-6-20 23:00:0023.2 22 23.4 23.2 1,003.1 0 93 92 42 2.7 52 2.2 56 1.9 65 2.4 66 3.6 8386 8791 22.9 23.1 22.9 23.3 23.6 23.7 23.6 23
2014-6-20 22:00:0023.4 22.2 23.5 23.4 1,003.2 0 93 93 67 2.5 68 2 64 2.1 60 2.2 39 3.6 5966 5767 23.1 23.2 23.1 23.5 23.7 23.8 23.6 23
2014-6-20 21:00:0023.4 22.2 23.6 23.4 1003 0 93 93 68 2.3 69 1.9 78 2 63 2.9 70 4.1 5386 5625 23.2 23.4 23.2 23.7 23.9 23.9 23.7 23
2014-6-20 20:00:0023.6 22.6 23.6 23.3 1,002.5 0 94 94 65 2.2 68 1.7 64 2.4 61 2.9 55 4.5 5273 5160 23.4 23.6 23.4 23.9 24.1 24 23.7 23
2014-6-20 19:00:0023.3 22.5 24.1 23.3 1,002.2 0 95 92 67 3.1 63 2.3 68 2.5 56 3.7 51 5.6 4082 3416 23.6 24.4 23.6 24.3 24.4 24.2 23.7 23
2014-6-20 18:00:0024.2 22.8 24.7 24.2 1,001.6 0 92 89 62 4.3 68 3.5 67 3.1 61 3.2 65 5.1 4313 4826 24.4 26 24.4 25 24.7 24.2 23.7 23
2014-6-20 17:00:0024.7 22.8 25.3 24.7 1,001.4 0 89 86 59 3.2 61 2.8 68 2.5 64 2.7 69 4.1 8872 9704 26.1 27.9 25.8 25.7 24.9 24.1 23.6 23
2014-6-20 16:00:0025.2 22.9 25.3 24.8 1,001.3 0 87 87 65 3.6 70 2.5 77 2 62 2.5 64 4 17659 16926 27.8 28.7 26.7 25.8 24.6 23.9 23.4 23
2014-6-20 15:00:0025.1 23.2 25.1 23.7 1,001.4 0 89 89 77 1.7 75 1.1 99 1.4 94 2.6 73 4.1 11125 11796 27.7 29.8 25.2 25.8 24.2 23.6 23.4 23
2014-6-20 14:00:0023.7 22.9 23.9 23.7 1,001.8 0 95 94 65 2.5 68 1.7 69 2.3 68 3.2 61 4.8 4015 3962 25.1 25.1 24.2 24.3 23.8 23.5 23.3 23
2014-6-20 13:00:0023.8 22.8 23.9 23.7 1,002.3 0 94 93 83 2 82 1.2 67 1.4 64 2.2 55 3.6 4849 4267 24.2 24.7 24.2 24.1 23.8 23.5 23.3 23
2014-6-20 12:00:0023.8 22.6 23.8 23.6 1,002.3 0 93 92 86 1.7 100 1.3 97 1.3 103 2.2 112 3.4 5114 4924 24.5 24.6 24.2 24.1 23.7 23.4 23.2 23
2014-6-20 11:00:0023.6 22.2 23.7 23.5 1,002.9 0 92 91 122 2.4 115 2 105 2.1 115 2.8 105 4.5 8408 9150 24.5 25 24.5 24.2 23.6 23.3 23.2 23
2014-6-20 10:00:0023.5 22.1 23.5 23.2 1,002.6 0.2 92 92 123 3 122 2.5 115 2.6 123 3.3 125 5.8 15281 14730 25 25.7 24.6 24.1 23.4 23.2 23.1 23
2014-6-20 9:00:0023.1 21.9 23.1 22.8 1,002.6 0.4 93 93 122 4.2 115 3.3 118 3.2 116 3.3 108 5.9 10788 11065 24.6 24.6 23 23.3 23 23.1 23.2 23
2014-6-20 8:00:0022.8 21.6 22.8 22.7 1,002.8 0.6 93 91 117 5.8 120 3.6 121 2.8 118 3.3 117 5.8 9797 8460 23 23 22.4 22.9 22.9 23.1 23.2 23.1
2014-6-20 7:00:0022.7 21.3 22.9 22.7 1,002.8 0.5 92 90 126 4.7 117 3.6 118 3.1 118 3.1 116 5.5 6235 5751 22.5 22.5 22.1 22.6 22.9 23.1 23.3 23.1
2014-6-20 6:00:0022.9 21.2 23.2 22.9 1,002.7 0.2 90 86 127 3.7 125 2.2 124 2.7 132 3.7 133 6.3 6333 6351 22.1 22.2 22 22.5 22.9 23.2 23.3 23.1
2014-6-20 5:00:0023.2 20.9 23.2 23 1,002.5 0 87 86 133 4.6 133 3.1 133 3.3 134 3.7 135 6.4 9451 9455 22.2 22.2 22 22.5 22.9 23.3 23.4 23.1
2014-6-20 4:00:0023 20.7 23.1 23 1,002.1 0 87 86 127 4.2 125 2.2 123 2.4 125 3.4 128 6.5 8965 8753 22.1 22.2 22 22.6 23 23.4 23.5 23.1
2014-6-20 3:00:0023.1 20.6 23.1 23.1 1,002.4 0 86 85 113 4.9 114 3.3 116 3.2 117 3.2 106 6.4 10812 10560 22.1 22.1 22 22.6 23.1 23.5 23.6 23.1
2014-6-20 2:00:0023.1 20.4 23.1 23 1,002.7 0 85 85 115 5.7 119 3.1 125 3 121 3.6 131 6.9 10004 9918 22.1 22.2 21.9 22.7 23.3 23.6 23.7 23.1
2014-6-20 1:00:0023.1 20.4 23.2 23.1 1,003.2 0 85 84 119 3.8 124 2.4 126 2.8 129 3.3 127 6.6 10536 10889 22.2 22.3 22.2 22.9 23.5 23.8 23.9 23.1
2014-6-20 00:00:0023.2 20.3 23.3 23.1 1,003.5 0 84 84 118 4.9 124 3 128 2.8 139 4.1 140 9.3 10344 10651 22.3 22.4 22.3 23 23.7 24 24 23
2014-6-19 23:00:0023.1 20.2 23.1 22.9 1,004.1 0 84 84 141 4.8 141 3.3 138 3.6 116 3.6 126 7.7 10797 11156 22.3 22.3 21.8 23.1 23.9 24.3 24.2 23
2014-6-19 22:00:0023 20.2 23.3 23 1,004.4 0 84 82 117 5 113 3.8 114 3 126 3.9 133 7 13009 12702 21.9 22.6 21.9 23.5 24.4 24.6 24.4 23
2014-6-19 21:00:0023.3 20.1 23.5 23.3 1004 0 82 81 119 4.9 122 3.8 123 3.8 127 4.2 113 6.7 13454 12466 22.6 23.1 22.6 24.1 24.9 24.9 24.5 22.9
2014-6-19 20:00:0023.5 20.1 24 23.5 1004 0 81 80 126 5.2 126 3.7 127 4.2 127 4.2 136 7.6 12001 11993 23 23.8 23 24.8 25.5 25.3 24.6 22.9
2014-6-19 19:00:0024.1 20.2 25.1 24.1 1,003.5 0 79 75 117 4.4 115 3 113 3.2 106 3.8 105 6.6 11321 12249 23.9 26.5 23.9 26 26.3 25.6 24.6 22.9
2014-6-19 18:00:0025.1 20.4 26.1 25.1 1003 0 75 71 106 6.3 107 3.8 108 3.1 110 3.4 102 6.6 15265 14365 26.6 30.7 26.6 27.6 27 25.7 24.5 22.8
2014-6-19 17:00:0026.1 20.7 26.4 25.8 1,003.1 0 72 70 105 3.7 110 2.4 108 3.5 110 4.1 100 6.7 15374 14759 30.8 32.7 29.9 29.1 27.3 25.5 24.2 22.8
2014-6-19 16:00:0026.3 20.4 27 26.3 1,002.7 0 70 68 99 5.2 104 3.9 106 3.5 103 4.2 133 7 15305 14124 32.7 35.7 32.7 30.1 27 25.1 23.9 22.8
2014-6-19 15:00:0026.8 20.9 26.8 25.9 1,003.7 0 70 68 108 4.1 114 3 124 3.3 122 4 133 7.1 11876 12111 35.9 36.1 31.9 28.8 26.2 24.6 23.6 22.8
2014-6-19 14:00:0026 20.1 26.1 25.3 1,004.1 0 70 70 125 6.4 124 4 115 3.4 112 3.7 125 6.4 11194 10652 33 33.3 29.6 27.8 25.6 24.3 23.4 22.8
2014-6-19 13:00:0025.3 19.9 25.5 24.6 1,004.6 0 72 72 150 3.5 144 3 142 2.7 110 4.3 113 6.7 8565 8641 29.7 30.4 28.1 26.8 25.2 24.1 23.2 22.8
2014-6-19 12:00:0024.7 20 25.7 24.6 1,004.6 0 75 71 116 5.9 111 4.3 110 4.3 108 4.3 108 7.7 8946 9199 28.2 30.5 27.6 26.6 25.3 23.9 22.9 22.8
2014-6-19 11:00:0025.7 19.8 26.3 25.7 1,004.6 0 70 69 119 4.6 127 2.9 125 2.6 126 3.4 160 5.5 9369 9115 30.6 37.2 30.5 28.1 25.2 23.3 22.6 22.8
2014-6-19 10:00:0026.1 20.2 26.2 24.9 1,004.7 0 70 69 134 4.3 131 3.3 127 3.3 145 3.6 155 6.2 10800 10719 36.6 36.6 31.1 27.4 23.9 22.6 22.3 22.9
2014-6-19 9:00:0025.1 19.7 25.2 23.8 1,004.8 0 72 72 123 4.6 124 3.4 124 2.9 126 3.2 130 5.7 10570 9961 31.8 32.2 27.5 24.9 22.6 22 22.1 22.9
2014-6-19 8:00:0023.7 19.6 23.7 22.3 1,004.8 0 78 77 149 4.4 144 2.5 118 3.2 129 3.6 135 5.7 8686 9135 27.5 27.5 23.2 22.9 21.6 21.7 22 22.9
2014-6-19 7:00:0022.3 19.5 22.3 21.4 1,005.7 0 84 84 121 2.7 116 2.2 113 1.9 115 2.6 124 4.4 7342 6789 23.2 23.2 20.7 21.2 21.1 21.5 22.1 22.9
2014-6-19 6:00:0021.4 19.3 21.4 20.7 1,005.4 0 88 88 118 3.1 115 1.8 116 1.7 130 2.6 115 4.6 4911 4890 20.6 20.6 18.8 20.2 20.9 21.6 22.1 23
2014-6-19 5:00:0020.8 18.9 20.9 20.7 1,005.2 0 89 88 132 1.6 137 1.3 130 1.5 113 2.4 105 3.8 5063 5134 18.8 19.1 18.7 20 21 21.7 22.2 23
2014-6-19 4:00:0020.9 18.8 21 20.8 1,004.7 0 88 87 118 3.7 123 2.4 118 2.3 134 2.5 110 4.2 6574 6587 19.1 19.3 19.1 20.2 21.1 21.8 22.3 23
2014-6-19 3:00:0021 18.8 21.2 21 1,004.3 0 87 85 135 3 137 2.3 140 2 134 2.9 129 5.3 5565 5671 19.3 19.8 19.3 20.4 21.2 21.9 22.5 23
2014-6-19 2:00:0021.1 18.7 21.1 20.7 1005 0 86 85 98 2.9 115 1.7 122 2.1 121 2.6 114 4.7 7309 7528 19.8 19.8 19 20.4 21.3 22 22.6 23
2014-6-19 1:00:0020.8 18.2 20.9 20.7 1,005.1 0 85 84 127 2.5 132 1.9 130 1.7 151 1.8 141 3.1 4651 5908 19 19.1 18.8 20.3 21.4 22.2 22.7 23
2014-6-19 00:00:0020.9 17.9 21.2 20.9 1,006.1 0 83 82 160 2.1 156 1.5 151 1.8 139 2.3 151 4.1 6489 6664 18.9 19.3 18.9 20.5 21.7 22.5 22.9 23
2014-6-18 23:00:0021.2 18 21.5 21.2 1,006.4 0 82 80 146 2.8 142 2 141 2 153 3 165 5.4 8812 9482 19.3 19.7 19.3 20.8 22 22.7 23 23
2014-6-18 22:00:0021.5 18.1 21.7 21.5 1,006.3 0 81 80 153 3.1 147 2.5 140 2.5 132 3.1 140 5.6 12534 14810 19.7 20.1 19.7 21.2 22.3 22.9 23.2 23
2014-6-18 21:00:0021.7 18.3 22 21.7 1006 0 81 79 130 4.2 131 2.8 132 2.5 120 3.1 125 5.8 19946 21974 19.9 20.2 19.9 21.4 22.6 23.2 23.4 23
2014-6-18 20:00:0022 18.2 22.4 22 1,005.2 0 79 76 133 4.6 134 3.5 135 2.5 135 2.5 135 4.9 23793 21634 20.2 20.7 20.2 21.9 23.1 23.5 23.5 23
2014-6-18 19:00:0022.4 18 22.9 22.4 1,004.8 0 76 74 113 3 109 2.1 122 2.4 114 2.7 89 4.4 18412 21262 20.7 22.8 20.7 22.8 23.7 23.8 23.6 23
2014-6-18 18:00:0022.9 18 22.9 22.8 1,004.9 0 74 74 111 3.5 113 2.6 104 2.4 98 3.1 110 5.4 19665 20015 22.8 24.2 22.8 23.8 24.1 23.9 23.6 23
2014-6-18 17:00:0022.9 18.4 23.4 22.8 1,004.8 0 76 75 88 5.2 87 3.6 92 2.8 67 3.8 80 6.4 22533 20208 24.4 26.1 24.2 24.6 24.2 23.9 23.6 22.9
2014-6-18 16:00:0023.1 18.8 23.3 22.7 1,005.2 0 77 77 63 5.6 67 3.6 69 3.8 77 3.9 56 6.3 19090 17766 25.7 27 23.3 24.6 24.3 24 23.6 22.9
2014-6-18 15:00:0023 18.8 23.6 23 1,005.4 0 77 72 82 5.6 85 3.8 76 3.3 71 3.5 57 6 18238 19154 23.7 24.8 23.7 24.7 24.7 24.2 23.5 22.9
2014-6-18 14:00:0023.6 18.3 24.1 23.6 1,005.6 0 72 68 83 3.8 85 2.7 83 2.5 85 2.7 93 4 22876 24668 24.8 27.5 24.8 25.8 25.2 24.1 23.3 23
2014-6-18 13:00:0024.1 18.1 24.6 24.1 1006 0 69 67 87 3.2 82 2.4 85 2.7 49 2.8 96 4.5 35000 32807 27.6 32.5 27.6 27.3 25.2 23.8 23 23
2014-6-18 12:00:0024.4 18.1 24.4 23.9 1,006.1 0 68 67 66 2.7 57 2.2 59 2.4 72 2.9 101 4.5 35000 35000 32.4 32.4 30.8 27.2 24.4 23.1 22.7 23
2014-6-18 11:00:0024 18.4 24 22.7 1,006.4 0 71 71 83 2.5 84 2.1 82 2.6 65 2.9 83 4.9 24902 32879 31.8 32.2 26.2 25.4 23.2 22.7 22.6 23
2014-6-18 10:00:0022.7 18.3 22.8 22 1,006.5 0 76 75 49 3.3 54 2.3 60 2.4 71 2.8 73 4.3 26078 32072 26.5 26.5 24.2 23.7 22.6 22.4 22.5 23
2014-6-18 9:00:0021.9 18.1 22 21.5 1,006.3 0 79 78 62 2 69 1.8 70 2.4 63 2.7 61 4 22614 26012 24.1 24.3 22.6 22.6 22.1 22.2 22.5 23.1
2014-6-18 8:00:0021.5 18.1 21.5 21.2 1,006.1 0 81 80 83 2.7 77 1.9 72 2.1 68 2.6 67 4.3 35000 35000 22.5 22.5 21.6 21.7 21.7 22.1 22.5 23.1
2014-6-18 7:00:0021.2 17.6 21.2 20.8 1,005.6 0 80 79 69 2.4 70 2 80 2.1 70 2.2 63 3.5 35000 30673 21.6 21.6 20.6 21.2 21.6 22.1 22.5 23.1
2014-6-18 6:00:0020.8 17.8 20.8 20.4 1,005.2 0 83 83 62 1.8 63 1 65 1.3 68 2.2 59 3.8 35000 35000 20.7 20.7 20 20.8 21.5 22.1 22.6 23.2
2014-6-18 5:00:0020.5 18.4 20.6 20.5 1,005.1 0 88 87 50 1.1 48 0.7 56 1.7 66 2.3 68 4 22150 24680 20 20.1 20 20.8 21.6 22.2 22.7 23.2
2014-6-18 4:00:0020.6 18.4 20.7 20.6 1,005.1 0 87 86 67 3.3 59 2.5 58 1.6 70 2.3 63 3.5 35000 34830 20.1 20.2 20.1 20.9 21.7 22.3 22.8 23.2
2014-6-18 3:00:0020.7 18.5 20.9 20.7 1,004.8 0 87 86 84 2 83 1.9 67 1.7 60 2.2 46 4 35000 31107 20.2 20.3 20.1 21 21.8 22.4 22.9 23.2
2014-6-18 2:00:0020.9 18.5 21 20.9 1,004.8 0 86 86 48 2.2 52 1.6 53 1.6 72 2 57 3.4 28127 24860 20.3 20.4 20.3 21.2 21.9 22.5 23 23.2
2014-6-18 1:00:0021 18.6 21 20.9 1,004.4 0 86 86 93 2.2 83 1.7 67 1.8 68 2.1 62 2.9 25757 25472 20.3 20.4 20.3 21.2 22 22.7 23.1 23.3
2014-6-18 00:00:0020.9 18.5 20.9 20.9 1,003.9 0 86 86 78 2.8 77 2.4 66 2 50 2.1 62 3.5 22733 23214 20.4 20.5 20.4 21.3 22.2 22.8 23.2 23.3
2014-6-17 23:00:0021 18.6 21 21 1,004.1 0 86 86 19 2.1 28 1.5 53 2.2 57 2.3 58 3.5 25245 26908 20.5 20.6 20.5 21.5 22.3 22.9 23.3 23.3
2014-6-17 22:00:0021 18.6 21.1 20.9 1004 0 86 86 61 1.5 58 1.5 67 1.9 70 2.7 74 4.2 35000 33320 20.6 20.8 20.6 21.7 22.6 23.1 23.4 23.3
2014-6-17 21:00:0020.9 19 21 20.7 1,003.6 0 89 89 61 2.9 62 2.6 64 2.2 58 2.5 65 4.5 13187 13187 20.8 21 20.8 21.9 22.8 23.3 23.5 23.3
2014-6-17 20:00:0021 19.5 21.6 21 1,003.2 0 91 87 56 3.2 57 2.3 59 2.2 67 2.8 75 4.3 3319 3824 21 21.5 21 22.3 23 23.4 23.6 23.3
2014-6-17 19:00:0021.6 19.3 21.8 21.6 1,002.6 0 87 87 64 2.6 63 2 64 2.3 64 2.3 66 4.2 15425 15595 21.5 22.2 21.5 22.7 23.3 23.6 23.7 23.3
2014-6-17 18:00:0021.6 19.7 21.9 21.5 1,001.8 0 89 88 65 0.8 64 0.7 59 1.4 65 2.5 60 3.8 14278 13983 22.2 22.6 22.1 23 23.6 23.7 23.7 23.3
2014-6-17 17:00:0021.9 19.8 22.1 21.9 1,001.7 0 88 87 53 3.8 60 2.2 48 2.3 51 2.4 68 3.9 15144 14273 22.7 23.8 22.7 23.6 23.8 23.8 23.7 23.3
2014-6-17 16:00:0022 20.1 22.2 21.8 1,001.7 0 89 89 11 2.8 32 1 66 1.1 38 1.9 25 3.3 10737 12953 23.7 24.7 23.5 23.9 23.9 23.8 23.7 23.3
2014-6-17 15:00:0022.2 20.3 22.3 22.1 1,001.4 0 89 88 40 2.8 46 1.7 57 1.4 34 2 15 3.1 19459 17584 24.7 24.9 24.1 24.2 23.9 23.8 23.7 23.3
2014-6-17 14:00:0022.1 20.2 22.2 21.8 1,001.4 0 89 89 74 2.1 76 1.6 63 1.1 24 2.1 19 3.2 18406 20262 24.9 25 23.9 24.1 23.8 23.7 23.7 23.4
2014-6-17 13:00:0021.8 20.4 22.2 21.8 1,001.4 0.8 92 90 8 2.6 10 2.1 30 1.7 65 2.1 84 3 15443 14463 24.2 24.4 23.5 24 23.8 23.7 23.7 23.4
2014-6-17 12:00:0022.1 20.6 22.2 22 1,001.4 0.1 91 91 43 0.7 44 0.7 57 1.4 63 2.4 66 3.6 35000 19232 24 24.7 23.7 23.9 23.7 23.6 23.6 23.4
2014-6-17 11:00:0022.1 20.6 22.2 21.8 1,001.5 0.1 91 91 54 3.1 52 2.5 50 2.2 47 2.6 51 3.7 19252 17724 24.7 25.2 23.3 24 23.5 23.6 23.7 23.4
2014-6-17 10:00:0021.9 20.7 22.1 21.9 1,001.6 0.6 93 91 52 3.3 64 2.4 60 2 56 2.7 64 5 9526 7304 23.5 23.5 22.7 23.3 23.4 23.6 23.7 23.4
2014-6-17 9:00:0022 20.6 22.1 21.9 1,001.5 0 92 92 55 2.2 59 2 44 1.7 48 2.7 42 4.5 16340 17426 23.2 23.5 23 23.3 23.4 23.6 23.7 23.4
2014-6-17 8:00:0022 20.8 22.8 21.9 1001 1 93 93 64 3.1 62 2 54 2.7 13 3.9 18 6.4 25264 22461 23.2 23.2 22.7 23.2 23.4 23.6 23.7 23.5
2014-6-17 7:00:0022.8 22 23.2 22.8 1,000.7 2 95 94 24 2.1 35 1.6 21 1.7 298 3.2 291 5.3 3770 3933 22.8 23.1 22.8 23.3 23.5 23.7 23.8 23.5
2014-6-17 6:00:0023.2 22.5 23.4 23.2 1,000.2 0.1 96 96 296 2.9 298 2.7 321 1.9 323 1.9 300 4.2 5049 5691 23.1 23.2 23.1 23.4 23.5 23.7 23.8 23.5
2014-6-17 5:00:0023.3 22.8 23.3 23.2 999.6 0.1 97 97 - 0 - 0 - 0 9 0.9 349 1.8 4311 4927 23.1 23.1 23.1 23.3 23.5 23.7 23.8 23.5
2014-6-17 4:00:0023.2 22.7 23.2 23 999.6 1.6 97 97 - 0 - 0 - 0 16 1.6 18 2.5 2074 2284 23.1 23.1 23 23.3 23.5 23.7 23.9 23.5
2014-6-17 3:00:0023.1 22.6 23.3 23.1 999.6 0.3 97 96 13 2.5 15 1.8 39 1.3 7 1.4 345 2.5 784 997 23 23 23 23.3 23.5 23.7 23.9 23.6
2014-6-17 2:00:0023.2 22.5 23.2 23 999.6 0.6 96 96 - 0.2 - 0 - 0 111 1.3 102 2.9 992 978 23 23 22.9 23.3 23.5 23.8 24 23.6
2014-6-17 1:00:0023 22.3 23 22.8 999.9 0 96 96 93 0.9 93 0.3 96 1.3 106 2.4 108 4 1588 1602 22.9 22.9 22.7 23.2 23.5 23.8 24 23.6
2014-6-17 00:00:0022.8 22.1 22.8 22.7 1,000.6 0 96 96 100 3.9 103 2.4 109 2.2 113 2.7 115 4.4 1677 1744 22.7 22.7 22.5 23.2 23.6 23.9 24.1 23.6
2014-6-16 23:00:0022.7 22 22.7 22.7 1,001.3 0.1 96 94 115 3.3 115 2.1 116 2.8 116 2.8 114 5.1 2038 2176 22.5 22.5 22.4 23.2 23.6 24 24.1 23.7
2014-6-16 22:00:0022.6 21.6 22.6 22.6 1,002.1 0 94 93 115 4.1 119 2.6 118 2.4 123 3.4 112 5.9 3005 3382 22.5 22.6 22.5 23.3 23.8 24.1 24.2 23.7
2014-6-16 21:00:0022.6 21.4 22.6 22.4 1,002.3 0 93 92 122 5 125 3.5 125 3.4 127 4.1 132 6.6 5588 5879 22.6 22.6 22.3 23.4 23.9 24.2 24.3 23.7
2014-6-16 20:00:0022.4 21 22.8 22.4 1,001.9 0 92 86 111 7.2 122 4.2 127 3.9 120 4.6 117 8.6 5729 6207 22.5 23 22.4 23.5 24 24.3 24.4 23.7
2014-6-16 19:00:0022.8 20.3 23.3 22.8 1,002.1 0 86 79 112 5.1 109 3.5 118 3.7 122 4.9 118 8.2 10475 10545 23 23.7 23 23.8 24.2 24.4 24.4 23.8
2014-6-16 18:00:0023.3 19.5 23.6 23.3 1,001.8 0 79 73 116 6.6 120 4.3 125 4.8 131 5.6 131 10.8 15430 15707 23.7 24.5 23.6 24.1 24.4 24.5 24.5 23.8
2014-6-16 17:00:0023.4 18.5 23.4 22.8 1,001.9 0 74 74 130 6.5 130 5.1 125 4.2 122 5 114 9.2 18392 20667 24.3 24.6 24.2 24.3 24.5 24.6 24.5 23.8
2014-6-16 16:00:0022.8 19.6 22.8 22.5 1,001.8 0 82 82 111 7.3 118 5.4 120 4.8 118 5.4 119 10.4 16013 16257 24.4 24.6 24 24.5 24.6 24.6 24.6 23.8
2014-6-16 15:00:0022.8 19.8 22.9 22.6 1,002.4 0 83 82 125 7.6 124 3.7 130 4 133 5.2 129 9 14870 17041 24.7 25.3 24.1 24.7 24.7 24.7 24.6 23.8
2014-6-16 14:00:0022.6 20.3 23.4 22.6 1003 0 87 83 134 8.3 124 4.7 123 4.8 110 5.3 106 9 9399 8191 23.9 25.9 23.9 24.9 24.8 24.7 24.6 23.9
2014-6-16 13:00:0023.4 20.3 24.1 23.4 1,003.5 0 83 78 110 6 110 4.4 115 4.9 120 5.5 114 9.8 15716 16686 25.7 26.8 25.6 25.1 24.8 24.6 24.5 23.9
2014-6-16 12:00:0024.2 20.1 24.3 24.1 1,003.9 0 78 77 141 8.5 133 5.4 126 4.9 125 5.6 125 10.2 17393 18153 26.8 27 25.3 25 24.6 24.5 24.5 23.9
2014-6-16 11:00:0024.1 20.6 24.5 24 1,004.6 0 81 80 123 7 127 4.7 126 4.6 113 5.4 114 9.2 14125 13808 25.3 27 24.8 24.6 24.6 24.5 24.5 23.9
2014-6-16 10:00:0024.4 20.9 24.6 24.2 1,004.4 0 81 79 109 9.2 110 4.8 109 5.1 107 5.4 112 9.9 17577 17977 26.8 26.8 24.9 24.6 24.4 24.4 24.5 24
2014-6-16 9:00:0024.6 20.7 24.6 24.4 1005 0 79 78 93 4.3 95 4.2 109 4.5 106 5.7 106 9.8 17601 20637 26 26.5 25.4 24.6 24.2 24.3 24.5 24
2014-6-16 8:00:0024.4 20.7 24.4 23.9 1,005.3 0 80 80 119 6.4 108 4 107 3.7 92 5.2 88 8.6 21881 23317 25.5 25.5 23.8 24 24 24.3 24.6 24
2014-6-16 7:00:0023.9 21 23.9 23.7 1,005.4 0 84 84 80 6 81 3.9 81 3.4 92 4.5 97 7.5 15554 13954 23.7 23.7 23.2 23.6 24 24.4 24.7 24.1
2014-6-16 6:00:0023.7 21.4 23.7 23.5 1,005.2 0 87 87 89 3.5 98 3 95 2.9 86 3.6 93 6.5 11112 10676 23.2 23.2 22.8 23.5 24 24.4 24.7 24.1
2014-6-16 5:00:0023.5 21.2 23.6 23.5 1,005.1 0 87 85 90 3.1 86 2.4 84 2.4 103 3.3 106 5.8 8402 8840 22.8 22.8 22.5 23.4 24 24.5 24.9 24.1
2014-6-16 4:00:0023.5 20.8 23.6 23.3 1,004.8 0 85 84 96 4 100 2.9 105 3.1 106 4.5 102 7.4 13534 14213 22.5 22.7 22.3 23.4 24.1 24.7 25 24.1
2014-6-16 3:00:0023.6 20.7 23.6 23.5 1,005.1 0 84 82 113 3.8 110 2.3 106 2.4 112 3.9 116 7.4 10935 11830 22.7 22.7 22.5 23.5 24.3 24.8 25.1 24.2
2014-6-16 2:00:0023.5 20.4 23.6 23.5 1005 0 83 82 103 4.4 112 3.2 114 3.6 114 3.8 116 7.4 12203 10802 22.6 22.6 22.4 23.6 24.4 25 25.3 24.2
2014-6-16 1:00:0023.6 20.3 23.8 23.6 1,005.7 0 82 80 115 6 119 3.9 125 3.2 110 4 112 6.7 11286 10497 22.5 22.7 22.5 23.8 24.6 25.2 25.5 24.2
2014-6-16 00:00:0023.8 20.1 23.8 23.6 1,005.8 0 80 80 100 7.2 104 5.1 111 3.7 96 3.7 108 7.8 11474 11509 22.5 22.5 22.4 23.9 24.9 25.4 25.7 24.2
2014-6-15 23:00:0023.6 20.7 23.8 23.6 1,006.5 0 84 78 84 4.7 81 2.7 79 2.9 81 3.6 81 6.4 7759 7708 22.5 22.5 22.2 24.1 25.2 25.7 25.8 24.2
2014-6-15 22:00:0023.8 19.7 24.1 23.8 1007 0 78 78 70 5.2 79 4.5 80 3.6 80 3.6 84 7.1 13220 14287 22.3 22.8 22.3 24.5 25.6 26.1 26 24.2
2014-6-15 21:00:0024 20.5 24.5 23.9 1007 0 81 72 70 3.8 70 2.8 81 2.7 83 2.7 75 4.9 9759 8840 22.8 23.2 22.7 25.1 26.1 26.4 26.2 24.2
2014-6-15 20:00:0024.5 19.1 25.4 24.5 1007 0 72 65 103 2 108 1.5 122 1.7 107 2.4 106 4.4 11898 12798 23.2 25.1 23.2 25.9 26.7 26.7 26.4 24.2
2014-6-15 19:00:0025.4 18.8 25.7 25.4 1,006.3 0 67 66 124 3.5 117 2.3 106 2.4 94 2.4 108 4.1 14110 12899 25.2 26.6 25.2 26.8 27.3 27 26.5 24.2
2014-6-15 18:00:0025.7 19.6 25.9 25.7 1,005.8 0 69 66 78 2.1 79 2 85 2.2 84 2.5 85 4.3 10485 10770 26.6 28.3 26.6 27.7 27.8 27.3 26.5 24.2
2014-6-15 17:00:0025.9 19.5 26.4 25.9 1,005.9 0 68 62 65 2.6 71 2.2 75 2.4 66 3.4 73 5.6 15215 14537 28.2 31.2 28 28.8 28.3 27.3 26.4 24.2
2014-6-15 16:00:0026.4 18.8 27.4 26.4 1,005.7 0 63 57 76 3.9 70 3.1 67 3.5 63 4.1 70 6.1 20215 19655 31.2 36.1 30.9 29.8 28.5 27.2 26.2 24.2
2014-6-15 15:00:0027.3 18.6 27.7 27.1 1,005.7 0 59 54 70 3.8 66 3.1 66 3 60 3.7 56 5.4 18669 19946 35.6 35.6 33.5 30 28.2 26.9 26 24.2
2014-6-15 14:00:0027.6 20.2 27.9 27.5 1,005.9 0 64 51 86 3.3 88 2.4 87 2.2 93 3.8 103 5.9 10875 10966 34.4 37.2 34.4 29.9 27.7 26.5 25.8 24.3
2014-6-15 13:00:0027.5 16.5 27.6 26.3 1,006.7 0 51 51 80 6 83 4.3 81 3.7 86 4 86 6.7 10260 9560 37.2 37.4 28.6 28.8 26.9 26.2 25.7 24.3
2014-6-15 12:00:0026.4 17.5 26.6 26.2 1,007.6 0 58 55 64 3.8 66 2.7 76 2.7 93 3.7 106 5.9 10211 9566 28.5 32 28.5 27.7 26.6 25.9 25.6 24.3
2014-6-15 11:00:0026.2 19.3 26.5 25.6 1,008.1 0 66 64 93 4.7 95 3.3 98 3.5 98 3.5 96 5.7 8362 8109 32 33.6 29 27.5 26 25.7 25.6 24.4
2014-6-15 10:00:0025.7 20.7 25.7 25.3 1,008.2 0 74 74 61 4.4 59 2.9 64 2.9 86 2.9 83 4.7 7146 7234 29.7 29.7 26.3 26 25.6 25.6 25.6 24.4
2014-6-15 9:00:0025.4 21.1 26.2 25.4 1,008.3 0 77 64 95 2.6 95 2.4 98 2.1 70 3 64 4.9 4808 4834 26.3 27 26.1 25.5 25.4 25.6 25.7 24.4
2014-6-15 8:00:0026.2 18.6 26.2 25.3 1,008.5 0 63 62 66 2.1 72 1.7 53 1.3 53 1.3 79 2.2 7624 6850 26.2 26.2 24.8 25.2 25.3 25.6 25.8 24.5
2014-6-15 7:00:0025.3 19.2 25.3 24.3 1,007.5 0 69 67 - 0 - 0 153 0.4 177 2.5 179 3.7 6423 6765 24.7 24.7 23.7 24.7 25.3 25.7 25.9 24.5
2014-6-15 6:00:0024.3 20.2 24.4 24.1 1,007.1 0 78 77 169 1.9 164 1.3 164 0.8 87 1.3 169 1.9 5924 6063 23.7 23.7 22.9 24.6 25.4 25.9 26.1 24.5
2014-6-15 5:00:0024.4 20.1 25.3 24.4 1,007.3 0 77 65 67 0.9 72 0.7 87 1.3 55 2.1 31 3.2 6410 6733 22.9 23.8 22.8 24.8 25.7 26.2 26.3 24.5
2014-6-15 4:00:0025.2 18.2 25.4 25.1 1,007.3 0 65 60 57 2.2 57 1.9 67 1.3 69 1.3 40 2.2 9148 9377 23.8 24 23.8 25.1 26 26.4 26.5 24.5
2014-6-15 3:00:0025.2 17.9 25.4 25.2 1,006.7 0 64 63 83 1.2 83 1.1 58 0.9 138 1.3 138 2 10430 9984 24 24.6 24 25.5 26.3 26.7 26.7 24.5
2014-6-15 2:00:0025.4 19.1 25.8 25.4 1,007.2 0 68 65 73 0.6 74 0.6 80 0.8 72 0.8 64 1.1 7285 7368 24.6 24.7 24.6 25.8 26.6 26.9 26.9 24.5
2014-6-15 1:00:0025.8 18.7 26.3 25.8 1,007.1 0 65 61 114 1 110 0.7 110 0.7 154 1.5 158 2.5 7661 7358 24.8 25 24.8 26.1 26.9 27.3 27.1 24.5
2014-6-15 00:00:0026.3 18.2 27 26.3 1,007.3 0 61 57 154 1.5 159 1.3 156 1 163 1.7 168 2.7 7678 7512 25 25.4 25 26.5 27.3 27.6 27.4 24.4
2014-6-14 23:00:0027 18 27.3 26.9 1,007.6 0 58 56 160 1.7 164 1.2 164 1.7 149 2.2 148 4.1 7828 7756 25.4 25.6 25.4 26.9 27.8 28 27.7 24.4
2014-6-14 22:00:0027.3 17.8 27.3 26.8 1008 0 56 56 154 2.4 154 1.7 152 1.8 150 1.9 145 3.2 7326 7148 25.6 26.1 25.6 27.5 28.4 28.5 27.9 24.3
2014-6-14 21:00:0026.8 19.9 27.3 26.8 1,007.7 0 66 61 114 2.3 112 1.4 112 1.4 105 1.8 100 2.8 7480 7422 26.1 26.6 25.9 28.2 29.1 29.1 28.2 24.1
2014-6-14 20:00:0027.3 19.1 28 27.3 1,007.2 0 61 56 119 2.6 119 1.7 115 1.7 110 2.2 110 3.7 8843 8782 26.6 27.9 26.6 29.3 30.1 29.7 28.4 24
2014-6-14 19:00:0028 18.4 29 28 1,007.2 0 56 51 76 2.5 76 1.6 84 1.8 90 2.7 100 4.4 7864 8049 27.9 31.2 27.9 31 31.3 30.2 28.6 23.9
2014-6-14 18:00:0029 19 30 29 1007 0 55 48 93 2.5 91 2.3 91 2.7 83 3.8 91 6.2 8375 8003 31.2 35.5 31.2 33 32.4 30.6 28.5 23.9
2014-6-14 17:00:0030.1 17.9 30.4 30.1 1007 0 48 48 77 5.7 79 3.5 80 3.6 82 4.2 89 6.9 9184 9155 35.7 40.1 35.7 35.1 33.2 30.7 28.2 23.8
2014-6-14 16:00:0030.2 19.9 31.2 30.2 1,006.6 0 54 52 94 4.5 87 3.8 78 4.2 87 4.8 76 7.4 6661 6788 39.9 44.4 39.9 36.7 33.6 30.4 27.8 23.7
2014-6-14 15:00:0031.3 20.3 32.7 31.3 1,006.6 0 52 34 92 6.6 85 4.7 78 3.8 71 4.5 65 6.8 5553 6242 44.6 48.7 44.6 37.5 33.3 29.9 27.3 23.7
2014-6-14 14:00:0032.6 14.7 32.6 31.7 1,006.7 0 34 33 70 5.6 74 4.2 59 3.5 53 3.6 49 5.8 15703 13583 48.5 49.2 48 37.5 32.5 29 26.7 23.7
2014-6-14 13:00:0031.9 17 31.9 31 1,007.2 0 41 40 51 5.2 54 3.3 27 3.4 42 3.6 51 5.2 9323 9191 49.3 49.5 42.9 36.3 31.4 28.1 26 23.7
2014-6-14 12:00:0031.4 16.9 32 31.1 1,007.4 0 42 40 47 4.9 52 3.8 42 3.4 48 3.7 56 5.5 8529 7930 46.6 52.2 45.1 35.5 30.1 27 25.4 23.7
2014-6-14 11:00:0031.8 17.7 31.8 29.9 1,007.6 0 43 41 297 3.7 267 2.4 205 1.4 266 2.5 235 4.3 7857 8022 51.8 51.8 44.6 33.1 28.1 25.9 25 23.7
2014-6-14 10:00:0029.9 18 29.9 28.3 1,008.1 0 49 49 246 2.8 253 1.8 235 1.7 231 2.1 249 3 6726 6259 44.7 44.7 35.4 29.7 26.2 25.1 24.7 23.8
2014-6-14 9:00:0028.3 18.7 28.3 26.4 1,008.2 0 56 56 225 1.6 244 1.2 242 1.5 242 2 244 3 5216 5280 35.9 35.9 30.1 26.8 25 24.6 24.7 23.8
2014-6-14 8:00:0026.4 18.8 26.4 25.2 1,008.3 0 63 63 235 2.2 235 1.8 228 1.6 247 1.9 252 2.9 5012 4998 29.9 29.9 25.3 24.8 24.3 24.5 24.7 23.8
2014-6-14 7:00:0025.2 18.9 25.2 23.2 1,007.9 0 68 67 226 1.1 238 0.9 230 1 207 1.3 210 2.6 5432 5535 25.2 25.2 23.2 23.9 24.1 24.5 24.9 23.8
2014-6-14 6:00:0023.2 19.4 23.2 22.7 1,007.7 0 79 79 - 0 - 0 - 0 249 0.3 238 0.9 3450 3422 23.2 23.2 21.9 23.3 24 24.6 25 23.9
2014-6-14 5:00:0022.7 19.3 22.7 22.4 1,007.3 0 81 81 - 0 - 0 - 0 206 0.4 202 1 3636 3735 21.9 21.9 21.3 23.1 24.1 24.9 25.2 23.9
2014-6-14 4:00:0022.4 19.2 22.5 22.3 1,007.1 0 82 79 - 0 - 0 - 0 278 0.3 274 0.6 3367 3073 21.3 21.3 21.1 23.2 24.4 25.1 25.5 23.9
2014-6-14 3:00:0022.4 19.2 22.8 22.4 1,007.1 0 82 79 - 0.2 - 0 - 0.2 - 0.2 272 0.5 3459 3310 21.2 21.5 21.2 23.5 24.8 25.5 25.7 23.9
2014-6-14 2:00:0022.8 19 23.5 22.8 1,006.9 0 79 73 - 0 - 0 - 0 - 0 - 0.1 3892 3985 21.5 21.9 21.5 23.9 25.2 25.8 26 23.8
2014-6-14 1:00:0023.5 18.4 25.1 23.5 1,007.3 0 73 64 - 0 - 0 - 0 186 0.7 192 1.4 4668 4715 21.9 22.5 21.9 24.4 25.6 26.2 26.2 23.8
2014-6-14 00:00:0025.1 17.6 26.3 25.1 1008 0 63 53 151 0.8 - 0.1 178 0.3 199 1.6 198 3.1 5583 5873 22.6 23.2 22.6 25 26.2 26.6 26.5 23.8
2014-6-13 23:00:0026.3 16 26.3 25.5 1008 0 53 52 204 2.4 205 1.9 201 1.6 204 2.2 194 3.2 9560 9585 23.2 24.2 23.2 25.7 26.8 27.1 26.7 23.7
2014-6-13 22:00:0025.9 17.8 27.3 25.9 1,008.2 0 61 51 186 1.1 189 1 195 0.9 215 1.9 202 3.1 8557 8676 24.2 25.5 24.2 26.6 27.5 27.5 26.9 23.7
2014-6-13 21:00:0026.4 20.3 26.9 26.4 1,007.8 0 69 67 202 1.4 201 1.2 196 1 196 1 201 1.5 4780 4477 25.6 26.8 25.6 27.6 28.2 28 27.2 23.6
2014-6-13 20:00:0026.9 20.3 27.5 26.9 1,007.1 0 67 61 30 1.2 25 1.1 22 1 51 1.9 25 2.9 5233 5330 26.8 27.9 26.8 28.5 28.9 28.4 27.3 23.6
2014-6-13 19:00:0027.5 19.3 28.4 27.5 1,006.7 0 61 57 59 3.4 57 2.8 54 1.9 20 3.3 16 5.3 4967 4902 27.9 29.8 27.9 29.6 29.8 28.9 27.4 23.5
2014-6-13 18:00:0028.4 19.3 30.4 28.4 1,006.1 0 58 45 74 3.1 79 1.6 71 2.3 41 3.6 58 6 7173 6930 29.8 33.7 29.8 31.2 30.7 29.2 27.3 23.4
2014-6-13 17:00:0030.6 17 31.6 30.6 1,005.3 0 44 40 52 5.2 28 3.2 8 2.5 9 2.8 14 5.6 7767 7707 33.9 39.3 33.9 33.2 31.5 29.3 27.1 23.3
2014-6-13 16:00:0031.6 16.7 31.8 31.4 1,005.1 0 41 39 339 3.7 338 3.2 299 2.2 299 2.2 267 3.7 7878 7417 39.3 43.6 39.3 34.7 31.7 29 26.8 23.3
2014-6-13 15:00:00- - - - - 0 - - - - - - - - - - - - - - - - - - - - - -
2014-6-13 14:00:00- - - - - 0 - - - - - - - - - - - - - - - - - - - - - -
2014-6-13 13:00:00- - - - - 0 - - - - - - - - - - - - - - - - - - - - - -
2014-6-13 12:00:00- - - - - 0 - - - - - - - - - - - - - - - - - - - - - -
2014-6-13 11:00:00- - - - - 0 - - - - - - - - - - - - - - - - - - - - - -
2014-6-13 10:00:00- - - - - 0 - - - - - - - - - - - - - - - - - - - - - -
2014-6-13 9:00:0027.1 17.9 27.1 25.3 1,007.1 0 57 57 223 3.6 221 3 229 3.4 229 3.4 228 4.9 5074 5342 40.2 40.2 33 27.1 24.1 23.4 23.5 23.4
2014-6-13 8:00:0025.3 18.5 25.3 23.2 1,007.1 0 66 66 257 2.3 258 2.1 252 1.9 241 2.6 238 3.8 5224 4963 32.8 32.8 26.8 24.3 22.9 23 23.4 23.5
2014-6-13 7:00:0023.2 18.1 23.2 21.4 1007 0 73 73 249 2.7 243 2.3 242 2 243 2.1 246 3.2 4468 4432 26.6 26.6 21.3 22 22.1 22.9 23.6 23.5
2014-6-13 6:00:0021.4 18.4 21.4 20.5 1,006.6 0 83 83 253 1.8 258 1.3 256 1.2 250 1.5 247 2.1 3922 3781 21.4 21.4 18.4 20.9 22 23 23.8 23.6
2014-6-13 5:00:0020.5 17.9 21.1 20.5 1,006.4 0 85 83 252 1.5 251 1.3 253 1.1 233 1.5 246 2.5 3114 3292 18.4 18.5 18.3 20.7 22.2 23.3 24 23.6
2014-6-13 4:00:0021 18 21.1 20.8 1,006.4 0 83 82 231 2.1 229 1.3 236 1.2 246 1.9 219 2.9 3858 3857 18.5 18.5 18.4 20.9 22.5 23.6 24.3 23.6
2014-6-13 3:00:0020.8 17.6 21.3 20.8 1,006.4 0 82 80 252 1.8 251 1.6 254 1.6 248 1.9 238 3.2 3532 3347 18.5 18.9 18.5 21.2 22.8 23.9 24.5 23.6
2014-6-13 2:00:0021.3 17.5 21.3 20 1,006.3 0 79 79 246 1.9 244 1.7 244 1.6 234 1.6 228 2.8 4385 4581 18.9 18.9 18.7 21.6 23.2 24.3 24.8 23.6
2014-6-13 1:00:0020 17 20.6 20 1,006.6 0 83 80 - 0 - 0 - 0 181 0.5 170 0.8 6119 5777 18.9 19.2 18.9 22 23.7 24.7 25.1 23.6
2014-6-13 00:00:0020.5 16.9 21.5 20.5 1,006.8 0 80 74 - 0 - 0 - 0 211 0.4 170 0.8 5701 6063 19.2 19.9 19.2 22.6 24.3 25.2 25.5 23.6
2014-6-12 23:00:0021.5 16.7 22.4 21.4 1,007.1 0 74 68 - 0.1 - 0 214 0.5 72 1.5 72 1.8 7329 7236 19.9 20.7 19.9 23.3 25 25.7 25.8 23.6
2014-6-12 22:00:0022.4 16.2 23.1 22.4 1,007.2 0 68 65 107 0.7 107 0.7 105 0.6 69 1.5 59 2.5 8574 9121 20.8 21.8 20.8 24.1 25.7 26.2 26.1 23.6
2014-6-12 21:00:0023.1 15.9 23.8 23.1 1007 0 64 61 70 1.5 71 1.2 77 1.4 68 2.5 79 4.5 9787 9691 21.8 22.8 21.8 25.1 26.5 26.8 26.4 23.5
2014-6-12 20:00:0023.8 16.1 24.5 23.8 1,006.1 0 62 58 68 3.2 72 2.2 70 2.3 62 2.9 56 5.3 10585 10739 22.9 24.4 22.9 26.3 27.5 27.4 26.6 23.5
2014-6-12 19:00:0024.5 15.7 25.4 24.5 1,005.7 0 58 55 36 2.8 47 2.2 64 2.7 61 3.5 70 5.8 12121 12185 24.5 27.8 24.5 28 28.6 27.9 26.7 23.4
2014-6-12 18:00:0025.4 15.7 26.7 25.4 1,005.2 0 55 55 60 4.7 57 3.6 57 3.3 63 3.5 60 6.7 11135 12499 27.9 32.6 27.9 30 29.6 28.2 26.7 23.4
2014-6-12 17:00:0026.7 17.2 27.3 26.6 1005 0 56 52 66 3.7 60 2.6 53 2.9 19 3.8 30 6.1 12422 12689 32.6 37.2 32.6 31.8 30.1 28.2 26.5 23.3
2014-6-12 16:00:0027.2 16.8 27.5 26.7 1,004.7 0 53 50 40 5.6 49 4.1 19 3.7 53 3.9 20 6.6 11631 11761 37.3 38.8 36.2 32.7 30.1 27.9 26.2 23.3
2014-6-12 15:00:0026.6 16.5 27.2 26.6 1,004.8 0 54 50 41 3.6 53 3.4 61 3.7 38 4.4 19 7.1 11499 12198 35.3 41.2 35.3 32.6 29.8 27.5 25.9 23.3
2014-6-12 14:00:0027 16.3 27.2 26.5 1,005.2 0 52 48 73 5.1 60 4.6 15 4 45 4.7 44 7.4 9201 11232 40.7 42 35.9 32.4 29.3 27 25.5 23.3
2014-6-12 13:00:0026.7 15.7 26.8 25.6 1,005.5 0 51 50 17 4 25 2.9 28 3 332 3 355 6.2 10680 10798 39.4 43.6 35.4 32 28.5 26.5 25.2 23.3
2014-6-12 12:00:0025.7 16 25.7 25.2 1,006.2 0 55 55 343 4.1 344 3 318 2.9 314 3.5 299 5.7 10318 8417 35.3 40.6 35 30.4 27.8 26 24.8 23.3
2014-6-12 11:00:0025.2 16.9 25.2 24.4 1,006.3 0 60 60 291 4.5 292 2.7 332 2.3 22 3.4 26 5.5 8838 7382 39.6 39.7 34.4 29.7 27.2 25.5 24.5 23.3
2014-6-12 10:00:0024.5 16.7 24.7 24.2 1,006.4 0 62 62 29 4.1 27 3.4 20 3.1 44 3.6 34 5.4 9344 10105 37 40.9 37 29.9 26.3 24.7 24.2 23.4
2014-6-12 9:00:0024.3 17.5 24.5 23.4 1,006.5 0 66 63 42 5.5 46 4.1 44 3.6 44 3.6 35 5.6 10176 11732 38.4 38.4 32.6 27.6 24.8 24.1 24 23.4
2014-6-12 8:00:0023.5 17.9 23.6 22.6 1,006.6 0 71 71 34 5.1 24 3.4 30 3.2 40 3.3 45 5.6 8831 8543 32.7 32.7 27.6 25.1 23.8 23.8 24 23.4
2014-6-12 7:00:0022.6 18.4 22.6 21.5 1,006.4 0 77 77 3 1.2 6 0.7 23 1.8 25 1.9 38 3.9 8168 8136 27.4 27.4 22.4 23.4 23.2 23.7 24.1 23.5
2014-6-12 6:00:0021.5 19.2 21.6 21.4 1,006.2 0 87 87 65 1.2 56 1.3 41 1.4 38 1.7 53 3.3 5688 5681 22.4 22.4 21.4 22.4 23.1 23.8 24.2 23.5
2014-6-12 5:00:0021.6 19.5 21.7 21.5 1,005.9 0 88 86 68 1.2 70 0.8 41 1.4 23 1.7 28 2.9 6073 6398 21.4 21.4 20.9 22.2 23.1 23.9 24.4 23.5
2014-6-12 4:00:0021.5 19.1 21.5 20.7 1,005.6 0 86 86 - 0.2 - 0.2 - 0.1 329 1.2 351 2.9 3913 4293 20.8 20.8 20.2 22.1 23.2 24.1 24.6 23.5
2014-6-12 3:00:0020.7 19 20.7 20.2 1,005.7 0 90 90 298 0.8 305 0.3 299 0.6 285 1.2 284 1.5 6269 6222 20.2 20.2 19.2 21.9 23.4 24.4 24.9 23.5
2014-6-12 2:00:0020.3 18.8 20.5 20.3 1,005.6 0 91 90 - 0 - 0 - 0 - 0 - 0 6275 5931 19.3 19.6 19.3 22.2 23.9 24.8 25.2 23.5
2014-6-12 1:00:0020.5 18.6 21.2 20.5 1006 0 89 87 - 0 - 0 - 0 93 0.8 142 1.2 6706 6942 19.6 20.2 19.6 22.7 24.4 25.3 25.5 23.5
2014-6-12 00:00:0021.1 18.9 21.5 21.1 1,006.3 0 87 86 103 0.8 97 0.6 95 0.8 100 1.2 136 1.7 8385 8287 20.2 20.8 20.2 23.3 25 25.7 25.8 23.5
2014-6-11 23:00:0021.5 19.1 21.6 21.4 1,006.6 0 86 84 110 2 107 1.3 98 1.3 84 2.1 98 3.3 8883 9076 20.9 21.4 20.8 24 25.6 26.3 26.2 23.5
2014-6-11 22:00:0021.7 19.1 22.3 21.7 1,006.3 0 85 82 106 2.1 97 1.4 91 1.3 76 2.8 70 4.4 8808 8808 21.4 22.4 21.4 24.9 26.4 26.8 26.5 23.4
2014-6-11 21:00:0022.3 19.1 23.2 22.3 1,006.3 0 82 78 73 2.7 72 2.8 81 2.3 70 3.1 88 5 11795 12487 22.4 23.7 22.4 25.9 27.3 27.5 26.8 23.3
2014-6-11 20:00:0023.2 19.2 24.1 23.2 1006 0 78 69 71 5 81 2.9 90 2.1 83 2.5 71 5 14646 14959 23.7 25.2 23.7 27.3 28.4 28.1 27 23.3
2014-6-11 19:00:0024.1 18.1 25.1 24.1 1,005.6 0 69 64 86 2.7 87 2.3 73 2.2 71 2.6 79 4.8 17342 17836 25.2 28.8 25.2 29.1 29.6 28.7 27.1 23.2
2014-6-11 18:00:0025.1 17.8 25.8 25.1 1,005.3 0 64 61 84 3.7 81 3 72 2.2 74 2.5 77 4.1 19243 18520 28.9 34.3 28.9 31.4 30.8 29 27 23.2
2014-6-11 17:00:0025.7 17.9 26.1 25.6 1005 0 62 61 124 1.4 114 1.1 77 1.6 90 2.8 83 4.8 19505 19091 34.4 38.6 34.4 33.5 31.5 29 26.7 23.1
2014-6-11 16:00:0025.9 18.1 26.3 25.9 1,005.4 0 62 59 111 3.3 101 2.1 75 2.5 80 3.6 56 5.9 19097 20249 38.7 42.7 38.5 34.8 31.6 28.6 26.2 23.1
2014-6-11 15:00:0026.2 17.8 26.5 25.9 1,005.7 0 60 58 132 4.5 127 3 85 2.3 72 3.3 48 6.2 20830 21840 42.9 46 42.2 35.4 31.2 27.9 25.7 23
2014-6-11 14:00:0026.1 17.7 26.8 25.8 1,006.3 0 60 58 159 4.1 136 1.6 49 2.7 20 3.1 37 6.2 18863 21945 45.7 48.1 42.7 35.2 30.2 27.1 25.1 23
2014-6-11 13:00:0025.9 17.8 25.9 25.3 1,006.5 0 61 60 4 6 1 3.3 18 2.6 68 3.1 17 6.4 32146 22863 46.9 46.9 41.4 33.2 28.8 26.2 24.6 23.1
2014-6-11 12:00:0025.4 17.6 25.4 24.5 1,007.2 0 62 60 51 3.5 64 3.3 50 2.8 66 3 76 5.7 24892 24311 42 43.4 37.4 31.5 27.6 25.3 24.2 23.1
2014-6-11 11:00:0024.4 17.6 24.6 24.3 1,007.3 0 66 64 104 3.8 92 2.8 99 2.8 70 3.8 61 6.3 22338 20237 37.7 41.2 36.4 29.8 26.3 24.5 23.8 23.1
2014-6-11 10:00:0024.4 18.1 24.4 23.6 1,007.5 0 68 66 66 3.8 66 3 69 3.2 70 3.9 51 6.8 17074 19459 39.4 39.4 32.8 27.7 24.8 23.8 23.6 23.1
2014-6-11 9:00:0023.8 18.5 23.8 22.9 1,007.5 0 72 72 64 4.1 47 2.9 64 3.3 65 3.7 67 6.8 17664 15857 34.4 34.4 28.6 25.4 23.7 23.4 23.6 23.2
2014-6-11 8:00:0022.9 18.9 22.9 21.9 1,007.3 0 78 78 87 3.9 80 2.9 67 3.1 63 3.6 54 5.7 14528 12267 29.9 29.9 23.6 23.4 22.9 23.3 23.6 23.2
2014-6-11 7:00:0021.9 18.7 22.1 21.7 1,006.9 0 82 77 84 4.1 77 2.7 69 2.6 60 3.7 55 6 12543 12630 23.6 23.6 21.5 22.1 22.7 23.3 23.8 23.2
2014-6-11 6:00:0021.8 18 21.8 21 1,006.5 0 79 79 87 1.6 76 1.6 71 1.9 77 2.1 71 3.8 13734 13977 21.5 21.5 19.5 21.6 22.7 23.6 24 23.2
2014-6-11 5:00:0021 18.8 21.3 21 1,006.1 0 87 87 71 1.9 72 1.2 69 1.4 63 2 48 3.1 10198 10117 19.5 20 19.5 21.8 23.1 23.8 24.2 23.2
2014-6-11 4:00:0021.3 19.2 21.9 21.3 1,005.9 0 88 84 76 2.3 75 1.5 74 1.8 61 2.4 67 3.9 8377 8866 19.9 21.4 19.9 22.2 23.5 24.1 24.4 23.3
2014-6-11 3:00:0021.9 19.1 21.9 21.8 1,006.3 0 84 84 45 2.1 51 1.5 57 2 71 2.5 63 3.7 13653 13322 21.4 21.4 20.9 22.7 23.8 24.4 24.6 23.3
2014-6-11 2:00:0021.9 19.5 22.1 21.9 1006 0 86 84 71 3.2 72 2.5 73 2 59 2.7 43 4.2 8711 8910 21.1 22.1 21.1 23.2 24.1 24.6 24.8 23.2
2014-6-11 1:00:0022.1 19.5 22.2 22.1 1,006.5 0 85 84 52 3.4 50 2.9 41 1.9 50 2.5 56 4 8952 8935 22.1 22.4 22.1 23.5 24.4 24.9 25 23.2
2014-6-11 00:00:0022.1 19.5 22.2 22.1 1,007.2 0 85 85 59 2.6 60 2.6 60 2.4 61 3.5 69 4.8 9305 8885 22.4 22.6 22.1 23.8 24.8 25.2 25.2 23.2
2014-6-10 23:00:0022.2 19.6 22.3 22.2 1,007.3 0 85 85 48 3.9 58 3.4 64 3.1 65 3.1 83 4.7 8831 8451 22.5 22.9 22.3 24.2 25.2 25.6 25.5 23.2
2014-6-10 22:00:0022.3 19.7 22.4 22.3 1,007.4 0 85 83 81 4.5 76 3.4 76 2.5 65 3.2 70 5.6 9156 8747 22.9 23 22.7 24.6 25.7 26.1 25.8 23.1
2014-6-10 21:00:0022.4 19.4 22.5 22.3 1,007.5 0 83 79 55 3.2 61 2.7 65 2.7 65 2.9 61 4.8 10358 10581 22.9 23 22.5 25.2 26.4 26.6 26 23
2014-6-10 20:00:0022.4 18.8 22.8 22.4 1,006.9 0 80 76 72 3.7 67 2.6 76 2.6 82 3.8 86 6.3 12274 11959 22.9 24.1 22.9 26.2 27.4 27.2 26.3 23
2014-6-10 19:00:0022.8 18.1 23.7 22.8 1,006.6 0 75 70 94 5.3 93 4 84 3.4 74 4.2 69 7.3 14956 14658 24.1 27.2 24.1 27.8 28.6 27.8 26.4 22.9
2014-6-10 18:00:0023.6 17.8 24.4 23.6 1006 0 70 68 71 4.5 71 2.8 88 4.1 80 4.4 67 7.5 19475 20388 27.3 31.9 27.3 30.1 29.8 28.2 26.3 22.8
2014-6-10 17:00:0024.4 18.3 25.3 24.4 1,005.9 0 69 65 78 6 82 4 72 4 64 4.7 55 7.3 23514 20574 32.2 36.3 32.2 32.2 30.6 28.3 26.1 22.8
2014-6-10 16:00:0025.4 18.3 26.2 25.4 1,005.8 0 65 64 75 4.7 70 3.5 68 3.7 68 4.9 63 7.4 19469 22254 36.4 42.3 36.4 34 31.1 28.1 25.6 22.7
2014-6-10 15:00:0026.2 19.3 26.3 25.8 1006 0 66 64 77 4.3 88 2.7 93 3.6 54 4.2 67 7.2 18740 22350 42.2 44.9 40.9 35.1 30.8 27.4 25 22.7
2014-6-10 14:00:0026 19.4 26.1 25.7 1,005.8 0 67 66 56 4.2 48 3.8 74 3.6 77 4.5 77 8.3 22483 23628 44.7 46.5 43.6 35 29.9 26.4 24.4 22.7
2014-6-10 13:00:0025.9 19.1 26.1 25.5 1,006.3 0 66 66 80 4.6 63 4 81 3.9 88 3.9 54 6.4 20347 17740 45.6 46.8 42.9 33.8 28.4 25.2 23.7 22.8
2014-6-10 12:00:0025.5 19.6 25.6 24.2 1,006.6 0 70 69 58 3.3 56 2.6 62 2.9 69 3.6 60 6 30855 20004 46.1 46.3 36.6 31.6 26.3 24.1 23.3 22.8
2014-6-10 11:00:0024.5 19.8 24.8 23.1 1007 0 75 74 70 4.2 60 3.1 59 3.4 67 3.5 74 5.8 13887 17026 38.1 42.4 30.8 28.1 24.3 23.3 23 22.8
2014-6-10 10:00:0023.2 19.8 23.2 22.4 1,007.2 0 81 80 91 2.7 83 1.8 76 2.6 66 3.9 64 5.6 13274 13837 30.7 32 27.1 24.7 23.2 22.9 22.9 22.8
2014-6-10 9:00:0022.4 19.4 22.4 21.7 1,007.4 0 83 83 71 5.1 67 3.5 65 3.7 65 3.9 77 6.3 10784 11168 27 27.2 23.3 23 22.5 22.7 23 22.9
2014-6-10 8:00:0021.7 19.4 21.7 21.4 1007 0 87 87 60 5.1 71 3.6 66 3.5 68 4.2 74 6.2 7646 8119 23.4 23.4 21.9 22.2 22.3 22.7 23 22.9
2014-6-10 7:00:0021.5 19.4 21.5 21.4 1,006.8 0 88 88 76 4.7 71 3.4 68 3.6 62 4.1 71 6.4 7942 7526 22.1 22.1 21.2 21.8 22.2 22.7 23.1 22.9
2014-6-10 6:00:0021.5 19.4 21.6 21.5 1,006.5 0 88 88 57 5.2 63 3.1 61 3.3 58 3.4 53 5.3 10867 10433 21.2 21.2 20.8 21.6 22.2 22.8 23.3 23
2014-6-10 5:00:0021.5 19.4 21.5 21.1 1,006.3 0 88 87 90 3.1 76 1.9 79 1.8 93 2.2 95 3.9 8962 8823 20.7 20.7 20.2 21.4 22.3 23 23.4 23
2014-6-10 4:00:0021.2 19.1 21.4 21.2 1,005.7 0 88 85 88 0.6 89 0.7 85 1.5 105 2.5 104 4.4 6954 8123 20.2 20.6 20.2 21.5 22.5 23.2 23.6 23
2014-6-10 3:00:0021.4 18.8 21.4 21.1 1,006.1 0 85 84 98 2.5 98 2 95 1.6 87 1.6 88 3.2 11099 10935 20.6 20.6 20.1 21.6 22.7 23.4 23.8 23
2014-6-10 2:00:0021.2 18.4 21.2 21.2 1,005.9 0 84 83 79 1.5 82 1.1 111 1.1 135 3 131 4.8 13418 13490 20.2 20.4 20.2 21.8 22.9 23.7 24 23
2014-6-10 1:00:0021.2 18.2 21.3 21.2 1,006.1 0 83 82 123 3 125 2.1 131 2.4 125 3 129 5.3 14262 14639 20.3 20.6 20.3 22 23.3 24 24.2 23
2014-6-10 00:00:0021.3 18.1 21.5 21.3 1,006.7 0 82 81 116 3.9 120 3.1 122 3 125 3.5 118 6.8 12539 12567 20.6 20.7 20.3 22.4 23.6 24.3 24.5 23
2014-6-9 23:00:0021.5 18.3 21.6 21.5 1,007.2 0 82 81 132 5.2 136 2.9 125 3.1 122 3.9 125 6.3 10372 10354 20.6 21.2 20.6 22.9 24.1 24.7 24.7 23
2014-6-9 22:00:0021.6 18.4 21.8 21.5 1,007.3 0 82 80 125 5.4 119 3.6 123 3.7 119 3.7 130 6.7 10644 10669 21.2 21.5 21.1 23.4 24.7 25.2 25 22.9
2014-6-9 21:00:0021.8 18.2 22.3 21.8 1,007.1 0 80 78 104 3.5 107 2.2 114 2.8 121 4 122 6.6 11177 11281 21.5 23 21.5 24.2 25.4 25.6 25.2 22.9
2014-6-9 20:00:0022.3 18.3 22.5 22.3 1,006.7 0 78 78 119 4.9 119 3.9 123 4 101 4 102 8 14196 13530 23 23.6 23 25.2 26.2 26.1 25.4 22.8
2014-6-9 19:00:0022.5 18.7 23.1 22.5 1,006.2 0 79 77 99 6.2 101 4.5 102 4 87 4.7 87 8.1 14115 14219 23.7 26.1 23.7 26.4 27.1 26.6 25.6 22.8
2014-6-9 18:00:0023.2 18.9 23.7 23.2 1,006.1 0 77 75 87 7.1 86 4.3 103 3.6 112 4.3 104 7.3 15280 13276 26.1 28 26.1 27.9 28 27 25.6 22.7
2014-6-9 17:00:0023.7 19 24.5 23.7 1,005.5 0 75 72 114 6.9 115 4.3 106 3.7 87 4.4 76 7.1 14677 13252 28.2 32.1 28.2 29.7 28.9 27.2 25.5 22.7
2014-6-9 16:00:0024.5 19.1 25.5 24.5 1,005.7 0 72 65 93 5.8 87 4.3 89 3.9 96 4.9 108 7.6 14695 13805 32 37.2 32 31.4 29.5 27.2 25.1 22.6
2014-6-9 15:00:0025.4 18.8 25.8 25.2 1,005.5 0 67 63 114 6.6 111 4.1 96 4.9 75 5 73 8.2 14851 14103 37.4 40.8 36.3 32.7 29.6 26.8 24.7 22.6
2014-6-9 14:00:0025.7 18.1 26.1 25.3 1,005.7 0 63 63 71 6 75 4.6 78 4.1 73 5.8 58 8.8 13280 15413 39.5 44.8 39.5 33.4 29.1 26 24.1 22.6
2014-6-9 13:00:0026 18.9 26.4 25.2 1,006.3 0 65 62 89 7.1 79 4.5 70 4.6 66 5.4 61 9 14145 15899 44.8 46.6 39.2 32.6 28 25 23.5 22.7
2014-6-9 12:00:0025.5 18.2 26.1 25 1,006.9 0 64 62 92 3.9 91 4 106 3.9 78 4.1 83 7.1 10558 11360 40.3 45 38.3 31.1 26.3 24 23 22.7
2014-6-9 11:00:0025 18.2 25.1 24.6 1,007.5 0 66 63 70 6.1 74 4.5 90 3.6 89 3.7 65 6.9 12851 12790 38.4 39.8 34.9 28.2 24.5 23.1 22.7 22.7
2014-6-9 10:00:0025.1 17.8 25.1 23 1,007.3 0 64 64 117 3.9 114 3.2 116 2.5 122 3.4 127 5.8 10059 11539 38.8 38.9 26.4 25 22.9 22.6 22.6 22.8
2014-6-9 9:00:0023.1 18.4 23.1 22.8 1,007.3 0 75 71 124 5 127 3.5 126 2.8 136 4 138 6.3 9811 9663 26.5 26.8 25 23.2 22.4 22.3 22.6 22.8
2014-6-9 8:00:0022.7 17.8 22.7 21.9 1,006.9 0 74 74 138 5.5 140 3.6 125 3.4 133 3.4 119 5.7 11107 11272 25.3 25.3 22.5 22.2 21.9 22.2 22.6 22.9
2014-6-9 7:00:0021.9 18.5 21.9 21.2 1,006.7 0 81 81 147 4.1 137 3.2 129 2.9 133 3 135 5.3 8368 7151 22.7 22.7 20.1 21.2 21.5 22.2 22.7 22.9
2014-6-9 6:00:0021.1 18.7 21.1 20.7 1,006.5 0 86 86 119 3.5 120 2.3 123 2.9 125 3 132 5 6609 5781 20.1 20.1 18.9 20.4 21.4 22.3 22.9 22.9
2014-6-9 5:00:0020.7 18.5 20.8 20.6 1,006.2 0 87 84 136 1.6 130 1.5 129 1.7 109 2.3 119 3.9 6787 7322 18.9 18.9 18.6 20.3 21.6 22.5 23.1 23
2014-6-9 4:00:0020.9 18.1 20.9 20.6 1,005.9 0 84 84 119 3 120 2 122 2.2 123 2.5 126 4.4 9176 9498 18.7 18.9 18.5 20.5 21.9 22.8 23.3 23
2014-6-9 3:00:0020.7 18.5 20.9 20.7 1,005.7 0 87 86 139 2.5 133 1.9 123 1.4 111 2.1 131 3.7 7431 6881 18.9 19.2 18.9 20.9 22.2 23 23.5 23
2014-6-9 2:00:0020.9 18.5 21.3 20.9 1,005.7 0 86 83 107 1.9 110 1.6 112 1.5 133 3.2 135 5.5 7378 6667 19.2 19.9 19.2 21.3 22.5 23.3 23.7 23
2014-6-9 1:00:0021.2 18.4 21.3 21.1 1,005.9 0 84 82 135 3.4 132 2.4 134 2.9 135 3.6 141 6.4 8799 8970 19.9 19.9 19.5 21.5 22.8 23.6 24 23
2014-6-9 00:00:0021.2 18.2 21.5 21.2 1,006.2 0 83 81 120 3.7 121 2.2 128 2.4 128 3.7 129 7.6 9524 9634 19.7 20.3 19.7 21.9 23.3 24 24.2 23
2014-6-8 23:00:0021.5 18.3 21.9 21.5 1,006.9 0 82 80 136 5 130 2.8 127 2.8 122 3.6 112 6.5 9898 10712 20.3 21.1 20.3 22.5 23.8 24.4 24.4 23
2014-6-8 22:00:0021.8 18.4 22.1 21.8 1,007.1 0 81 80 110 5.1 113 3.5 113 2.9 116 3.6 113 6.6 10810 10336 21 21.5 21 23.1 24.3 24.8 24.7 23
2014-6-8 21:00:0022.1 18.5 22.5 22.1 1,006.7 0 80 78 116 5 113 3.5 121 3.5 120 3.9 119 6.4 11331 11117 21.5 22.5 21.5 23.9 24.9 25.2 24.9 22.9
2014-6-8 20:00:0022.5 18.7 23 22.5 1,006.1 0 79 78 120 4.8 118 3.6 122 3 106 3.9 110 6.5 9300 9167 22.5 23.5 22.5 24.7 25.7 25.7 25.1 22.9
2014-6-8 19:00:0023 19.2 23.8 23 1,005.6 0 79 75 121 3.7 113 3.1 106 3.5 105 4.2 100 7 10579 11063 23.5 25.8 23.5 25.9 26.5 26.1 25.2 22.9
2014-6-8 18:00:0023.8 19.1 24.8 23.8 1,004.7 0 75 73 125 6.1 123 3.7 109 3.7 100 4.1 109 6.8 14441 13894 25.9 29.1 25.9 27.4 27.3 26.4 25.2 22.8
2014-6-8 17:00:0024.7 19.8 25.2 24.5 1,004.9 0 74 71 105 5 105 3.7 97 3 70 4.5 79 6.9 12130 12207 29.1 31.4 28.4 28.5 27.9 26.5 25.1 22.8
2014-6-8 16:00:0025.2 19.8 25.6 25.1 1,004.9 0 72 71 62 5.9 63 4.5 67 3.7 61 4.5 57 7.3 15971 15230 31.7 34.7 31.7 30 28.3 26.4 24.9 22.8
2014-6-8 15:00:0025.7 20.5 25.9 25.7 1005 0 73 73 73 5.7 74 3.6 73 3.6 64 4.5 82 7.2 13219 12328 34.7 36.7 34.7 30.7 28.2 26.1 24.6 22.7
2014-6-8 14:00:0025.7 20.9 26.5 25.4 1,004.9 0 75 71 98 3.7 84 3 80 3.4 62 5 55 7.1 10787 10901 36.3 38.5 35 30.7 27.9 25.7 24.2 22.8
2014-6-8 13:00:0026.2 21 26.4 25.8 1005 0 73 69 71 5.7 80 3 70 3.8 61 4.8 57 6.9 12893 12184 37.9 41.6 37.4 30.9 27.2 24.9 23.8 22.8
2014-6-8 12:00:0026.1 20.2 26.1 25.2 1,005.2 0 70 70 61 6.1 60 4.7 66 3.9 61 4.1 67 6.7 12923 12198 41.4 41.9 33.1 29.3 25.7 24.2 23.6 22.8
2014-6-8 11:00:0025.2 19.3 25.4 24.9 1,005.6 0 70 69 51 4.4 54 3.5 65 3.3 64 3.7 67 5.2 10403 10969 33.4 33.7 29.6 26.9 24.7 23.8 23.4 22.8
2014-6-8 10:00:0024.9 19.7 24.9 24.5 1,005.9 0 73 72 93 2 80 1.3 83 1.8 88 2.6 93 4.2 8173 8686 29.6 29.6 28.7 25.5 24.1 23.5 23.3 22.8
2014-6-8 9:00:0024.5 20 24.5 24.1 1,005.4 0 76 76 82 2.9 84 2.4 94 2.3 121 2.4 85 3.9 6807 6635 28.8 29.2 27.5 24.8 23.6 23.3 23.3 22.9
2014-6-8 8:00:0024.1 20.4 24.1 23 1,005.4 0 80 80 103 3.1 102 1.9 115 1.9 125 2.4 128 3.9 6182 5875 28.1 28.1 24.1 23.5 23 23.1 23.3 22.9
2014-6-8 7:00:0023 20.5 23 22.4 1005 0 86 86 115 3 124 2.1 125 2.3 127 2.4 136 4 4305 4155 23.9 23.9 21.8 22.6 22.8 23.2 23.4 22.9
2014-6-8 6:00:0022.4 20.7 22.4 22.1 1,004.5 0 90 90 106 2.6 110 2 117 1.4 97 1.9 104 3.1 4260 4263 21.8 21.8 20.6 22.1 22.7 23.3 23.6 22.9
2014-6-8 5:00:0022.1 20.4 22.3 22.1 1,004.2 0 90 90 94 2.5 95 1.9 97 1.9 91 2.1 73 3.4 4630 4628 20.7 20.9 20.7 22 22.9 23.5 23.8 22.9
2014-6-8 4:00:0022.3 20.4 22.5 22.3 1,004.2 0 89 89 115 1.9 117 1.4 95 1.4 81 1.5 119 2.5 5028 4944 20.8 20.9 20.7 22.2 23.2 23.7 23.9 22.9
2014-6-8 3:00:0022.5 20.4 22.9 22.5 1,004.1 0 88 86 96 1.7 94 1.3 85 1.3 79 1.3 79 1.9 5003 5043 20.9 21.6 20.9 22.5 23.5 24 24.2 22.9
2014-6-8 2:00:0022.9 20.4 22.9 22.7 1,004.3 0 86 86 147 0.7 147 0.4 168 0.7 177 1.1 185 2.2 5504 5767 21.6 21.7 21.2 22.9 23.8 24.3 24.4 22.9
2014-6-8 1:00:0022.9 20.6 23.2 22.7 1,004.5 0 87 86 182 1.2 178 0.9 190 1.1 156 1.5 136 2.2 5690 5833 21.2 21.7 21.1 23.1 24.1 24.6 24.6 22.8
2014-6-8 00:00:0023.2 20.7 23.3 23.2 1,004.1 0 86 85 154 1.6 150 1.4 159 1.6 173 2.3 178 4.3 6004 6039 21.7 22.1 21.7 23.6 24.6 25 24.9 22.8
2014-6-7 23:00:0023.4 20.7 23.7 23.4 1,004.1 0 85 85 146 1.6 138 1.2 140 1.7 109 2 138 3.3 6847 7115 22.1 22.7 22.1 24.1 25.1 25.4 25.1 22.7
2014-6-7 22:00:0023.7 21 24.2 23.7 1,004.2 0 85 81 107 2.5 106 2.1 108 2.1 105 2.5 107 4.2 6797 6845 22.7 23.4 22.7 24.8 25.7 25.9 25.4 22.7
2014-6-7 21:00:0024.2 20.7 24.6 24.2 1,003.6 0 81 79 113 2.8 106 2 104 2.3 103 2.6 101 4.5 7357 7469 23.4 24.1 23.4 25.6 26.5 26.4 25.7 22.6
2014-6-7 20:00:0024.6 20.7 25.3 24.6 1,003.2 0 79 71 100 3.5 101 2.5 105 2.2 89 2.4 102 4.1 7792 8023 24.1 25.4 24.1 26.6 27.4 27 25.9 22.5
2014-6-7 19:00:0025.3 19.7 25.9 25.3 1,002.6 0 71 69 94 3.3 93 2.3 89 2.5 99 3 120 4.6 7447 7473 25.4 27.9 25.4 28.1 28.5 27.6 26 22.4
2014-6-7 18:00:0025.9 20 26.9 25.9 1,002.1 0 70 67 89 3.1 83 2.6 98 3.1 70 4 72 6.2 10131 10390 27.9 31.6 27.9 29.9 29.6 28 26 22.3
2014-6-7 17:00:0026.9 20.3 28 26.9 1,001.6 0 67 62 63 3.9 63 3.4 67 3 59 3.7 52 5.8 10536 10821 31.6 36.2 31.6 32.1 30.6 28.2 25.7 22.3
2014-6-7 16:00:0028 20.3 28.5 28 1,001.4 0 63 59 65 4 70 2.8 68 3.3 77 3.4 66 5.2 9268 8912 36.2 39.3 36.1 34 31.1 28 25.3 22.2
2014-6-7 15:00:0028.3 20.3 28.6 28.3 1,001.4 0 62 60 77 4.1 84 3.2 79 3.4 86 3.6 57 5.6 8335 8413 38.5 42.6 38.5 35.2 31 27.4 24.8 22.1
2014-6-7 14:00:0028.4 20.2 28.5 28.1 1,001.7 0 61 60 64 3.6 58 3.1 65 3.2 71 3.4 40 5.6 7385 7809 42.2 43.5 41.6 35.6 30.4 26.6 24.2 22.1
2014-6-7 13:00:0028.2 20.7 28.3 27.8 1,002.3 0 64 63 88 4.5 96 3.1 85 3.1 60 3.7 59 5.4 8587 8539 42.5 44.1 41.7 35 29.2 25.6 23.5 22.1
2014-6-7 12:00:0027.9 21 27.9 27.3 1003 0 66 65 48 4.5 65 2.8 66 2.6 56 3.7 56 5.4 8389 7942 43 43.6 39.2 33.4 27.6 24.5 23 22.1
2014-6-7 11:00:0027.3 21.3 27.9 27.2 1,003.4 0 70 60 55 4.5 52 3.3 53 3.7 66 3.8 54 5.6 8251 8734 39.6 40.4 36.2 31 26 23.6 22.5 22.1
2014-6-7 10:00:0027.4 19.5 27.4 25.5 1,003.6 0 62 61 58 2.3 72 1.5 69 2.1 183 2.4 50 3.9 7338 7435 38 38 32 28.4 24.4 22.8 22.2 22.1
2014-6-7 9:00:0025.5 20.3 25.6 24 1,003.7 0 73 73 182 3.4 176 2.9 201 2.2 201 2.2 169 3.8 6549 6301 31.9 33.8 29.7 26 23.1 22.2 22 22.2
2014-6-7 8:00:0024 20.1 24.1 22.8 1,004.1 0 79 79 217 2.1 216 1.8 187 1.8 131 2.1 137 3.4 5883 5769 29.9 30 25.1 23.7 22 21.8 21.9 22.2
2014-6-7 7:00:0022.7 20 22.7 21.5 1,003.9 0 85 85 140 2.1 141 1.9 134 2 124 2.1 111 3.6 4957 4684 25 25 21 21.6 21.3 21.7 22 22.2
2014-6-7 6:00:0021.4 19.9 21.4 21.1 1,003.7 0 91 91 126 1.6 127 1.3 107 0.9 112 1.2 81 2.3 4134 3806 21 21 19.5 20.5 21.2 21.8 22.1 22.2
2014-6-7 5:00:0021.1 19.4 21.3 21.1 1,003.4 0 90 90 108 1.1 110 1 114 1 111 1.3 112 2.2 4265 4323 19.5 19.5 19.2 20.4 21.3 21.9 22.3 22.2
2014-6-7 4:00:0021.3 19.6 21.4 21.3 1,003.4 0 90 89 119 2.5 123 1.7 125 1.2 121 1.8 115 3.5 4636 4328 19.5 20 19.5 20.6 21.5 22.1 22.4 22.2
2014-6-7 3:00:0021.3 19.4 21.6 21.3 1,003.3 0 89 88 125 2.8 127 1.9 122 1.6 125 1.9 132 3.3 4226 4032 19.9 20 19.7 20.7 21.7 22.3 22.6 22.2
2014-6-7 2:00:0021.6 19.5 21.8 21.6 1,003.6 0 88 88 123 2.6 125 1.6 124 1.9 116 2.1 111 3.6 4415 4487 20 20.4 20 21 21.9 22.5 22.8 22.2
2014-6-7 1:00:0021.8 19.7 21.9 21.7 1,003.8 0 88 86 106 2.8 107 1.7 119 1.9 108 2.7 110 4.5 4767 4788 20.4 20.5 20.3 21.2 22.2 22.8 22.9 22.2
2014-6-7 00:00:0021.9 19.5 21.9 21.7 1,004.1 0 86 84 104 4 109 2.4 110 2.5 108 2.5 103 4.5 5475 5479 20.5 20.6 20.1 21.4 22.4 23 23.2 22.2
2014-6-6 23:00:0021.8 19 22 21.8 1,004.5 0 84 82 109 2.7 115 1.9 104 1.7 108 2.8 105 4.5 6434 6364 20.1 20.5 20 21.6 22.8 23.4 23.4 22.1
2014-6-6 22:00:0021.9 19.1 22 21.9 1005 0 84 83 121 2.2 126 1.6 115 1.7 107 3 114 5.1 5848 5846 20.4 21 20.4 22.1 23.4 23.8 23.6 22.1
2014-6-6 21:00:0022 19 22.2 22 1,004.7 0 83 82 115 4.5 107 2.5 112 2.6 127 3.3 128 5.1 6281 6301 21 21.3 21 22.7 24 24.3 23.9 22
2014-6-6 20:00:0022.2 19.2 22.7 22.2 1,004.4 0 83 79 106 2.5 103 1.9 105 2.5 104 3 106 5.2 6521 6713 21.4 22.2 21.4 23.5 24.8 24.8 24.1 21.9
2014-6-6 19:00:0022.7 18.9 23.5 22.7 1,003.9 0 79 78 107 4.1 104 2.7 104 2.9 78 3.8 76 6.2 8439 8118 22.2 24.9 22.2 24.9 25.8 25.3 24.2 21.8
2014-6-6 18:00:0023.5 19.4 24.6 23.5 1,003.6 0 78 72 71 3.8 77 2.4 74 3.4 73 4.5 73 7.5 7703 8655 24.8 29.6 24.8 26.9 26.9 25.7 24.2 21.8
2014-6-6 17:00:0024.6 19.2 25.2 24.6 1,003.4 0 72 69 71 5.3 70 4.2 71 3.9 69 4.7 64 7.3 11241 11088 29.7 32.6 29.4 28.9 27.6 25.8 24 21.7
2014-6-6 16:00:0025.2 18.9 26.5 25.2 1,003.5 0 68 62 61 5.9 68 4.8 72 4.2 60 4.6 64 7 9901 11490 32.2 37.6 31.5 30.2 27.9 25.6 23.7 21.6
2014-6-6 15:00:0026.5 18.9 26.5 25.8 1,003.7 0 63 62 69 4.3 71 2.7 66 3.2 89 4 63 6.6 16266 12726 37.6 38.8 35.5 31.5 27.8 25.2 23.3 21.6
2014-6-6 14:00:0025.8 19 26.5 25.8 1,004.3 0 66 64 82 4.7 83 3.6 92 4 58 4.2 48 6.4 8868 9812 36 39.5 35.3 31 27.3 24.6 22.8 21.6
2014-6-6 13:00:0026.4 19.5 26.4 25.8 1,004.9 0 66 65 62 3.9 69 3.1 64 3 69 3.4 78 5.9 8185 9018 37.3 40.3 33.9 30.4 26.5 24 22.4 21.6
2014-6-6 12:00:0026.3 19.4 26.6 26 1,005.2 0 66 63 92 3 83 2.8 60 3.1 51 3.3 50 7 7624 8046 37.1 39.6 33.8 29.7 25.7 23.2 21.9 21.6
2014-6-6 11:00:0026.2 19.1 26.3 25.1 1,005.4 0 65 61 54 3 49 2.3 43 2.5 48 2.8 15 5.1 14227 14858 38.6 38.6 32.5 29 24.4 22.4 21.5 21.6
2014-6-6 10:00:0025 19.1 25 24.3 1,005.5 0 70 69 40 2.9 46 2.4 53 1.7 64 2.4 91 3.9 8199 8185 34.7 34.7 29.5 26.2 23.2 21.7 21.2 21.6
2014-6-6 9:00:0024.2 19.1 24.4 23.1 1,005.6 0 73 72 44 2.7 37 2.1 48 2.2 88 2.9 104 4.8 7796 7363 33.2 33.9 27.6 25.2 22 21 20.9 21.7
2014-6-6 8:00:0023.4 19.3 23.4 22.3 1,005.7 0 78 78 88 3.3 90 2.6 76 2.2 94 2.7 94 4.1 6424 5832 29.3 30 24.2 22.8 20.8 20.6 20.9 21.7
2014-6-6 7:00:0022.3 19.3 22.3 20.1 1,005.5 0 83 83 89 2.1 95 2 89 1.9 92 2.1 101 3.2 5331 4979 25.1 25.2 20.9 20.6 19.9 20.4 20.9 21.7
2014-6-6 6:00:0020 19 20 18.6 1,005.5 0 94 93 128 0.3 114 0.3 98 0.8 87 1.1 100 1.5 4231 4297 20.7 20.7 16.9 18.7 19.6 20.5 21.1 21.7
2014-6-6 5:00:0018.7 17.5 19 18.7 1,005.5 0 93 92 - 0 - 0 - 0 20 0.7 18 1 3651 4168 16.9 17.2 16.9 18.5 19.8 20.7 21.2 21.7
2014-6-6 4:00:0018.8 17.5 19.2 18.8 1005 0 92 91 - 0 - 0 - 0 - 0 247 0.5 5359 5525 17.2 17.3 17.1 18.7 20 20.9 21.4 21.7
2014-6-6 3:00:0019.2 17.7 19.4 19.2 1,004.9 0 91 89 - 0 - 0 - 0 238 0.6 242 1.1 6189 6793 17.3 17.7 17.3 19 20.3 21.1 21.6 21.8
2014-6-6 2:00:0019.4 17.5 19.6 19.4 1,005.2 0 89 88 254 0.3 - 0.2 - 0 156 0.6 166 1.3 8555 8360 17.7 17.8 17.7 19.3 20.6 21.4 21.8 21.7
2014-6-6 1:00:0019.6 17.6 20.2 19.6 1,005.4 0 88 86 154 0.4 161 0.4 157 0.6 156 1.1 169 1.6 7585 8267 17.8 18.1 17.7 19.5 20.9 21.6 22 21.7
2014-6-6 00:00:0020.2 18 20.8 20.2 1,005.8 0 87 83 121 1 119 0.9 124 0.5 119 1.1 117 1.4 8658 8685 18.1 18.6 18.1 19.9 21.3 22 22.1 21.7
2014-6-5 23:00:0020.8 17.8 21.2 20.8 1006 0 83 80 134 1.3 135 0.9 133 0.9 150 1.2 151 1.9 9705 9251 18.6 19.1 18.6 20.4 21.7 22.3 22.4 21.7
2014-6-5 22:00:0021.3 17.7 21.9 21.3 1,006.1 0 80 79 134 1.1 135 1 139 1 148 1.6 154 2.6 16251 16192 19.1 19.9 19.1 21 22.2 22.7 22.5 21.6
2014-6-5 21:00:0021.9 18.3 22.3 21.9 1006 0 80 78 149 1.7 147 1.2 148 1.3 120 1.9 112 3.6 12647 11807 19.9 20.7 19.9 21.6 22.8 23 22.7 21.6
2014-6-5 20:00:0022.3 18.9 22.7 22.3 1,005.5 0 81 80 118 2.4 124 1.1 122 1.6 83 2 85 3.3 13796 15433 20.7 21.6 20.7 22.5 23.5 23.5 22.8 21.5
2014-6-5 19:00:0022.7 19.3 23.7 22.7 1,005.2 0 81 74 84 2.3 84 1.7 92 1.6 66 2.8 58 5 14381 15216 21.7 24.4 21.7 23.7 24.3 23.8 22.8 21.5
2014-6-5 18:00:0023.8 18.9 25.2 23.8 1,004.5 0 74 66 60 3.6 64 3 68 2.7 60 3.1 59 4.7 17907 17156 24.5 29.2 24.5 25.4 25.2 23.9 22.7 21.5
2014-6-5 17:00:0025.2 18.2 25.6 25.2 1,004.3 0 65 63 54 3.9 75 2.4 77 1.9 85 1.9 54 3.9 13831 13643 29.3 33.1 29.3 27.3 25.5 23.8 22.4 21.4
2014-6-5 16:00:0025.3 18 25.3 24.4 1,004.7 0 64 64 95 1.8 88 1.8 60 1.7 47 2.9 38 4.2 11101 12995 32.5 33.2 30.6 27.7 25.3 23.4 22.1 21.4
2014-6-5 15:00:0024.5 18.2 24.7 24.1 1,005.2 0 68 68 56 2.8 65 2.7 42 2.7 26 3.1 60 4.9 9895 9811 30.8 33.5 30.7 27.7 24.9 23 21.8 21.4
2014-6-5 14:00:0024.3 18 24.6 23.6 1,005.3 0 68 67 29 4.1 23 3 44 2.3 73 3.1 13 5.6 7729 8624 31.8 34.5 31 27.5 24.2 22.4 21.5 21.4
2014-6-5 13:00:0023.6 18.3 23.6 23.1 1,005.6 0 72 71 66 3.8 62 3.1 52 2.8 50 3 56 5.3 9476 9131 32.4 32.4 28.6 25.9 23.2 21.8 21.2 21.4
2014-6-5 12:00:0023.1 18 23.1 22.3 1006 0 73 72 58 3.1 50 2.5 48 2.5 39 3.2 60 5.3 7602 9482 28.7 29.6 26.4 24.7 22.4 21.4 21 21.4
2014-6-5 11:00:0022.3 18.1 22.8 22.2 1,006.4 0 77 73 54 4.1 60 3.4 52 2.9 14 2.9 17 4.8 10533 9988 26.3 29.1 26.3 23.8 21.7 20.9 20.8 21.5
2014-6-5 10:00:0022.1 17.7 22.1 21.2 1,006.4 0 76 76 310 2.8 311 1.7 308 1.3 68 2.5 67 4 12124 11394 26.7 26.8 22.7 22.1 20.9 20.6 20.7 21.5
2014-6-5 9:00:0021.3 17.7 21.3 20.8 1,006.2 0 80 77 86 3.6 76 2.3 72 2.3 67 2.9 59 4.5 16882 18661 22.8 22.8 21.1 20.9 20.4 20.5 20.7 21.5
2014-6-5 8:00:0020.8 17.2 20.8 20.5 1,005.9 0 80 79 53 3.5 45 1.9 35 2.3 35 3.5 48 6.4 17098 16800 21.1 21.1 20.1 20.1 20.2 20.5 20.7 21.5
2014-6-5 7:00:0020.5 17.1 20.5 20.3 1,005.6 0 81 81 80 2.6 68 1.5 42 1.8 42 1.8 11 4.1 22236 24512 20.1 20.1 19.7 19.9 20.1 20.5 20.8 21.5
2014-6-5 6:00:0020.3 17.5 20.3 20 1005 0 84 83 - 0 - 0 - 0.1 324 1.3 339 3.2 14534 14680 19.7 19.7 19.3 19.7 20.1 20.5 20.8 21.6
2014-6-5 5:00:0020 17.8 20.2 20 1,004.4 0 87 86 42 0.5 74 0.4 - 0.1 64 2.4 59 3.6 11898 9745 19.3 19.3 19 19.6 20.1 20.5 20.9 21.6
2014-6-5 4:00:0020.2 17.8 20.7 20.2 1,003.9 0 86 84 72 3.6 73 2.3 63 2.1 24 2.7 10 5.7 9513 9503 19.3 19.5 19.3 19.7 20.2 20.6 20.9 21.6
2014-6-5 3:00:0020.7 17.9 20.9 20.7 1004 0 84 81 359 3 9 2.3 9 2.8 13 3.1 47 4.7 13611 13073 19.4 19.5 19.3 19.7 20.2 20.7 21 21.6
2014-6-5 2:00:0020.8 17.4 20.9 20.8 1004 0 81 81 20 3.9 19 3.1 12 3 15 3.4 17 5.3 21879 21865 19.4 19.4 19 19.6 20.3 20.8 21.1 21.6
2014-6-5 1:00:0020.8 17.8 20.8 20.5 1,004.6 0 83 83 322 1.9 343 2.3 11 2.1 16 2.5 6 5 13102 11951 19.2 19.2 18.6 19.6 20.4 20.9 21.2 21.6
2014-6-5 00:00:0020.6 17.6 20.9 20.5 1,004.9 0 83 82 14 2.1 7 1.7 16 2.7 17 3 25 5.1 15565 14601 18.8 19.6 18.8 19.8 20.6 21.1 21.3 21.6
2014-6-4 23:00:0021 17.8 21.5 21 1,005.2 0 82 79 28 4.2 25 3.1 21 2.7 24 3.3 20 6.8 11329 12347 19.6 19.9 19.5 20.2 20.9 21.3 21.4 21.6
2014-6-4 22:00:0021.5 17.7 21.7 21.4 1,005.3 0 79 78 291 2.2 296 1.7 295 2.4 17 2.7 323 5.9 10494 11290 19.9 19.9 19.5 20.4 21.1 21.4 21.5 21.5
2014-6-4 21:00:0021.5 17.7 22.4 21.5 1005 0 79 76 6 3.7 3 3.2 24 2.5 18 3.8 6 6.1 17749 17958 19.6 20.6 19.6 20.6 21.4 21.6 21.6 21.5
2014-6-4 20:00:0022.4 17.8 22.9 22.4 1,004.4 0 75 73 47 4.9 47 3.4 30 2.9 15 3.3 15 6.5 18072 16909 20.7 21.1 20.6 21.2 21.7 21.8 21.6 21.5
2014-6-4 19:00:0022.9 17.8 23.6 22.9 1,003.9 0 73 68 352 3.1 10 2 357 1.4 359 2.4 316 5.4 20403 20002 21.1 22 21.1 21.7 22 22 21.7 21.5
2014-6-4 18:00:0023.6 17.4 23.7 23.6 1,003.4 0 68 65 300 2.5 340 1.8 339 2.3 320 4 299 7.7 10273 10261 22 24 22 22.3 22.4 22.1 21.6 21.5
2014-6-4 17:00:0023.7 17 23.9 23.6 1,002.9 0 66 63 312 6.1 320 4.1 320 3.8 319 4.4 319 7.9 10537 10910 23.7 26.1 23.7 23.2 22.7 22 21.5 21.4
2014-6-4 16:00:0023.9 16.7 23.9 23 1,003.1 0 64 61 334 5.6 327 4.4 328 4.2 325 4.4 294 7.7 12676 16397 26.1 26.9 24.5 23.6 22.6 21.9 21.4 21.4
2014-6-4 15:00:0023 16.1 23.4 22.6 1,003.2 0 65 64 307 4.8 302 3.4 307 3.4 304 4.8 325 9.1 16279 16345 25.1 25.7 23.4 23.4 22.7 21.8 21.2 21.4
2014-6-4 14:00:0023.4 16.5 24 22.6 1,003.5 0 65 63 304 6.5 309 3.6 303 4.8 303 5.3 296 8.9 13726 13960 26.1 30.9 25.1 24.9 22.4 21.4 21.1 21.4
2014-6-4 13:00:0022.6 17.3 22.7 21.8 1,003.6 0 72 70 301 4.4 297 3.6 296 3.9 307 4.8 302 7.6 9959 10572 25.1 26.6 23.6 23.1 21.8 21.2 20.9 21.5
2014-6-4 12:00:0021.9 16.8 22 21.6 1,004.4 0 73 72 303 6.8 313 4.3 307 4.8 315 5 316 8.5 10756 10482 24 24.5 23.2 22.4 21.5 21.1 20.8 21.5
2014-6-4 11:00:0021.8 17 22.2 21.6 1,004.8 0 74 71 297 7.3 310 4.6 318 4.5 309 5.1 310 8.7 8737 7589 23.5 24.8 22.2 22.4 21.4 20.9 20.6 21.5
2014-6-4 10:00:0022.2 16.7 22.6 22.2 1,004.4 0 71 68 342 4.7 337 3.8 327 3.8 315 5.1 318 8.5 7911 8446 24.6 27.6 24.6 22.9 21.2 20.5 20.4 21.6
2014-6-4 9:00:0022.2 16.7 22.3 21.5 1,004.3 0 71 70 319 6.4 319 4.8 322 5 322 5 316 8.6 6890 7762 26.1 26.2 23 21.9 20.3 20.1 20.3 21.6
2014-6-4 8:00:0021.6 16.8 21.6 20.6 1,004.3 0 74 73 308 5.7 304 3.4 299 3.8 298 4.5 299 8.5 6952 7168 23 23.5 21.3 20.6 19.7 19.8 20.3 21.6
2014-6-4 7:00:0020.6 16.6 20.6 19.9 1004 0 78 78 286 3.6 280 2.8 294 3 288 3.6 285 6.1 4791 4625 21.1 21.1 19.1 19.3 19.3 19.7 20.3 21.7
2014-6-4 6:00:0019.9 16.5 19.9 19.5 1004 0 81 80 281 5.7 281 3.6 288 2.9 288 3.2 281 5.7 3903 3817 19.1 19.1 17.9 18.4 19 19.7 20.4 21.7
2014-6-4 5:00:0019.5 16.2 19.5 19.1 1,003.7 0 81 81 283 3.6 284 2.9 284 2.7 288 3.2 284 5.6 3374 3479 17.9 17.9 17.2 18.1 19 19.8 20.5 21.7
2014-6-4 4:00:0019.1 16.1 19.2 19.1 1,003.7 0 83 83 282 3.6 287 2.4 276 2.3 286 2.9 284 5.4 3579 3503 17.2 17.2 16.9 17.8 19 19.9 20.6 21.8
2014-6-4 3:00:0019.1 16.1 19.3 19.1 1,003.7 0 83 83 290 6.1 285 3.2 289 2.6 278 3.7 276 6.1 3481 3490 16.9 17.2 16.8 17.9 19.2 20.1 20.7 21.8
2014-6-4 2:00:0019.2 16.4 19.2 18.9 1,003.7 0 84 84 280 4.4 278 3.4 278 3.6 278 3.6 270 5.7 3389 3489 17.2 17.2 17 18.1 19.4 20.2 20.8 21.8
2014-6-4 1:00:0018.9 16.5 19.3 18.9 1004 0 86 84 270 2.3 268 2.1 270 2 255 2.2 257 3.4 3380 3457 17 17.8 17 18.4 19.6 20.4 20.9 21.9
2014-6-4 00:00:0019.3 16.5 19.6 19.3 1,004.7 0 84 83 264 2.3 263 1.3 271 1.6 263 2.4 263 4 4607 4733 17.7 18.3 17.3 18.7 19.8 20.6 21 21.9
2014-6-3 23:00:0019.6 16.6 19.9 19.5 1,004.7 0 83 81 265 3 264 2.5 262 2.3 276 2.9 286 5 6122 5981 18.1 18.5 18.1 19.1 20 20.7 21.1 21.9
2014-6-3 22:00:0019.9 16.7 20 19.9 1,004.8 0 82 80 285 4.1 279 3.1 276 3 274 3.5 280 6 6323 5807 18.5 18.9 18.5 19.4 20.2 20.8 21.2 21.9
2014-6-3 21:00:0019.9 16.5 20 19.8 1,005.1 0 81 81 281 5.8 287 3.2 289 2.7 288 3.4 289 6.6 5317 4984 18.9 19 18.9 19.6 20.4 20.9 21.3 21.9
2014-6-3 20:00:0019.8 17.2 19.8 19.7 1,004.7 0 85 85 298 3.3 288 2.3 282 2.6 275 3.7 273 5.5 4417 4512 19 19.2 19 19.8 20.5 21 21.4 22
2014-6-3 19:00:0019.7 17.5 19.7 19.6 1,004.4 0 87 87 264 3.7 268 2.9 274 2.7 275 2.8 281 4.7 4272 4122 19.2 19.3 19.1 20 20.7 21.1 21.4 22
2014-6-3 18:00:0019.7 17.8 19.8 19.6 1,004.1 0.2 89 86 282 3.7 281 3 288 2.7 278 4.1 275 6.4 2482 3083 19.3 19.9 19.1 20.2 20.9 21.2 21.5 22
2014-6-3 17:00:0019.7 17.3 21.1 19.7 1,003.4 0.1 86 75 274 5.7 279 3.4 286 3.7 290 4.5 298 9.5 4571 4745 19.6 21.4 19.1 20.5 21 21.3 21.5 22
2014-6-3 16:00:0021.1 16.5 21.8 21.1 1,003.5 0 75 70 308 5.4 307 3.6 305 4.3 302 5 304 10.3 7404 8878 20.7 21.2 20.1 20.8 21.1 21.4 21.5 22
2014-6-3 15:00:0021.8 16.1 22 21.7 1,003.6 0 70 68 298 4.8 297 3.4 298 3.4 281 4.2 302 8.7 8477 8847 20.2 21.8 20.2 20.8 21.2 21.4 21.6 22
2014-6-3 14:00:0021.8 15.9 21.9 21.5 1,003.5 0 69 66 284 5.1 286 3.6 282 3.8 275 5 300 8.2 9852 10417 21.8 21.8 20.4 20.9 21.3 21.5 21.5 22.1
2014-6-3 13:00:0022 15.4 22.4 22 1,003.5 0 66 65 302 7.8 301 3.8 294 3.8 277 5.2 277 8.9 11619 11791 21.1 23.8 21.1 21.5 21.5 21.4 21.5 22.1
2014-6-3 12:00:0022.3 15.6 22.3 21.9 1,003.6 0 66 65 296 4.3 288 3.9 282 4 275 5.6 279 9.3 11990 10522 23.8 24.8 22.2 21.8 21.4 21.3 21.4 22.1
2014-6-3 11:00:0022 15.8 22 21.3 1,003.7 0 68 68 274 6.2 274 4.5 277 4.4 282 5.4 284 8.9 8704 8756 23.8 24.2 21.3 21.6 21.1 21.2 21.4 22.2
2014-6-3 10:00:0021.3 15.4 21.6 21.2 1004 0 69 67 286 5.5 290 5.6 293 4 282 5.7 302 9.9 8698 8839 21.2 23.8 20.7 21 21.1 21.1 21.3 22.2
2014-6-3 9:00:0021.6 15.9 21.6 21.1 1,003.6 0 70 70 282 8.1 279 5.6 284 4.7 289 5 284 8.7 8588 6455 24 24.1 22.3 21.4 20.8 20.9 21.3 22.2
2014-6-3 8:00:0021.1 16.5 21.1 20.2 1,003.6 0 75 74 278 5.9 270 3.4 275 4.2 279 4.7 287 8 7283 7235 22.8 22.8 20.2 20.5 20.3 20.8 21.3 22.3
2014-6-3 7:00:0020.2 16.2 20.2 19.8 1,003.9 0 78 77 281 4.1 281 3.9 275 3.7 265 4.1 270 6.5 5994 5989 20.2 20.2 18.8 19.5 20 20.8 21.4 22.3
2014-6-3 6:00:0019.8 16.3 19.8 19.7 1004 0 80 79 281 3.6 279 3.5 274 3.6 280 4.1 251 6.8 5277 5354 18.8 18.8 18.2 19 20 20.9 21.5 22.4
2014-6-3 5:00:0019.7 16 19.7 19.6 1,003.7 0 79 77 272 4.6 277 2.7 273 2.9 278 3.9 275 7.1 8158 8596 18.2 18.3 18.1 19 20.1 21 21.7 22.4
2014-6-3 4:00:0019.7 15.6 19.8 19.6 1,003.5 0 77 76 282 5.2 281 3.9 282 3.8 280 4.2 293 8 10063 10538 18.2 18.2 18.1 19 20.2 21.1 21.8 22.4
2014-6-3 3:00:0019.6 15.3 19.6 19.6 1,003.4 0 76 76 279 2.9 285 2.9 277 3.1 278 4.4 278 7.6 17733 18011 18.1 18.2 18.1 19.1 20.4 21.3 22 22.4
2014-6-3 2:00:0019.6 15.5 19.7 19.5 1,003.7 0 77 76 258 3.3 260 2.7 274 2.8 277 3.5 281 6.6 17377 16884 18.2 18.2 17.9 19.2 20.6 21.5 22.1 22.5
2014-6-3 1:00:0019.7 15.4 19.9 19.7 1,003.9 0 76 73 270 3.8 273 2.9 275 2.9 285 3.8 286 6.3 19643 20226 18.2 18.5 18.2 19.5 20.8 21.7 22.3 22.5
2014-6-3 00:00:0019.9 15.1 20.1 19.9 1,004.3 0 74 73 293 4.7 292 4.1 287 3.5 301 5.4 311 10 22397 24060 18.5 18.9 18.5 19.8 21.1 22 22.5 22.5
2014-6-2 23:00:0020.1 15.5 20.3 20.1 1,004.7 0 75 75 290 6.3 300 4.6 288 5 278 5.2 284 9.5 18189 16124 18.9 19.5 18.9 20.2 21.4 22.2 22.6 22.5
2014-6-2 22:00:0020.3 17.1 20.3 20 1,004.5 0 82 82 279 3.4 281 2.9 288 3.2 278 4.4 272 7.2 8256 8384 19.5 19.7 19.4 20.6 21.7 22.4 22.8 22.5
2014-6-2 21:00:0020 18.1 21.1 20 1,003.9 0.3 89 79 271 5.6 268 3.2 267 3.4 278 5.4 281 8.9 4137 4022 19.6 19.7 19.3 20.8 21.9 22.6 22.9 22.5
2014-6-2 20:00:0021.1 17.3 21.5 21.1 1003 0 79 76 289 6.6 286 4.3 284 5.5 284 5.9 285 9.1 6563 6056 19.7 20.1 19.6 21 22.3 22.9 23.1 22.5
2014-6-2 19:00:0021.3 17.3 22.8 21.3 1,002.2 0 78 67 288 5.3 293 3.8 297 4.3 283 6.9 282 12.3 7919 8274 20 21 19.9 21.5 22.7 23.2 23.2 22.5
2014-6-2 18:00:0022.8 16.4 23.5 22.8 1,001.8 0 67 65 279 10.3 286 6 285 6.4 280 6.7 280 11 14160 13573 21 22.3 21 22.2 23.2 23.5 23.3 22.5
2014-6-2 17:00:0023.5 16.5 23.7 23.5 1,001.6 0 65 65 281 9.5 281 7.4 276 6.3 282 7 283 11.7 12473 12675 22.4 22.8 22.3 23.1 23.8 23.7 23.4 22.4
2014-6-2 16:00:0023.8 17.5 25.2 23.8 1,001.3 0 68 65 289 10.5 281 7.3 283 5.9 275 6.4 276 11.1 9762 8858 22.5 26.5 22.5 24.3 24.4 23.8 23.3 22.4
2014-6-2 15:00:0025.2 18.2 25.6 24.7 1,001.1 0 65 64 269 6.6 269 5.4 269 5.9 258 6.8 267 11 9851 10961 26.6 30.1 26.6 25.9 24.4 23.6 23.2 22.4
2014-6-2 14:00:0024.8 19.4 24.8 23.7 1,000.9 0 72 72 256 5.2 264 5 269 5.5 254 5.9 248 9 8254 8541 29.6 29.9 24.5 24.7 23.9 23.4 23.1 22.5
2014-6-2 13:00:0024.2 19.3 24.7 23.5 1,001.1 0 74 73 266 7.5 264 5.4 265 5.5 266 5.6 281 10.2 9826 11527 26 28.7 24 25 23.8 23.2 23 22.5
2014-6-2 12:00:0024.5 19.8 24.6 23.5 1,001.1 0 75 74 271 5.9 267 3.9 276 4.8 286 5.5 293 9.2 8137 8246 25.9 27.7 24.7 24.5 23.4 23 22.9 22.5
2014-6-2 11:00:0023.4 19.8 23.6 23.2 1,001.4 0 80 80 268 6 273 6.1 277 4.8 275 5 278 9.5 5499 5520 24.4 24.7 23.5 23.4 23.1 22.9 22.9 22.5
2014-6-2 10:00:0023.5 20.2 23.7 23.1 1,001.2 0 82 81 269 5.4 275 4.8 275 4.5 272 5 253 7.9 5337 5224 24.5 24.6 23 23.2 23 22.9 22.9 22.5
2014-6-2 9:00:0023.5 20.2 24 23.4 1,001.1 0 82 80 280 5.8 275 4 274 3.6 268 5.3 283 9.5 5164 4928 23.6 24.6 23.3 23.1 22.9 22.8 22.8 22.6
2014-6-2 8:00:0023.8 20.3 23.8 23.5 1001 0 81 80 273 6.3 272 4.4 269 5.4 266 5.6 268 9.7 4870 5017 24.2 24.2 23 23 22.7 22.7 22.8 22.6
2014-6-2 7:00:0023.6 20.9 23.6 23.3 1,000.8 0 85 84 244 5.4 243 3.8 243 3.7 235 4 239 6.6 4208 4116 23.3 23.6 22.3 22.6 22.5 22.7 22.9 22.6
2014-6-2 6:00:0023.3 20.6 23.3 23 1,000.5 0 85 85 261 4.4 262 2.8 260 3.2 245 3.5 251 5.8 4079 3996 22.4 22.4 21.7 22.1 22.4 22.7 22.9 22.6
2014-6-2 5:00:0023 20.9 23 22.9 1,000.1 0 88 88 253 3.1 247 2.5 247 2.6 251 3.9 246 6 3202 3271 21.8 21.8 21.4 22 22.5 22.8 23 22.7
2014-6-2 4:00:0023 21.8 23.1 22.9 999.6 0 93 93 241 4.1 243 3.1 247 2.9 245 3.4 252 5.6 2572 2499 21.7 22.2 21.7 22.3 22.7 22.9 23 22.7
2014-6-2 3:00:0022.9 22.1 23 22.9 999.6 0 95 94 239 2.6 239 2 246 1.9 228 2.9 248 4.4 2291 2284 22.1 22.3 21.9 22.4 22.7 22.9 23.1 22.7
2014-6-2 2:00:0023 22 23 23 999.8 0 94 93 228 3.8 229 3.2 230 2.8 225 2.9 231 4.4 3714 3781 22.4 22.4 22.2 22.6 22.8 23 23.1 22.8
2014-6-2 1:00:0023 21.8 23.1 23 999.8 0 93 92 219 2.5 224 2.2 228 2.3 206 2.8 211 4.9 5168 5246 22.4 22.4 22.3 22.6 22.8 23 23.1 22.8
2014-6-2 00:00:0023.1 21.7 23.1 23 1,000.2 0 92 92 194 4.1 196 2.8 207 2.7 177 2.8 209 4.3 4658 4776 22.3 22.3 22.2 22.5 22.8 23 23.2 22.8
2014-6-1 23:00:0023 21.6 23 22.9 1,000.2 0 92 92 185 2.8 178 2.4 178 2.8 178 4.2 177 7.4 6405 6863 22.2 22.2 22.1 22.5 22.8 23 23.2 22.8
2014-6-1 22:00:0023 21.5 23 22.8 1,000.8 0 91 91 166 5 172 3.9 171 3.7 168 3.8 178 7.4 7362 8377 22.2 22.2 22.1 22.4 22.8 23.1 23.3 22.9
2014-6-1 21:00:0022.8 21.3 22.8 22.7 1001 0 91 90 161 4 163 2.7 168 3.2 166 4.3 164 7.4 9288 10296 22.1 22.1 22 22.4 22.9 23.2 23.4 22.9
2014-6-1 20:00:0022.8 21.1 22.8 22.6 1,000.9 0 90 90 170 7.2 166 4.1 166 4.4 165 5.3 171 8.6 11766 11445 22 22.2 22 22.5 23 23.3 23.4 22.9
2014-6-1 19:00:0022.6 21.2 22.6 22.3 1,000.7 0 92 91 165 8.3 161 4.6 166 3.8 154 4.2 165 8.3 9474 8702 22.2 22.4 22.2 22.7 23.1 23.3 23.5 23
2014-6-1 18:00:0022.3 20.8 22.3 22.2 1,000.4 0 91 91 149 6 152 3.6 150 3.7 158 4.9 147 8.7 15914 17540 22.4 23 22.4 22.9 23.1 23.3 23.5 23
2014-6-1 17:00:0022.3 20.9 22.3 22 1,001.1 0.1 92 92 152 5.4 154 3.5 158 4.3 154 5 154 8.3 25971 27403 22.9 23.1 22.2 22.9 23 23.4 23.6 23.1
2014-6-1 16:00:0021.9 20.7 21.9 21.7 1,001.8 4.8 93 93 150 7.4 152 5.3 148 5.1 148 5.1 143 8.7 15778 12959 22.2 22.2 21.5 22.4 23 23.5 23.7 23.1
2014-6-1 15:00:0021.7 20.7 22 21.7 1,003.3 11 94 92 203 4.8 203 4.5 189 3.7 162 5.7 158 11.3 8346 8455 21.5 21.7 21.5 22.5 23.2 23.7 23.9 23.1
2014-6-1 14:00:0021.9 20.7 22.4 21.8 1,002.6 9.8 93 89 152 8.4 154 5.3 155 4.9 151 6.4 137 11.4 7804 11506 21.8 22.2 21.6 22.8 23.5 23.8 23.9 23.2
2014-6-1 13:00:0022.4 20.3 22.6 22.2 1,003.4 0.3 88 87 145 9.3 149 6 158 5.6 150 6.4 146 11.8 5329 11672 21.8 23.3 21.8 23.3 23.7 23.9 24 23.2
2014-6-1 12:00:0022.2 20.7 22.2 22.1 1,003.9 1.7 91 90 151 7.8 153 5.2 151 5.2 152 6 159 10.4 22969 16373 22.8 22.8 21.8 23.3 23.7 23.9 24.1 23.2
2014-6-1 11:00:0022.2 20.5 22.8 22.2 1,004.8 1 90 85 143 8.8 151 6.1 152 5.4 153 6.5 148 13.1 8509 13210 21.8 23.5 21.8 23.4 23.8 24 24.1 23.3
2014-6-1 10:00:0022.7 20 22.8 22.4 1,005.4 0.1 85 84 144 7.6 149 5.2 152 4.7 154 5.8 145 10 16451 13347 23.5 23.6 22.2 23.5 23.8 24 24.2 23.3
2014-6-1 9:00:0022.8 20 22.9 22.6 1,005.6 0 84 83 154 8.6 148 5.2 150 5 154 6.1 148 9.7 12564 13344 23.6 24 22.9 23.5 23.8 24.1 24.3 23.4
2014-6-1 8:00:0022.6 19.8 22.6 22.2 1,006.1 0 84 84 137 8.6 138 5.3 146 5.4 148 5.5 146 12.4 11194 10943 23 23 22 23.2 23.8 24.2 24.4 23.4
2014-6-1 7:00:0022.2 19.6 22.2 22 1,006.3 0 85 85 149 9 144 6.2 143 4.9 143 5.4 149 9 13362 12833 22 22 21.4 23.1 23.9 24.3 24.5 23.4
2014-6-1 6:00:0021.9 19.3 22.4 21.9 1,006.5 0.3 85 81 147 6.5 144 5.1 144 4.8 142 5.8 144 9.2 14708 13470 21.4 22.3 20.8 23.3 24.1 24.5 24.7 23.5
2014-6-1 5:00:0022.3 18.9 22.4 22.3 1,006.7 0 81 80 136 7.5 145 5.4 147 4.7 149 4.9 138 8.2 15135 15005 22.3 22.5 22.1 23.6 24.3 24.7 24.8 23.5
2014-6-1 4:00:0022.4 19 22.5 22.4 1,007.1 0 81 80 156 7.4 152 3.9 144 3.8 145 4.3 148 7.4 15072 15314 22.5 22.6 22.5 23.7 24.4 24.8 24.9 23.5
2014-6-1 3:00:0022.5 18.9 22.6 22.5 1,007.6 0 80 79 159 5.8 156 4 150 3.5 151 4.9 143 8.6 18102 18898 22.6 22.7 22.6 23.9 24.6 25 25.1 23.5
2014-6-1 2:00:0022.6 19 23 22.6 1,008.1 0 80 77 155 6.5 154 4.1 159 3.9 156 4.2 158 7.7 17684 18546 22.7 22.9 22.4 24.1 24.8 25.2 25.2 23.5
2014-6-1 1:00:0022.9 18.9 22.9 22.9 1,008.5 0 78 77 152 3.3 154 2.9 152 3.1 156 4.1 150 6.4 20776 19653 22.8 22.9 22.8 24.3 25.1 25.4 25.4 23.5
