2014-7-1 1:00:0021.4 19.9 21.7 21.4 1,009.9 0 91 89 122 1.6 123 1.2 126 1.3 130 1.7 126 2.5 6517 6514 21.2 21.4 21.2 22.5 23.4 23.9 24.2 -
2014-7-1 00:00:0021.7 19.8 22.2 21.7 1,010.1 0 89 84 120 1.4 120 1.2 123 1.4 174 1.8 180 1.9 7484 7351 21.4 21.4 21.3 22.7 23.6 24.1 24.4 -
2014-6-30 23:00:0022.2 19.4 22.3 22.2 1,010.7 0 84 83 173 2.3 174 1.6 173 1.9 172 2.6 177 4 9182 9265 21.3 21.5 21.2 22.9 23.9 24.4 24.6 -
2014-6-30 22:00:0022.3 19.7 22.5 22.3 1,010.5 0 85 84 167 3.8 169 2.8 172 2.7 166 3.3 170 5.1 7144 6332 21.5 21.7 21.5 23.2 24.3 24.7 24.8 -
2014-6-30 21:00:0022.5 19.5 22.8 22.5 1,010.5 0 83 80 162 4.1 158 2.7 164 3 167 3.1 164 4.4 5422 5458 21.7 22.3 21.7 23.7 24.7 25.1 25 -
2014-6-30 20:00:0022.9 19.3 24 22.8 1,010.2 0 80 68 156 2.6 159 1.8 149 2 184 2.2 153 3.5 7332 7808 22.3 22.8 22.3 24.3 25.3 25.5 25.2 -
2014-6-30 19:00:0024 17.7 25.2 24 1,009.8 0 68 62 200 2.1 198 1.8 199 2 175 3.4 180 4.8 14180 14992 22.8 24.4 22.8 25.1 25.9 25.8 25.4 -
2014-6-30 18:00:0025.2 17.1 25.9 25.2 1,009.5 0 61 58 180 3.5 177 3.3 173 3.2 170 3.7 167 5.4 27649 26440 24.4 25.3 24.4 26.1 26.5 26.1 25.5 -
2014-6-30 17:00:0025.9 17 26.6 25.9 1009 0 58 54 168 3.8 169 3.1 163 3.2 163 3.2 161 4.7 27145 25822 25.3 27.4 25.3 27.2 27.1 26.3 25.4 -
2014-6-30 16:00:0026.6 17.4 27 26.6 1009 0 57 52 182 2.2 182 1.9 191 1.9 208 2.3 214 4.4 18670 20762 27.1 29.2 27.1 28.2 27.6 26.4 25.3 -
2014-6-30 15:00:0027 16.9 27.9 27 1,009.1 0 54 48 208 3.7 208 2.3 208 2.3 204 3.4 210 5.1 18940 20383 28.9 32.7 28.9 29.4 27.8 26.2 25 -
2014-6-30 14:00:0027.4 16.4 27.5 27.3 1,009.7 0 51 49 205 4.5 216 2.9 221 3.2 221 3.2 224 5.3 23072 21086 31.2 33.2 31.2 29.8 27.6 25.9 24.7 -
2014-6-30 13:00:0027.4 17 27.4 26.8 1,009.6 0 53 53 200 4.1 202 2.8 208 2.9 215 3.3 208 5 17747 16822 33.3 35.4 32.2 29.7 27.2 25.4 24.4 -
2014-6-30 12:00:0026.8 18.9 26.8 26.5 1010 0 62 59 207 2.9 203 2.3 217 3.1 212 3.9 228 6.2 9866 9072 33.6 33.8 30.9 28.9 26.3 24.8 24.1 -
2014-6-30 11:00:0026.6 19.2 26.6 25.8 1,010.1 0 64 62 224 4.9 214 3.6 211 3.8 218 4.1 202 6.2 14370 11613 33.2 33.3 29.4 27.8 25.4 24.3 23.9 -
2014-6-30 10:00:0025.8 19.7 25.8 25.5 1,010.1 0 69 69 219 5 218 4.1 219 3.4 223 3.8 231 5.6 8034 7954 29.2 29.4 26.9 25.9 24.6 24 23.8 -
2014-6-30 9:00:0025.6 20.4 25.6 24.4 1,009.4 0 73 71 190 3.5 183 3.3 186 3.4 184 3.4 190 4.7 7768 7709 27 27.6 25.4 25 24 23.7 23.8 -
2014-6-30 8:00:0024.3 21.4 24.3 23 1,009.6 0 84 84 178 2.5 177 2.4 176 2.3 176 2.3 177 3.2 6075 6111 25.5 25.5 23.3 23.8 23.6 23.7 23.8 -
2014-6-30 7:00:0023 22 23 22.3 1,009.2 0 94 92 179 1.5 179 1.4 177 1.8 182 2.4 173 3.1 3015 2956 23.3 23.3 22.4 23.2 23.5 23.8 23.9 -
2014-6-30 6:00:0022.3 20.9 22.6 22.2 1,009.4 0.2 92 90 242 0.7 250 0.7 251 0.9 182 1.8 188 2.2 3615 3801 22.4 22.4 22.3 23.1 23.6 23.9 24.1 -
2014-6-30 5:00:0022.6 20.9 22.8 22.6 1009 0 90 85 - 0 - 0 - 0 192 2.7 189 3.8 4410 4544 22.3 22.3 22.2 23.2 23.8 24.1 24.2 -
2014-6-30 4:00:0022.8 20.3 22.8 22.5 1,008.6 0 86 86 181 2.9 181 2.1 190 2.1 190 3 189 4.2 6132 6300 22.3 22.6 22.3 23.4 24 24.2 24.3 -
2014-6-30 3:00:0022.7 21.3 23.2 22.7 1,008.6 0.6 92 87 149 1.6 146 1.4 164 1 209 2 212 2.5 2814 3407 22.6 22.9 22.6 23.6 24.2 24.4 24.5 -
2014-6-30 2:00:0023.2 20.9 23.4 23.2 1,008.5 0.1 87 86 204 2.1 203 1.7 204 1.6 223 1.7 220 2.7 5394 5512 22.9 23.1 22.9 23.8 24.4 24.6 24.6 -
2014-6-30 1:00:0023.4 21.5 23.7 23.4 1,008.1 0 89 82 - 0.2 - 0.2 193 0.5 202 1.2 217 1.5 5077 4453 23.1 23.2 23.1 24 24.6 24.8 24.8 -
2014-6-30 00:00:0023.7 20.6 24.3 23.7 1,008.2 0 83 79 182 1.2 182 1.1 181 1.1 181 2.1 180 2.3 6303 6444 23.2 23.3 23.2 24.3 24.8 25 24.9 -
2014-6-29 23:00:0024.4 20.7 24.6 24.4 1,008.4 0 80 78 180 2.3 180 2 181 2.1 166 2.3 164 3.2 8056 7985 23.3 23.7 23.3 24.6 25.2 25.3 25.1 -
2014-6-29 22:00:0024.7 21.2 25 24.7 1,008.6 0 81 77 180 2.4 180 1.9 175 2.1 159 2.5 160 3.7 8757 8905 23.7 24 23.7 24.9 25.5 25.6 25.3 -
2014-6-29 21:00:0025 21.3 25.3 25 1008 0 80 80 162 2.8 160 2.5 156 2.4 156 2.4 151 3.7 7067 7117 24 24.5 24 25.4 26 25.9 25.5 -
2014-6-29 20:00:0025.3 21.8 26 25.3 1,007.2 0 81 75 136 2.5 137 1.6 130 1.6 120 2.1 127 3.3 7159 7433 24.5 25.3 24.5 26 26.5 26.2 25.6 -
2014-6-29 19:00:0026 21.2 26.6 26 1,006.9 0 75 72 120 2.3 119 1.6 123 1.8 124 2.5 125 4.2 8288 8720 25.3 26.8 25.3 26.9 27.1 26.6 25.7 -
2014-6-29 18:00:0026.6 22.9 27 26.6 1,006.5 0 80 76 103 2.5 102 2.1 98 1.8 60 3.1 59 4.3 6279 6133 26.8 28 26.8 27.8 27.7 26.8 25.7 -
2014-6-29 17:00:0027.1 22.7 28.3 27 1,006.3 0 77 72 56 3.7 58 2.8 54 2.7 65 4.2 61 5.8 5547 5445 28.1 29.6 28 28.8 28.3 26.9 25.5 -
2014-6-29 16:00:0028.3 22.5 30 28.3 1,006.2 0 71 51 57 4.9 58 4.1 67 3.4 69 3.4 59 5.2 5365 5269 29.7 34.6 29.7 30.4 28.7 26.8 25.3 -
2014-6-29 15:00:0029.6 20.7 29.6 29.3 1,006.4 0 59 56 70 1.7 69 0.9 52 1.3 67 2.2 80 3.5 5847 5996 34.3 34.3 32.1 30.6 28.6 26.6 25 -
2014-6-29 14:00:0029.5 20.9 30 29.5 1,006.8 0 60 54 54 1.6 41 1.3 44 1.9 45 2 350 3.6 5639 6015 32.4 35.6 31.9 31 28.6 26.2 24.6 -
2014-6-29 13:00:0029.9 19.6 29.9 29 1,007.2 0 54 52 336 1.2 330 0.8 305 0.9 243 1.7 241 3.1 6866 7084 35.3 38.1 34.6 31.6 28.1 25.6 24.1 -
2014-6-29 12:00:0029 20.5 29.1 28.3 1,007.4 0 60 59 254 1.7 210 1.2 233 1.5 205 2.2 199 4.1 5273 5322 36.3 37.4 34.9 30.9 27 24.8 23.6 -
2014-6-29 11:00:0028.3 20.1 28.3 27.4 1,007.5 0 61 55 247 1.4 249 1.1 224 1.6 202 1.9 199 3 6224 6790 34.4 35.1 32 29.3 25.9 24 23.2 -
2014-6-29 10:00:0027.5 20.8 27.5 26.5 1,007.7 0 67 63 246 2.2 220 1.5 210 1.2 214 1.9 223 3.5 6804 6576 33.6 33.8 31 27.7 24.8 23.4 22.9 -
2014-6-29 9:00:0026.5 19.4 26.5 24.2 1,007.7 0 65 65 256 2.1 251 1.8 269 1.7 269 1.7 281 3 7819 7742 32.2 32.2 27.8 26 23.6 22.8 22.7 -
2014-6-29 8:00:0024.2 21.5 24.2 22.4 1,007.6 0 85 85 256 1 250 0.9 244 1 208 1.6 208 2.7 5416 5092 27.5 27.5 24.6 23.8 22.6 22.5 22.7 -
2014-6-29 7:00:0022.4 21.9 22.4 21 1,007.1 0 97 97 199 1.5 196 1.3 203 1.2 211 1.4 214 2.3 3076 2756 24.4 24.4 21.1 22 22 22.4 22.8 -
2014-6-29 6:00:0021 20.5 21 20.5 1,007.1 0 97 97 213 1.4 213 1.2 211 1 203 1.3 204 1.5 1143 930 21.1 21.1 19.8 21.3 22 22.5 22.9 -
2014-6-29 5:00:0020.5 20 20.7 20.4 1,006.7 0 97 97 228 0.8 224 0.8 196 0.7 180 1.8 192 2.4 772 602 19.8 19.8 19.7 21.2 22.2 22.8 23.1 -
2014-6-29 4:00:0020.6 20.1 21.2 20.6 1,006.5 0 97 97 171 1.8 170 1.6 161 1.4 209 1.9 207 2.5 761 680 19.9 20.3 19.9 21.5 22.5 23 23.3 -
2014-6-29 3:00:0021 20.5 21.4 21 1,006.7 0 97 97 207 1.6 206 1.3 208 1.4 210 1.4 215 1.8 908 814 20.3 20.9 20.3 21.9 22.8 23.2 23.4 -
2014-6-29 2:00:0021.4 20.9 21.5 21.1 1,006.7 0 97 97 - 0.1 - 0 257 0.8 197 1.4 198 1.9 1636 1552 20.9 21.5 20.9 22.3 23.1 23.4 23.6 -
2014-6-29 1:00:0021.5 21 21.8 21.5 1,007.2 0 97 97 162 0.5 160 0.4 144 0.4 143 0.5 141 0.6 204 216 21.5 21.9 21.5 22.7 23.3 23.6 23.7 -
2014-6-29 00:00:0021.8 21.3 21.8 21.4 1,007.7 0 97 96 148 0.6 167 0.3 151 0.3 132 0.8 132 0.9 709 341 21.8 22.1 21.6 22.9 23.6 23.8 23.9 -
2014-6-28 23:00:0021.5 20.8 22 21.5 1,007.9 0 96 96 148 0.7 151 0.6 172 0.5 305 0.5 315 0.7 375 231 21.7 22.2 21.7 23.2 23.9 24.1 24 -
2014-6-28 22:00:0022.1 21.4 22.5 22.1 1,007.9 0 96 95 291 0.3 290 0.3 - 0.2 115 0.8 159 1.3 915 1084 22.3 22.7 22.3 23.6 24.2 24.3 24.2 -
2014-6-28 21:00:0022.6 21.8 22.8 22.6 1,007.5 0 95 95 322 0.6 323 0.5 310 0.6 226 1.1 267 1.2 2318 2359 22.7 23.4 22.7 24.1 24.6 24.6 24.3 -
2014-6-28 20:00:0022.8 21.8 22.9 22.8 1,006.7 0 94 93 258 1.2 255 1.1 218 1.1 218 1.1 206 1.3 2292 2249 23.4 24 23.4 24.6 25 24.8 24.4 -
2014-6-28 19:00:0022.8 21.6 22.8 22.7 1006 0 93 92 105 0.7 100 0.5 34 0.6 218 1.3 164 1.2 3387 3765 24 24.2 24 25 25.3 25.1 24.5 -
2014-6-28 18:00:0022.7 21.2 22.9 22.7 1,005.5 0.7 91 88 228 1.2 230 0.9 216 1.2 57 2.4 292 4.6 3093 3383 24.1 24.5 24 25.5 25.8 25.4 24.6 -
2014-6-28 17:00:0022.9 20.8 26 22.8 1,005.2 8.7 88 80 48 3 43 2.1 59 2.5 29 5.6 29 8.1 5071 5476 24.5 26.9 24.3 26.3 26.4 25.6 24.5 -
2014-6-28 16:00:0026.1 22.4 29 26.1 1,005.5 0 80 60 23 6.4 26 4.1 35 4.5 39 5 37 8.1 5308 5112 27 32.5 27 29.1 27.4 25.6 24.1 -
2014-6-28 15:00:0029 21 29 28.2 1,005.2 0 62 61 215 3.9 203 3.1 204 2.8 186 3.1 185 5 5036 5420 32.4 33 31.3 29.6 27.2 25.2 23.8 -
2014-6-28 14:00:0028.1 21.9 28.7 28.1 1,005.8 0 69 66 232 2.3 228 1.3 207 1.8 193 2.6 206 4.4 4593 4644 31.3 32.9 30.8 29.3 26.9 24.9 23.4 -
2014-6-28 13:00:0028.6 21.6 28.8 28 1,005.9 0 66 65 94 0.8 83 0.3 96 0.5 288 1.3 282 2.4 4013 4180 32.4 35.2 32.4 29.7 26.4 24.2 23 -
2014-6-28 12:00:0028 21.8 28 26.9 1,006.3 0 69 69 236 0.9 236 0.4 258 0.6 267 1.8 280 3.3 4492 4436 32.7 34 31.8 28.6 25.5 23.6 22.6 -
2014-6-28 11:00:0026.8 22 26.8 26.1 1,006.8 0 75 74 228 0.8 231 0.6 219 1.4 211 2.2 208 2.8 4357 4288 32.1 33 29.9 27.4 24.7 23 22.2 -
2014-6-28 10:00:0026.2 22.3 26.6 25.2 1,006.9 0 79 73 227 2.1 222 1.9 209 2.1 206 2.1 266 3.4 4230 4237 29.9 31.9 29.8 26.6 23.7 22.3 21.9 -
2014-6-28 9:00:0025.2 21.9 25.2 23.1 1,006.8 0 82 81 250 2.4 249 1.9 245 1.9 252 2.3 256 3.2 4331 4681 30.5 30.5 26.5 24.7 22.4 21.7 21.7 -
2014-6-28 8:00:0023.1 22.6 23.1 21.8 1,006.8 0 97 97 235 2.3 241 1.7 233 1.5 225 2.1 226 2.9 3299 3096 26.3 26.3 22.9 22.5 21.5 21.3 21.6 -
2014-6-28 7:00:0021.8 21.3 21.8 20 1,006.7 0 97 97 240 1.1 238 0.8 233 0.7 188 1.1 198 1.6 2366 2272 22.8 22.8 20.6 21.1 20.9 21.2 21.7 -
2014-6-28 6:00:0020 19.5 20 18.9 1,006.7 0 97 97 179 1 178 0.9 174 0.7 174 0.7 179 1 4679 4861 20.6 20.6 18.8 20.2 20.7 21.3 21.8 -
2014-6-28 5:00:0018.9 18.4 19 18.8 1,006.3 0 97 97 - 0 - 0 - 0 121 0.5 123 0.6 3999 3579 18.8 18.8 18.7 19.9 20.8 21.4 21.9 -
2014-6-28 4:00:0019 18.5 19.2 18.9 1,006.1 0 97 97 127 0.4 123 0.4 110 0.4 104 0.5 109 0.6 698 1215 18.8 19 18.8 20.1 21 21.6 22.1 -
2014-6-28 3:00:0019.1 18.6 19.3 19.1 1,006.2 0 97 97 - 0 - 0 - 0.2 58 0.6 154 0.8 3566 2776 19 19.3 19 20.3 21.2 21.8 22.2 -
2014-6-28 2:00:0019.3 18.8 19.3 18.9 1,006.5 0 97 97 346 0.4 348 0.4 340 0.4 337 0.4 337 0.5 4584 4346 19.3 19.3 18.8 20.4 21.4 22 22.4 -
2014-6-28 1:00:0018.9 18.4 19 18.8 1,006.6 0 97 96 - 0 - 0 166 0.3 182 0.9 188 1.1 1789 707 18.8 19 18.8 20.6 21.7 22.3 22.6 -
2014-6-28 00:00:0019 18.3 19.6 19 1,007.2 0 96 96 211 0.8 210 0.8 206 0.7 213 0.9 208 1.1 1177 420 19 19.4 19 20.9 22 22.5 22.7 -
2014-6-27 23:00:0019.6 18.9 20.3 19.5 1,007.5 0 96 95 186 0.7 185 0.6 194 0.5 102 0.5 183 0.7 2699 2276 19.4 20.3 19.4 21.5 22.5 22.8 22.9 -
2014-6-27 22:00:0020.4 19.6 21 20.4 1,007.3 0 95 94 93 0.5 89 0.4 104 0.5 78 0.7 78 0.9 1476 830 20.3 21.2 20.3 22.1 22.9 23.1 23 -
2014-6-27 21:00:0020.9 19.9 21.5 20.9 1,007.3 0 94 92 74 0.6 72 0.5 88 0.3 165 1.3 163 1.8 7109 6335 21.2 21.8 21.2 22.7 23.3 23.3 23.1 -
2014-6-27 20:00:0021.5 20.1 22.4 21.5 1,006.8 0 92 90 149 1.4 149 1.1 153 1.1 120 1.8 125 2.8 7919 7440 21.8 23 21.8 23.4 23.8 23.5 23.1 -
2014-6-27 19:00:0022.4 20.7 23.1 22.4 1,006.5 0 90 87 120 2.3 123 1.9 121 1.7 120 2.3 119 3.5 10585 10293 23 24.7 23 24.3 24.2 23.6 23 -
2014-6-27 18:00:0023.2 21.1 23.7 23.2 1,006.3 0 88 83 106 1.9 108 1.6 119 2 55 2.4 80 3.5 13867 15203 24.7 26.1 24.7 25.2 24.5 23.6 22.9 -
2014-6-27 17:00:0023.7 20.6 24.1 23.7 1006 0 83 81 49 2.9 45 2.3 60 2.4 73 3.1 55 4.5 21521 19552 26.1 27.8 26.1 25.7 24.4 23.4 22.7 -
2014-6-27 16:00:0023.7 20.8 23.8 23.2 1,005.9 0 84 83 83 2.8 82 2.4 76 2.3 61 2.7 36 4.6 19947 19054 27.6 28.6 26.8 25.6 24.1 23.1 22.5 -
2014-6-27 15:00:0023.2 21.1 23.2 22.7 1,006.1 0 88 88 19 2.7 12 1.9 20 1.6 30 2.5 39 3.6 15296 15029 27.2 27.4 26.2 25 23.6 22.8 22.3 -
2014-6-27 14:00:0022.8 21.4 22.8 22.2 1,006.2 0 92 91 38 3.8 43 2.5 53 2.3 64 2.9 65 4 11323 11283 26.5 27.6 25.1 24.4 23.2 22.5 22.2 -
2014-6-27 13:00:0022.2 21 22.5 22.2 1,006.2 0 93 91 68 2 65 1.8 78 1.5 83 2.2 99 3.4 22345 12479 25.2 25.2 24.1 23.7 22.9 22.4 22.1 -
2014-6-27 12:00:0022.5 21 22.5 22.3 1,006.4 0 91 90 92 1.8 97 1.3 84 1.4 55 1.9 59 2.9 20151 18365 24.9 25.1 24 23.5 22.7 22.2 22 -
2014-6-27 11:00:0022.3 20.6 22.4 21.9 1,006.7 0 90 90 44 2.1 48 1.9 55 1.8 47 2.7 52 4 25435 23122 24.4 25.9 24.4 23.5 22.4 21.9 21.8 -
2014-6-27 10:00:0022 21.2 22 21.5 1,006.3 0 95 95 28 2.5 23 2.1 26 1.7 28 2.2 36 4 15573 13761 24.3 24.3 22.9 22.6 22 21.8 21.8 -
2014-6-27 9:00:0021.4 20.7 21.5 21.2 1,006.3 0 96 96 37 2 39 1.6 23 1.6 22 2.8 26 4.3 16240 14696 23 23 22.1 22.1 21.7 21.7 21.8 -
2014-6-27 8:00:0021.3 20.8 21.3 21 1,006.1 0.1 97 97 21 3 20 2.2 17 2.2 23 2.6 22 3.7 8776 8111 22.2 22.2 21.3 21.7 21.6 21.6 21.8 -
2014-6-27 7:00:0021 20.5 21 20.9 1,005.6 0 97 97 31 3 29 2.3 23 2.6 17 2.8 28 4 7339 5067 21.3 21.3 21.1 21.4 21.5 21.6 21.8 -
2014-6-27 6:00:0020.9 20.4 20.9 20.9 1,004.8 0 97 96 20 2.6 15 1.9 16 1.8 24 2.6 19 4 3780 3701 21.1 21.1 20.9 21.3 21.5 21.6 21.8 -
2014-6-27 5:00:0020.9 20.4 20.9 20.9 1,004.1 0 97 96 19 1.4 24 1.3 27 2.1 22 3.2 22 5.1 5113 5119 20.9 20.9 20.8 21.2 21.5 21.6 21.8 -
2014-6-27 4:00:0020.9 20.2 20.9 20.8 1,003.7 0 96 96 48 2.9 35 1.9 35 1.8 35 2.4 36 3.6 9380 9848 20.9 20.9 20.9 21.3 21.5 21.7 21.9 -
2014-6-27 3:00:0020.8 20.3 20.8 20.8 1,003.9 0 97 97 24 2.6 22 2.2 36 2.4 40 2.4 30 4.2 10852 11499 20.9 20.9 20.8 21.3 21.6 21.7 21.9 -
2014-6-27 2:00:0020.8 20.3 20.8 20.8 1,004.2 0.3 97 97 30 2.4 28 2 25 2.3 28 2.6 25 4 10123 9652 20.9 20.9 20.9 21.3 21.6 21.8 21.9 -
2014-6-27 1:00:0020.8 20.3 20.8 20.8 1,004.4 0.8 97 96 41 2.1 40 1.6 41 1.9 32 2.4 21 3.6 4160 3403 20.9 21 20.9 21.4 21.7 21.8 22 -
2014-6-27 00:00:0020.8 20.1 20.9 20.8 1,004.6 0 96 96 32 2.3 31 2 34 2.3 52 2.7 41 4.4 2642 2978 21 21 20.9 21.4 21.7 21.9 22 -
2014-6-26 23:00:0020.9 20.2 20.9 20.8 1,004.8 0.3 96 96 53 3.5 54 2.3 53 2.6 69 2.9 71 4.5 17349 15447 21 21 21 21.5 21.8 21.9 22.1 -
2014-6-26 22:00:0020.8 20.1 20.9 20.8 1,004.9 0.1 96 96 78 3.5 75 3 69 2.9 58 3.2 63 4.8 9268 9231 21 21.1 21 21.6 21.9 22 22.1 -
2014-6-26 21:00:0020.9 20.2 21.2 20.9 1005 0 96 96 39 2.7 40 2.2 45 2.5 48 2.8 36 4 13960 15463 21.1 21.4 21.1 21.7 22 22 22.1 -
2014-6-26 20:00:0021.3 20.6 21.3 21.3 1,004.3 0 96 96 65 2.7 64 2.2 69 2.5 65 2.7 61 4 20716 21895 21.4 21.6 21.4 21.8 22 22.1 22.2 -
2014-6-26 19:00:0021.3 20.6 21.3 21.2 1,004.5 0.2 96 96 49 1.6 50 1.4 67 1.2 63 3.2 55 4.8 23347 23046 21.6 21.8 21.6 22 22.1 22.1 22.2 -
2014-6-26 18:00:0021.3 20.8 21.3 21.2 1,003.3 3.8 97 96 75 4.1 75 3.1 53 2.9 76 3.9 66 6.6 35000 31092 21.8 22 21.8 22 22.1 22.1 22.2 -
2014-6-26 17:00:0021.2 20.5 21.2 21.1 1,004.2 7.4 96 96 57 3 59 2.2 55 1.8 55 1.8 57 3 4281 3993 22 22.1 21.4 22.1 22.1 22.2 22.2 -
2014-6-26 16:00:0021.1 20.4 21.2 21.1 1,004.5 18.6 96 96 329 0.6 309 0.5 255 1.4 66 3.5 73 4.8 1301 2219 21.4 22.1 21.4 22.1 22.2 22.2 22.2 -
2014-6-26 15:00:0021.2 20.5 21.3 21.2 1,003.8 4.6 96 96 104 4.4 98 3.3 91 3.4 82 3.8 93 6.4 7636 8577 22.1 22.7 22.1 22.4 22.3 22.2 22.1 -
2014-6-26 14:00:0021.2 20.5 21.2 21.1 1004 3.3 96 96 89 4 88 3.2 90 3.5 87 3.7 85 6.3 4192 6515 22.5 22.9 22.4 22.4 22.3 22.1 22.1 -
2014-6-26 13:00:0021.1 20.4 21.3 21.1 1,004.3 7.5 96 95 92 4.5 92 3.4 86 3.6 82 3.6 77 5.6 11707 10783 22.7 23 21.8 22.3 22.2 22.1 22.1 -
2014-6-26 12:00:0021.3 20.6 21.3 21.2 1,004.9 5.5 96 95 93 4 94 3.2 88 3.5 85 3.6 93 5.6 13541 7697 23 23.5 22 22.5 22.1 22 22 -
2014-6-26 11:00:0021.2 20.4 21.4 21.2 1,005.1 4.8 95 93 97 4.6 93 3.3 95 2.7 96 4.6 95 7.2 2936 2041 22.1 22.6 22.1 22.3 22 21.9 21.9 -
2014-6-26 10:00:0021.4 20.2 21.6 21.3 1,005.7 0 93 93 110 4.1 103 3.1 101 3.9 88 4.5 95 7.3 35000 35000 22.5 24.2 22.5 22.4 21.9 21.7 21.9 -
2014-6-26 9:00:0021.3 20.5 21.3 20.3 1,005.1 2.9 95 95 81 5.1 85 3.8 86 4.3 88 4.4 86 7.4 35000 35000 24.3 24.8 20.7 21.9 21.4 21.5 21.9 -
2014-6-26 8:00:0020.3 19.6 20.3 20.2 1,005.6 4.6 96 96 97 3.9 94 2.6 95 2.8 95 3.2 98 5.5 3225 4550 20.7 20.7 20.5 20.9 21.2 21.5 21.9 -
2014-6-26 7:00:0020.2 19.5 20.2 20 1,005.7 1.7 96 96 78 3.5 78 2.5 83 2.6 85 3.5 91 5.6 30916 35000 20.5 20.5 20.2 20.8 21.2 21.6 22 -
2014-6-26 6:00:0020 19.3 20 19.9 1,005.4 2.6 96 96 92 4.8 89 3.3 86 3.4 86 3.4 86 5.7 6201 7590 20.2 20.2 20 20.7 21.2 21.6 22 -
2014-6-26 5:00:0019.9 19.2 19.9 19.8 1,005.5 9.9 96 96 78 3.5 77 3 75 2.8 81 3.3 88 5.5 9129 7265 20 20 19.9 20.7 21.2 21.7 22.1 -
2014-6-26 4:00:0019.8 19.1 19.8 19.8 1,005.3 2.8 96 96 88 3.9 86 3 86 2.9 91 3.2 81 5.9 5594 6512 20 20 20 20.8 21.3 21.8 22.2 -
2014-6-26 3:00:0019.8 19.1 19.8 19.7 1,005.4 1.3 96 95 72 4.3 71 3.1 78 2.7 83 3 77 5.1 9065 8371 20 20 19.9 20.8 21.4 21.9 22.3 -
2014-6-26 2:00:0019.7 18.9 19.8 19.7 1,005.8 0 95 93 84 3.6 80 2.3 80 2.6 89 3.7 91 6.3 7758 8512 20 20 19.9 20.9 21.5 22 22.4 -
2014-6-26 1:00:0019.8 18.8 19.8 19.7 1,006.4 0 94 94 95 4.2 95 3.3 89 3.4 90 3.7 96 6.1 22307 23684 20 20 19.9 20.9 21.6 22.1 22.5 -
2014-6-26 00:00:0019.7 18.9 19.8 19.6 1,006.8 0.1 95 95 96 6 91 3.1 88 3 92 4.1 86 6.2 16586 17524 20 20 19.9 21 21.7 22.2 22.6 -
2014-6-25 23:00:0019.8 19 19.8 19.5 1,007.4 0.7 95 93 96 5.9 87 4.1 87 3.4 87 3.4 96 6.7 11156 8750 20 20.1 19.9 21.1 21.9 22.4 22.8 -
2014-6-25 22:00:0019.5 18.3 19.7 19.5 1,007.8 0.4 93 93 96 4.2 98 2.6 101 3 103 3.2 104 5.5 11821 10011 19.9 20.1 19.9 21.2 22 22.5 22.9 -
2014-6-25 21:00:0019.7 18.5 20.1 19.7 1,007.6 1.6 93 92 108 3.9 105 2.8 106 2.9 99 3.6 101 6.2 17519 16376 20.1 20.4 20.1 21.4 22.2 22.7 23 -
2014-6-25 20:00:0020.1 18.8 20.3 20.1 1,007.2 0.4 92 92 108 3.8 108 3.3 109 2.9 105 3.2 106 5.4 11938 14570 20.4 20.7 20.4 21.7 22.5 22.9 23.2 -
2014-6-25 19:00:0020.2 19.2 20.2 19.6 1,006.7 0.8 94 94 106 3.4 105 3 106 3.2 92 3.6 89 6.5 18766 18176 20.7 21 20.7 22 22.7 23.1 23.3 -
2014-6-25 18:00:0019.6 18.6 20.7 19.6 1,006.4 3 94 93 79 4.8 80 2.6 80 2.8 66 3.8 91 6.6 6983 6153 21 21.7 21 22.4 23 23.3 23.4 -
2014-6-25 17:00:0020.7 19.5 21.4 20.7 1,006.5 6.1 93 92 74 2.8 79 2.1 75 2.6 98 4.1 98 6.6 1819 2872 21.7 22.4 21.6 22.7 23.2 23.4 23.4 -
2014-6-25 16:00:0021.1 19.9 22.6 21.1 1006 9 93 91 105 2.6 100 1.5 77 1.9 60 3.8 60 6.4 5816 4542 22.3 24 22 22.7 23.4 23.4 23.4 -
2014-6-25 15:00:0022.6 21.2 23.1 22.6 1,006.1 1.2 92 89 87 4.7 82 3.4 87 2.6 105 2.6 87 4.7 6575 5427 24 24.3 24 24.3 24.1 23.8 23.5 -
2014-6-25 14:00:0023.1 21.2 23.5 23.1 1,006.7 0.2 89 86 112 3.5 112 2.5 107 2.4 117 3.1 119 4.8 10532 9775 24.3 25.4 24.1 24.7 24.3 23.7 23.4 -
2014-6-25 13:00:0023.5 21.4 23.5 23.3 1,006.8 0 88 86 108 2.9 106 1.8 99 1.8 113 2.6 117 4 12785 13355 25.4 26.7 25.4 25 24.2 23.6 23.3 -
2014-6-25 12:00:0023.3 21.2 23.4 23.3 1,007.3 0.3 88 88 115 3.3 111 2.5 110 2 130 2.6 122 3.9 15513 15390 25.7 26.3 25.7 24.8 23.9 23.4 23.2 -
2014-6-25 11:00:0023.4 21.5 23.6 23.4 1,007.7 0.2 89 85 120 3 121 1.9 132 1.7 126 2.5 134 3.9 14631 15432 25.9 26.6 25.6 24.6 23.6 23.1 23.1 -
2014-6-25 10:00:0023.4 20.9 23.4 23.1 1,007.3 0.1 86 84 128 3.7 126 2.7 126 2.5 157 2.6 151 3.9 18865 18531 25.6 25.7 23.8 23.7 23.1 23 23 -
2014-6-25 9:00:0023.1 20.2 23.2 22.9 1,007.8 0 84 83 149 1.9 153 1.3 154 2.2 153 3.5 162 5.4 28003 25873 23.8 24.3 23.7 23.2 22.9 22.9 23.1 -
2014-6-25 8:00:0022.9 20.4 22.9 21.8 1,007.2 0 86 86 123 1.8 115 1.5 125 1.2 140 2.8 141 4.2 18417 16636 24.4 24.4 22.2 22.7 22.6 22.8 23.1 -
2014-6-25 7:00:0021.8 20.3 21.8 21.5 1,006.3 0 91 91 126 3 126 2.3 127 2.2 126 2.3 127 3.1 9342 8889 22.2 22.2 21.2 22 22.5 22.9 23.2 -
2014-6-25 6:00:0021.5 20.1 21.5 21.2 1,006.5 0 92 92 156 2.5 156 1.6 146 1.6 121 2.4 121 3.6 8379 8652 21.2 21.2 20.7 21.9 22.5 23 23.4 -
2014-6-25 5:00:0021.2 20 21.2 21.1 1,005.9 0 93 92 111 2.6 109 1.9 107 1.8 107 1.8 112 2.6 9708 8902 20.7 20.8 20.7 21.9 22.7 23.2 23.5 -
2014-6-25 4:00:0021.1 19.7 21.4 21.1 1,006.3 0 92 91 85 0.8 88 0.6 105 0.4 106 1.3 114 1.9 10594 10314 20.7 20.9 20.7 22 22.9 23.4 23.7 -
2014-6-25 3:00:0021.4 19.9 22 21.4 1006 0 91 87 111 1.3 112 1 113 1.1 124 1.3 122 1.8 12358 12336 20.9 21.1 20.9 22.3 23.1 23.6 23.9 -
2014-6-25 2:00:0022 19.7 22.4 22 1,006.2 0 87 83 121 1.6 121 1.3 126 1.3 154 2.6 151 3.9 18729 19906 21.1 21.2 21.1 22.5 23.4 23.9 24 -
2014-6-25 1:00:0022.4 19.4 22.9 22.4 1,006.4 0 83 83 154 3.2 154 2.2 154 2.5 156 2.9 157 4.5 21928 22701 21.2 21.5 21.2 22.8 23.7 24.1 24.2 -
2014-6-25 00:00:0022.9 19.9 23.3 22.9 1,006.6 0 83 81 153 3 155 2.4 155 2.7 157 3.2 169 4.8 23063 22032 21.5 22 21.5 23.1 24 24.4 24.4 -
2014-6-24 23:00:0023.3 20.8 23.5 23.3 1,006.8 0 86 86 155 4.2 156 3.2 157 3.1 152 3.2 158 5.2 10768 10825 22 22.4 22 23.6 24.4 24.7 24.6 -
2014-6-24 22:00:0023.5 21.2 23.6 23.4 1007 0 87 87 159 3.7 157 2.9 157 2.7 156 2.9 160 4.6 8031 7816 22.4 22.7 22.4 24 24.8 25 24.8 -
2014-6-24 21:00:0023.6 21.7 24 23.6 1,006.7 0 89 87 137 3.4 138 2.3 139 2.7 140 3.3 136 5.2 8058 8707 22.7 23.1 22.7 24.5 25.3 25.4 25 -
2014-6-24 20:00:0024 21.7 24.9 24 1006 0 87 82 138 3.9 138 3 140 3.2 135 3.3 129 5.5 14997 15279 23.1 24 23.1 25.2 26 25.8 25.2 -
2014-6-24 19:00:0024.9 21.6 26 24.9 1,005.8 0 82 75 131 4.1 135 2.8 134 2.9 131 3.8 124 6.6 18642 18570 24.1 26.1 24.1 26.2 26.7 26.2 25.3 -
2014-6-24 18:00:0026 21.2 27 26 1,005.3 0 75 72 131 4.4 127 3.6 125 3.6 127 4.5 130 7 23255 18733 26.1 29 26.1 27.6 27.4 26.4 25.2 -
2014-6-24 17:00:0027 21.5 27.8 27 1,005.2 0 72 67 115 5.2 119 4.2 126 3.7 143 4.3 141 6.4 20520 19560 29 31.7 29 29 28 26.5 25.1 -
2014-6-24 16:00:0027.8 21.4 28.3 27.8 1005 0 68 63 133 4.5 143 3.4 141 3.5 123 3.9 124 5.9 15857 14382 31.6 33.7 31.6 30 28.2 26.3 24.8 -
2014-6-24 15:00:0028.1 22.3 28.3 28 1,005.2 0 71 65 77 4.8 88 3 91 3.5 76 4 91 7.5 14155 13080 33.6 34.4 32.1 30.3 28.1 26 24.4 -
2014-6-24 14:00:0028.1 20.9 28.8 28.1 1,005.7 0 65 57 88 4.9 87 3.8 97 2.9 70 3.5 54 6 16227 15182 32.1 37.5 32.1 30.7 27.9 25.6 24 -
2014-6-24 13:00:0028.5 20 28.5 27.8 1,006.1 0 60 58 146 2.7 160 1.8 160 1.2 104 2.5 163 4.9 10639 11317 37.3 37.3 33.5 30.5 27.2 25 23.6 -
2014-6-24 12:00:0027.9 19.7 27.9 26.8 1,006.8 0 61 59 120 1.8 114 1.7 119 2.1 119 2.3 114 4 11368 12394 35.1 36.8 33.4 30 26.5 24.3 23.1 -
2014-6-24 11:00:0026.8 19.4 26.9 26.4 1,007.2 0 64 64 103 1.7 106 1.5 143 1.2 161 2.2 124 3.4 11998 12465 32.9 36 32.3 28.8 25.6 23.6 22.7 -
2014-6-24 10:00:0026.3 20.6 26.3 25.3 1,007.7 0 71 70 124 2.6 123 2.3 141 2.1 136 2.3 134 3.9 11482 11380 33.8 34 31.6 27.4 24.4 22.8 22.3 -
2014-6-24 9:00:0025.3 21.2 25.3 24 1,007.4 0 78 76 135 3 140 2.3 141 2.3 120 2.6 133 4.5 9113 9101 32.1 32.1 28.4 25.7 23 22.1 22 -
2014-6-24 8:00:0024 21.5 24 22 1,007.2 0 86 86 121 2.2 122 1.9 146 1.7 129 2 117 2.9 5904 5913 28.7 28.7 24.3 23.5 21.9 21.7 22 -
2014-6-24 7:00:0022 21.5 22 20.5 1007 0 97 97 140 2 142 1.5 136 1.5 122 1.5 133 2.4 4375 4226 24.2 24.2 20.6 21.4 21.2 21.6 22 -
2014-6-24 6:00:0020.5 20 20.5 19.5 1,006.8 0 97 97 124 1.5 125 1.4 120 1.4 121 1.6 120 2 2063 1982 20.5 20.5 18.6 20.2 21 21.7 22.2 -
2014-6-24 5:00:0019.5 19 19.7 19.5 1,006.9 0 97 97 122 1.9 122 1.8 121 1.5 120 1.5 121 2.4 1507 1026 18.6 18.8 18.6 20.1 21.2 21.9 22.3 -
2014-6-24 4:00:0019.7 19.2 19.8 19.6 1,006.6 0 97 96 125 1.1 127 0.9 125 1 124 1.7 124 2 1691 1344 18.8 19 18.8 20.4 21.4 22.1 22.5 -
2014-6-24 3:00:0019.6 18.9 20 19.6 1,006.5 0 96 95 126 1 128 1 122 1.1 126 1.1 125 1.6 1855 1532 18.8 19.2 18.8 20.6 21.7 22.3 22.7 -
2014-6-24 2:00:0020 19.2 20.5 20 1,006.9 0 95 95 117 0.5 120 0.4 105 0.4 146 1.5 145 2.1 2164 2173 19.2 19.8 19.2 21 22 22.5 22.8 -
2014-6-24 1:00:0020.5 19.7 21.1 20.5 1,007.3 0 95 94 144 1.6 144 1.5 147 1.4 163 1.5 161 2 4272 4221 19.8 20.1 19.8 21.3 22.3 22.8 23 -
2014-6-24 00:00:0021.1 19.9 21.5 21.1 1,007.7 0 93 93 167 1.4 165 1.3 160 1.2 153 2.7 157 4 5070 5610 20.1 20.7 20.1 21.7 22.6 23 23.2 -
2014-6-23 23:00:0021.5 20.3 21.6 21.5 1,007.8 0 93 92 151 3.2 151 2.5 152 2.6 152 2.6 154 3.9 6142 6233 20.7 20.9 20.7 22.1 22.9 23.2 23.3 -
2014-6-23 22:00:0021.5 20.3 21.5 21.3 1,008.2 0 93 91 139 2.8 136 2.2 136 2 139 2.2 142 3.3 7714 7884 20.9 21.1 20.9 22.4 23.3 23.5 23.5 -
2014-6-23 21:00:0021.3 19.8 21.8 21.3 1,007.9 0 91 90 120 2.4 122 2 127 1.7 128 1.7 127 2.5 11029 11980 21.1 21.6 21.1 22.9 23.7 23.8 23.6 -
2014-6-23 20:00:0021.8 19.9 23 21.8 1,007.4 0 89 83 124 1.7 122 1.6 123 1.6 120 1.6 120 2.3 12763 13424 21.6 22.6 21.6 23.6 24.3 24.1 23.7 -
2014-6-23 19:00:0023 20 24 23 1,006.9 0 83 77 119 1.6 120 1.1 126 1.5 173 3.1 166 3.9 16585 16686 22.6 24.6 22.6 24.6 24.9 24.3 23.7 -
2014-6-23 18:00:0024 19.7 24.6 24 1,006.3 0 77 75 173 4.1 173 3.1 174 3 173 3 173 4.1 20436 19727 24.7 26.8 24.7 25.8 25.3 24.4 23.5 -
2014-6-23 17:00:0024.6 19.9 25 24.6 1,006.3 0 75 72 133 2.3 141 1.7 165 2.4 155 2.9 124 4.5 20332 21629 26.8 29.6 26.8 26.8 25.5 24.2 23.3 -
2014-6-23 16:00:0024.9 20.2 25.3 24.9 1,006.1 0 75 69 156 3.1 155 2.5 157 2.8 154 2.8 159 4 25651 25579 28.7 31 28.6 27.2 25.3 23.8 23 -
2014-6-23 15:00:0025.3 19.7 25.3 24.4 1,006.8 0 71 68 135 2.2 141 1.9 121 1.2 152 2.1 118 3.1 29947 28602 31.1 33 30 27.3 24.6 23.3 22.7 -
2014-6-23 14:00:0024.4 20.1 24.4 23.6 1,007.2 0 77 75 127 2.2 133 1.7 156 2 147 2.7 156 4 29154 25218 30.2 30.2 26.8 25.5 23.8 22.9 22.5 -
2014-6-23 13:00:0023.6 19.9 23.6 23.3 1,007.3 0 80 80 144 3.7 145 2.9 147 2.6 147 2.6 146 3.7 18591 22543 26.5 26.5 25.4 24.4 23.2 22.6 22.4 -
2014-6-23 12:00:0023.5 20.1 23.5 22.8 1,008.2 0 81 81 143 1.2 144 1.2 80 0.8 149 1.9 141 2.8 16673 14338 26.5 26.5 23.8 23.8 22.8 22.4 22.3 -
2014-6-23 11:00:0022.8 20.3 22.8 22.5 1,008.2 0 86 83 154 1.2 147 1.1 123 1.1 134 2.5 152 4.7 12135 11700 24.1 24.7 24.1 23.3 22.6 22.2 22.2 -
2014-6-23 10:00:0022.5 19.9 22.5 22 1,008.5 0 85 85 143 1.5 144 1.5 156 1.5 144 3.8 158 5.8 13780 13748 24.6 24.6 23.3 22.9 22.2 22 22.1 -
2014-6-23 9:00:0022 20.3 22 21.3 1,009.1 0 90 90 355 1.1 4 0.9 1 1.1 122 2.6 121 4.5 8389 9874 23.2 23.7 22.4 22.3 21.8 21.8 22.1 -
2014-6-23 8:00:0021.3 20.3 21.3 20.5 1,008.1 0 94 94 102 3.3 101 2.4 105 1.7 96 2.5 121 4.3 13482 11438 22.7 22.8 20.7 21.5 21.5 21.8 22.1 -
2014-6-23 7:00:0020.5 19.8 20.5 20.3 1,008.2 0.5 96 96 43 1.2 37 0.9 53 0.9 17 1.5 115 2.6 8774 7802 20.7 20.8 20.2 21 21.5 21.8 22.2 -
2014-6-23 6:00:0020.3 19.6 20.3 20.1 1008 0.1 96 96 35 1.8 30 1.5 346 1.2 18 1.2 35 1.8 4137 6124 20.2 20.2 19.9 20.9 21.5 21.9 22.3 -
2014-6-23 5:00:0020.1 19.4 20.1 20 1,007.8 0 96 95 60 0.6 51 0.5 16 1.2 26 1.7 3 2.4 6349 6646 19.9 20 19.9 20.9 21.6 22.1 22.4 -
2014-6-23 4:00:0020.1 19.3 20.2 20.1 1,007.5 0 95 95 39 1 33 0.9 28 1.2 102 1.4 105 2.1 8922 8635 20 20 20 21 21.7 22.2 22.6 -
2014-6-23 3:00:0020.2 19.4 20.3 20.2 1,007.3 0 95 95 111 1.7 108 1.3 85 0.9 102 1.2 115 1.8 8489 8414 20 20.1 20 21.1 21.9 22.4 22.7 -
2014-6-23 2:00:0020.3 19.5 20.5 20.3 1,007.9 0 95 94 124 1 126 0.8 131 1 125 1.5 120 2.4 7895 7599 20.2 20.3 20.1 21.3 22.1 22.5 22.8 -
2014-6-23 1:00:0020.5 19.5 20.7 20.5 1,008.1 0 94 93 125 2.1 123 1.5 130 1.4 124 2 134 3.2 7692 7636 20.2 20.5 20.2 21.5 22.3 22.7 23 -
2014-6-23 00:00:0020.6 19.4 20.8 20.6 1,008.6 0 93 93 121 1.4 122 1.5 103 1.4 115 1.9 128 3.4 7051 7431 20.5 20.6 20.5 21.7 22.5 22.9 23.1 -
2014-6-22 23:00:0020.8 19.6 20.9 20.8 1,009.2 0 93 92 90 2 82 1.1 77 1.3 100 1.7 104 3.1 5993 5951 20.6 20.8 20.6 22 22.8 23.2 23.3 -
2014-6-22 22:00:0020.9 19.6 21.1 20.9 1,009.1 0 92 91 111 1.5 111 1.4 97 1.7 120 1.8 107 3.2 6526 6854 20.8 21.1 20.8 22.3 23.1 23.4 23.4 -
2014-6-22 21:00:0021.1 19.6 21.5 21.1 1,008.9 0 91 87 119 1.7 117 1.5 120 1.8 116 2.7 122 4 9513 10025 21.1 21.3 21.1 22.7 23.5 23.7 23.6 -
2014-6-22 20:00:0021.5 19.2 22 21.5 1,008.7 0 87 84 117 3.6 117 2.5 117 2.8 117 2.8 111 4.5 15438 15870 21.4 22.1 21.4 23.2 24 24 23.7 -
2014-6-22 19:00:0022 19.2 22.7 22 1,008.1 0 84 81 113 3.3 114 2.5 114 2.2 89 2.8 96 4.6 21226 22553 22.1 23.6 22.1 24 24.5 24.3 23.7 -
2014-6-22 18:00:0022.8 19.4 23.6 22.8 1,007.9 0 81 78 92 3.5 88 3.1 88 2.9 87 2.9 88 4.5 23121 21002 23.6 25.6 23.6 25.1 25 24.4 23.7 -
2014-6-22 17:00:0023.6 19.5 24.2 23.6 1,007.9 0 78 75 87 3.3 85 2.8 85 2.7 88 3 98 4.8 19608 21722 25.7 28.4 25.7 26 25.3 24.3 23.6 -
2014-6-22 16:00:0024.1 19.8 24.3 24 1,007.8 0 77 76 109 3.6 102 2.5 102 2.4 66 3.2 56 5.2 20507 23250 28.3 28.4 27.3 26.3 25.2 24.2 23.4 -
2014-6-22 15:00:0024.1 20 24.8 24.1 1,007.8 0 78 73 67 3.1 67 2.5 61 3.2 57 3.4 51 5.2 22000 18907 27.3 28.6 27 26.3 25.2 24 23.2 -
2014-6-22 14:00:0024.7 19.8 24.9 24.7 1,007.9 0 74 71 37 3.1 33 2.8 50 2.7 55 2.7 55 3.9 27921 27639 28.2 29.5 27.7 26.6 25 23.7 22.9 -
2014-6-22 13:00:0024.8 19.2 24.9 24.4 1,008.4 0 71 71 26 2 28 1.7 26 1.7 28 2.1 357 3.5 30832 27260 29.2 31.4 28.4 26.6 24.6 23.3 22.6 -
2014-6-22 12:00:0024.3 19.6 24.3 23.9 1,008.8 0 75 75 22 1.2 17 1.2 9 0.9 106 1.6 117 2.9 23392 15608 28.7 28.9 28 25.7 23.9 22.8 22.4 -
2014-6-22 11:00:0023.9 19.8 23.9 23 1,008.8 0 78 76 34 1 30 1.1 53 1.2 27 1.9 43 2.8 18616 17429 28.6 29.5 25.6 24.9 23.2 22.4 22.2 -
2014-6-22 10:00:0023 20 23 22.2 1,008.6 0 83 83 33 2.7 30 2.4 28 1.9 16 2 45 3.2 18258 17444 25.7 26.1 24.9 23.8 22.6 22.1 22.1 -
2014-6-22 9:00:0022.2 20.1 22.2 21.4 1,008.7 0 88 88 356 2.6 357 2.1 0 1.6 340 2.1 333 3.9 10331 10518 24.9 24.9 22.3 22.8 22.1 21.9 22 -
2014-6-22 8:00:0021.4 19.9 21.4 21 1,008.8 0 91 91 354 3.1 353 1.7 348 2 11 2 348 3.6 13336 14708 22.6 23 21.9 22 21.8 21.8 22 -
2014-6-22 7:00:0021 20 21 20.6 1,008.3 0 94 94 79 1.6 84 1.1 83 1.1 77 1.1 89 2.1 12314 10939 21.9 21.9 21 21.5 21.6 21.8 22.1 -
2014-6-22 6:00:0020.6 19.8 20.6 20.5 1,007.8 0.1 95 95 5 0.3 - 0.1 - 0.2 348 1.3 346 1.9 10872 9969 21 21 20.4 21.1 21.5 21.8 22.1 -
2014-6-22 5:00:0020.5 19.7 20.5 20.5 1,007.4 0 95 95 24 1.2 30 1.1 56 1.3 65 1.8 61 2.7 13321 12515 20.4 20.6 20.4 21.1 21.6 21.9 22.2 -
2014-6-22 4:00:0020.6 19.8 20.6 20.6 1,007.1 0 95 95 66 1.4 61 1 47 1.3 51 1.5 49 2.1 7334 10206 20.5 20.6 20.5 21.2 21.7 22 22.3 -
2014-6-22 3:00:0020.6 19.8 20.8 20.6 1,007.1 0 95 95 66 2 67 1.4 50 1.1 11 1.4 2 2.4 11278 12051 20.6 20.9 20.6 21.3 21.8 22.1 22.3 -
2014-6-22 2:00:0020.8 20 20.8 20.6 1,006.6 0 95 94 13 1.5 15 1.3 10 1.3 8 1.4 3 1.8 17149 15572 20.9 20.9 20.7 21.4 21.9 22.2 22.4 -
2014-6-22 1:00:0020.7 19.7 20.9 20.7 1,006.9 0 94 94 10 0.6 13 0.5 31 0.5 116 1.4 113 2.1 15403 16506 20.7 20.9 20.7 21.5 22 22.3 22.5 -
2014-6-22 00:00:0020.9 19.9 21.1 20.9 1,006.9 0 94 94 99 1.1 96 1 93 1.2 92 1.8 85 2.7 22759 22414 20.9 21.3 20.9 21.7 22.2 22.4 22.5 -
2014-6-21 23:00:0021.2 20.5 21.2 21.2 1,006.8 0 96 96 74 1.1 73 0.8 82 0.8 61 1.1 33 1.8 8036 8274 21.3 21.3 21.2 21.8 22.3 22.5 22.6 -
2014-6-21 22:00:0021.2 20.5 21.2 21.2 1,006.8 0.1 96 95 51 1.7 58 1.2 66 1.1 69 1.1 59 1.8 9703 8561 21.2 21.3 21.2 21.9 22.4 22.6 22.7 -
2014-6-21 21:00:0021.2 20.4 21.3 21.2 1,006.5 0.1 95 95 73 1.3 80 1 85 0.9 50 1.9 51 2.7 9670 9870 21.3 21.5 21.3 22.1 22.5 22.7 22.8 -
2014-6-21 20:00:0021.3 20.5 21.4 21.3 1,006.3 0.1 95 95 64 1.3 63 1.1 61 1 72 2 56 2.8 14125 13448 21.5 21.7 21.5 22.3 22.7 22.8 22.8 -
2014-6-21 19:00:0021.4 20.6 21.5 21.4 1,005.3 0.7 95 95 57 2.2 52 1.6 74 2 104 2.3 99 3.7 14086 13519 21.7 22.2 21.7 22.6 22.9 22.9 22.9 -
2014-6-21 18:00:0021.5 20.7 21.6 21.5 1,005.2 0.9 95 93 87 1.9 86 1.5 88 1.2 50 3.4 49 5.2 7767 9184 22.2 22.3 22.1 22.8 23 23 22.9 -
2014-6-21 17:00:0021.6 20.4 21.9 21.6 1,004.4 0.2 93 93 45 5.5 41 3.2 51 3.6 42 4 57 6.3 9210 10316 22.2 22.7 22.2 23.1 23.2 23.1 22.9 -
2014-6-21 16:00:0021.9 20.5 22.2 21.9 1,004.2 0 92 92 43 4.6 47 3.6 40 4 23 4.6 39 7.3 15231 16278 22.8 23.9 22.8 23.4 23.4 23.1 22.9 -
2014-6-21 15:00:0022.2 20.8 22.3 22.2 1,004.2 0 92 91 20 4.4 23 3.8 27 4 25 4.6 21 7.5 17170 16689 23.9 24.3 23.5 23.8 23.4 23 22.8 -
2014-6-21 14:00:0022.3 20.8 22.5 22.3 1,004.2 0 91 90 37 4.4 35 3.5 34 3.6 46 4.3 59 6.6 24475 23438 23.6 24.8 23.5 23.8 23.4 23 22.8 -
2014-6-21 13:00:0022.3 21.1 22.3 22.2 1,003.7 0.1 93 92 44 4.7 46 3.5 44 3.8 24 4.2 44 6.3 23714 26370 24.4 24.4 23.7 23.6 23.2 22.9 22.7 -
2014-6-21 12:00:0022.2 21.2 22.3 22.1 1,003.7 0.8 94 94 27 5.1 30 4.2 23 4.3 20 4.4 18 6.9 17271 14118 24 24.8 23.6 23.6 23.2 22.8 22.6 -
2014-6-21 11:00:0022.2 21.4 22.2 21.9 1,003.9 1.4 95 95 35 5.7 32 4.2 33 3.4 48 3.5 35 5.7 8011 7744 24.1 24.1 23.6 23.3 22.9 22.6 22.6 -
2014-6-21 10:00:0021.9 21.2 21.9 21.6 1,003.7 1.1 96 96 35 3.3 40 3.4 50 3.4 20 3.9 20 5.1 5325 6903 23.6 23.8 22.9 23 22.6 22.5 22.5 -
2014-6-21 9:00:0021.6 21.1 21.6 21.6 1,003.9 1.6 97 97 24 3.1 21 2.8 23 3.6 25 3.6 22 5.9 7087 6517 22.9 23 22.5 22.5 22.4 22.5 22.5 -
2014-6-21 8:00:0021.5 21 21.5 21.4 1,003.3 4.7 97 97 33 3.6 35 3.3 35 3 56 3.1 62 5 6899 5884 22.4 22.4 21.8 22.1 22.3 22.4 22.4 -
2014-6-21 7:00:0021.5 21 21.5 21.4 1,003.7 0.6 97 97 48 3.3 49 2.7 51 2.7 62 3.2 65 5.4 6104 6445 21.9 22 21.7 22.2 22.3 22.5 22.6 -
2014-6-21 6:00:0021.4 20.9 21.4 21.3 1003 1.1 97 97 46 2.9 38 1.8 49 2.3 32 3.1 43 4.5 4705 4273 21.7 21.7 21.6 22.1 22.4 22.5 22.7 -
2014-6-21 5:00:0021.4 20.9 21.4 21.3 1,002.9 0.3 97 97 34 3 38 2.4 37 1.9 51 2.5 62 3.4 992 825 21.6 21.6 21.6 22.1 22.4 22.6 22.7 -
2014-6-21 4:00:0021.3 20.8 21.4 21.3 1,002.7 0 97 97 70 2.6 62 1.8 45 1.8 53 2.8 50 4.4 982 997 21.6 21.7 21.6 22.2 22.5 22.7 22.8 -
2014-6-21 3:00:0021.4 20.9 21.5 21.4 1,002.7 0 97 97 42 2.7 45 2.4 49 2.1 35 2.7 37 4.3 1337 1278 21.7 21.8 21.7 22.3 22.6 22.7 22.8 -
2014-6-21 2:00:0021.5 21 21.8 21.5 1003 0 97 96 48 2.9 48 2.1 53 2.3 42 2.7 50 4.1 1577 1546 21.8 22 21.8 22.4 22.7 22.8 22.9 -
2014-6-21 1:00:0021.8 21.1 22 21.8 1,003.1 0 96 96 43 1.9 45 1.6 42 1.8 37 2.8 36 4.6 4219 4900 22 22.1 21.9 22.5 22.8 22.9 23 -
2014-6-21 00:00:0022 21.3 22.2 22 1,003.2 0 96 95 16 2.2 20 2.1 31 2.1 29 2.4 26 3.9 3542 3060 22.1 22.2 22.1 22.7 22.9 23 23 -
2014-6-20 23:00:0022.2 21.4 22.4 22.2 1,003.4 0 95 95 33 3.4 30 2.6 28 2 38 2.1 18 3.4 5515 4651 22.2 22.4 22.2 22.8 23 23.1 23.1 -
2014-6-20 22:00:0022.4 21.7 22.4 22.3 1,003.5 0 96 95 27 1.9 25 1.4 22 1.4 36 1.6 28 2.3 7946 6714 22.5 22.5 22.4 22.9 23.1 23.2 23.1 -
2014-6-20 21:00:0022.3 21.5 22.3 22.3 1,003.4 0 95 95 51 1.3 56 0.9 52 0.9 75 2.1 68 2.9 7233 7528 22.5 22.5 22.4 23 23.3 23.3 23.2 -
2014-6-20 20:00:0022.3 21.5 22.3 22.3 1,002.7 0 95 95 67 2.8 67 2.1 76 2 68 3 72 4.7 11005 11954 22.5 22.8 22.5 23.2 23.5 23.4 23.2 -
2014-6-20 19:00:0022.4 21.6 22.4 22.4 1,002.7 0 95 95 91 3.5 94 2.7 89 2.5 88 3.1 72 5.2 9546 9569 22.8 23.5 22.8 23.6 23.7 23.5 23.2 -
2014-6-20 18:00:0022.4 21.6 22.4 22.3 1,002.2 0 95 95 85 3.5 85 2.7 82 2.6 86 4.3 88 7.5 6456 6204 23.4 23.7 23.4 23.9 23.8 23.5 23.2 -
2014-6-20 17:00:0022.3 21.5 22.9 22.3 1,001.8 0 95 93 90 5 90 3.5 84 3.7 89 4.2 88 5.9 6805 6304 23.7 25.3 23.7 24.4 24 23.5 23.1 -
2014-6-20 16:00:0022.9 21.7 23.3 22.9 1,001.8 0 93 93 95 4.6 95 3.8 89 4.2 84 4.4 88 6.8 10782 11103 25.3 25.5 24.8 24.6 23.9 23.3 23 -
2014-6-20 15:00:0023.3 22.1 23.6 22.8 1002 0 93 93 88 4.8 88 3.9 87 3.6 85 3.6 107 5.7 16862 16796 25.5 28.5 25.5 24.9 23.7 23 22.8 -
2014-6-20 14:00:0022.8 22.1 22.8 22.4 1002 6.6 96 96 99 4.5 103 2.8 102 3.5 95 4 105 7.2 13750 13464 26.1 26.1 23.2 23.7 23.1 22.9 22.8 -
2014-6-20 13:00:0022.4 21.7 22.8 22.4 1,002.7 27.5 96 95 88 4.3 91 3 85 3.2 80 3.4 88 5.6 1540 1534 23.1 23.4 22.6 23.1 23.1 22.9 22.8 -
2014-6-20 12:00:0022.8 22 23 22.8 1,002.8 0 95 93 97 3.7 99 3 98 2.9 117 4.2 119 6.6 7181 6393 23.4 24.1 23.4 23.4 23 22.8 22.7 -
2014-6-20 11:00:0023 21.8 23 22.7 1,002.9 0 93 92 120 5.3 118 3.9 117 3.8 117 3.8 120 5.6 11137 13133 23.9 23.9 23.4 23.1 22.8 22.7 22.7 -
2014-6-20 10:00:0022.7 21.7 22.7 22.4 1,003.1 0 94 93 94 2.1 97 2.1 105 2.9 115 3.6 120 6.1 12158 11468 23.6 23.8 22.8 22.9 22.7 22.6 22.7 -
2014-6-20 9:00:0022.4 21.4 22.4 22.3 1003 0.1 94 93 114 3.9 113 3.3 119 3.3 117 3.3 118 5.9 9336 9003 22.8 22.8 22.4 22.6 22.6 22.6 22.7 -
2014-6-20 8:00:0022.3 21.3 22.3 22.2 1,003.3 0.4 94 93 126 4.4 126 3.1 117 2.6 118 3.5 119 5 6574 6744 22.5 22.5 22.2 22.5 22.5 22.6 22.7 -
2014-6-20 7:00:0022.2 21 22.2 22.2 1,003.1 0.8 93 92 115 4.3 118 3.3 118 3.5 118 3.6 125 6 5963 6298 22.3 22.3 21.7 22.3 22.4 22.6 22.8 -
2014-6-20 6:00:0022.3 20.9 22.3 22.3 1,003.1 0.3 92 90 109 3.4 113 2.5 116 2.9 125 3.9 128 5.7 6327 6678 21.7 21.7 21.5 22.1 22.4 22.7 22.9 -
2014-6-20 5:00:0022.3 20.6 22.5 22.3 1,002.8 0 90 88 125 5.5 125 3.9 124 3.6 124 3.6 134 5.7 10080 10346 21.5 21.7 21.5 22.1 22.5 22.7 22.9 -
2014-6-20 4:00:0022.5 20.4 22.5 22.4 1,002.6 0 88 88 124 4.4 122 3 121 3.6 123 3.8 125 7 10909 10689 21.7 21.7 21.6 22.1 22.6 22.8 23 -
2014-6-20 3:00:0022.4 20.5 22.4 22.3 1,002.7 0 89 88 122 3.8 123 2.7 117 2.9 120 3.5 118 5.5 10096 10420 21.6 21.6 21.4 22.1 22.6 22.9 23.1 -
2014-6-20 2:00:0022.3 20.2 22.4 22.3 1,003.1 0 88 87 117 4.9 115 3.1 116 2.9 126 3.8 123 6.6 13284 13226 21.6 21.6 21.4 22.2 22.8 23.1 23.3 -
2014-6-20 1:00:0022.4 20.1 22.6 22.4 1,003.6 0 87 86 129 4 127 3.3 123 3.4 119 3.9 116 7.2 14322 15842 21.6 21.8 21.6 22.4 22.9 23.2 23.4 -
2014-6-20 00:00:0022.5 20.2 22.5 22.4 1004 0 87 86 114 5 117 3.2 122 3.6 123 4.1 138 6.4 16467 16101 21.7 21.7 21.2 22.4 23.1 23.4 23.5 -
2014-6-19 23:00:0022.4 20.1 22.7 22.4 1,004.2 0 87 86 122 5.6 122 4.3 123 4.2 127 4.5 129 7.4 18270 16395 21.5 22 21.5 22.7 23.4 23.7 23.7 -
2014-6-19 22:00:0022.7 20.2 22.8 22.7 1,004.7 0 86 85 126 5.4 125 3.2 128 3.5 129 4.4 125 7.9 17646 18270 21.9 22.2 21.9 23 23.7 23.9 23.8 -
2014-6-19 21:00:0022.7 20 22.8 22.7 1,004.4 0 85 85 124 4.8 126 4.2 125 4.3 125 4.3 127 6.4 14305 13798 22.1 22.2 21.9 23.3 24 24.2 24 -
2014-6-19 20:00:0022.8 20.1 23.4 22.8 1,004.5 0 85 82 123 4.8 126 3 123 3.4 123 4.5 125 7.5 14599 15157 22 23.2 22 23.9 24.6 24.5 24.1 -
2014-6-19 19:00:0023.4 20.3 24 23.4 1004 0 83 79 129 5.3 125 4.2 122 3.6 122 4.2 123 7.3 15963 14200 23.2 24.1 23.2 24.7 25.1 24.8 24.1 -
2014-6-19 18:00:0024 20.1 25.1 24 1,003.7 0 79 76 129 4.9 126 4.8 121 3.8 118 4.3 122 7.4 15014 14382 24.2 26.9 24.2 25.7 25.7 24.9 24.1 -
2014-6-19 17:00:0025.1 20.8 25.8 25.1 1,003.3 0 77 73 118 4.6 120 3.5 119 4.1 119 4.1 117 6.1 16866 15954 26.9 32 26.9 27.1 26 24.8 23.9 -
2014-6-19 16:00:0025.8 20.4 25.8 25.5 1,003.3 0 72 72 107 3.8 109 3.7 127 4 137 5.1 125 8.4 22116 18335 31.8 32.8 30.7 27.5 25.8 24.6 23.7 -
2014-6-19 15:00:0025.5 21 25.5 25 1,004.1 0 76 75 124 5.7 121 4.4 125 5 123 5.6 125 8.1 16093 16556 32.3 32.3 29.5 27.1 25.5 24.3 23.5 -
2014-6-19 14:00:0025 20.5 25.1 24.4 1,004.3 0 76 75 137 6 130 5.7 123 5.3 126 5.3 122 8.2 14750 14034 29.6 31 27.9 26.6 25.1 24.1 23.3 -
2014-6-19 13:00:0024.6 20.3 24.7 24.5 1,004.6 0 77 74 125 6.9 129 4.9 135 4.5 133 5.1 144 8 15809 12841 29.1 29.8 27.8 26.3 25 23.8 23.1 -
2014-6-19 12:00:0024.7 20.2 24.9 24.6 1005 0 76 73 127 6.8 128 4.3 134 3.9 129 4.7 124 7 12943 12509 29.2 29.2 28.1 26.2 24.8 23.6 22.8 -
2014-6-19 11:00:0024.8 19.9 25.3 24.8 1,004.9 0 74 72 133 5.4 134 4.6 146 4.5 129 4.9 130 7.5 12536 14060 28.8 31.8 28.8 26.5 24.6 23.1 22.4 -
2014-6-19 10:00:0025.3 19.9 25.3 24.8 1,005.1 0 72 72 136 5 135 3.6 138 3.4 148 4.7 136 7 16590 16187 31 32.2 29.9 26.3 23.8 22.5 22.1 -
2014-6-19 9:00:0024.7 20.2 24.7 23.4 1005 0 76 74 121 2.7 122 2.7 126 3.2 127 4 157 6.7 15372 15658 30.3 31.3 27.4 24.8 22.7 21.9 21.9 -
2014-6-19 8:00:0023.3 19.7 23.3 22.1 1,004.9 0 80 79 134 5.7 133 3.9 127 4 122 4.5 122 7 11105 11720 27.5 27.6 24.5 22.9 21.7 21.5 21.8 -
2014-6-19 7:00:0022.1 19.3 22.1 20.6 1,005.6 0 84 84 108 4.2 109 3.2 114 3.4 113 3.4 101 5.6 9099 9009 24.4 24.4 20.8 21.3 21 21.3 21.9 -
2014-6-19 6:00:0020.6 18.7 20.6 19.4 1,005.7 0 89 89 116 3.2 113 2.4 112 2.4 112 2.4 101 4.1 7735 7708 20.8 20.8 18.3 20 20.7 21.4 22 -
2014-6-19 5:00:0019.4 18.2 19.7 19.3 1,005.2 0 93 91 86 2.6 88 1.9 92 1.6 72 1.8 81 2.7 5128 5006 18.2 18.6 18.2 19.8 20.9 21.6 22.1 -
2014-6-19 4:00:0019.7 18.2 19.8 19.5 1,005.1 0 91 90 68 2.5 73 1.9 70 1.7 74 2 81 2.9 8166 7996 18.6 19.4 18.6 20.2 21.1 21.7 22.2 -
2014-6-19 3:00:0019.5 18.2 19.6 19.5 1,004.9 0 92 92 78 1.5 80 1.3 91 1.2 125 1.9 121 2.7 7927 7475 19.2 19.2 18.8 20.3 21.3 21.9 22.4 -
2014-6-19 2:00:0019.6 18.3 19.9 19.6 1,004.9 0 92 91 131 2.2 131 1.6 125 1.6 124 1.6 124 2.3 6479 5990 18.9 19.5 18.9 20.6 21.5 22.1 22.5 -
2014-6-19 1:00:0019.7 18.4 20 19.6 1,005.6 0 92 91 75 1.7 76 1.3 92 1.3 122 1.6 101 2.5 7967 7548 19.4 19.4 19 20.6 21.6 22.3 22.7 -
2014-6-19 00:00:0020 18.5 20.3 20 1,006.3 0 91 89 120 1.7 123 1.5 112 1.2 124 2 115 3.2 7807 7949 19.1 19.8 19.1 20.9 21.9 22.5 22.9 -
2014-6-18 23:00:0020.4 18.5 20.5 20.4 1,006.5 0 89 88 117 1.7 119 1.4 120 1.6 116 2.3 122 3.8 10462 10184 19.7 20 19.7 21.2 22.2 22.8 23 -
2014-6-18 22:00:0020.5 18.4 20.6 20.5 1,006.5 0 88 88 104 2.9 102 2.1 105 2.1 108 2.4 108 4.3 10944 10901 19.8 20 19.8 21.5 22.5 23 23.2 -
2014-6-18 21:00:0020.6 18.5 20.9 20.6 1,006.2 0 88 86 89 2.9 90 2 94 2.1 99 2.2 97 3.6 13675 13492 20.1 20.3 20 21.9 22.9 23.3 23.4 -
2014-6-18 20:00:0020.9 18.5 21.6 20.9 1,005.5 0 86 82 93 2.7 96 2.1 99 2.2 112 2.7 117 4.2 13894 13178 20.3 20.9 20.3 22.4 23.4 23.6 23.5 -
2014-6-18 19:00:0021.6 18.2 22.4 21.6 1,005.1 0 81 79 109 3.1 114 2.8 109 2.6 108 3 107 4.9 23156 29583 20.9 23.5 20.9 23.3 24 23.9 23.6 -
2014-6-18 18:00:0022.4 18.6 22.6 22.4 1,005.1 0 79 76 113 3.1 109 2 105 2.7 97 3.1 84 5 27982 27098 23.6 24.3 23.5 24.2 24.4 24 23.6 -
2014-6-18 17:00:0022.7 18 23.1 22.7 1,004.9 0 75 73 101 4.6 103 3.6 95 2.9 90 3.2 98 5.2 29026 32817 23.7 26.4 23.7 24.9 24.7 24.1 23.5 -
2014-6-18 16:00:0023.1 18.2 23.4 23 1,005.5 0 74 73 97 2.6 96 2.3 92 2.6 95 3.3 98 4.8 35000 32686 26.2 29 25.7 25.6 24.9 24 23.4 -
2014-6-18 15:00:0023.3 18.6 23.4 23.1 1,005.5 0 75 74 68 3.9 80 2.9 83 2.9 83 3.3 89 5.6 24048 27998 28.4 28.4 26.2 25.5 24.7 23.9 23.2 -
2014-6-18 14:00:0023 18.5 23.2 22.9 1,005.9 0 76 74 90 3.9 100 2.9 102 2.4 86 2.4 106 4.4 33414 27464 26.9 26.9 25 25.3 24.7 23.7 23 -
2014-6-18 13:00:0023.2 18.3 23.9 23.2 1,006.2 0 74 70 82 3.1 82 2.5 82 2.1 81 2.7 78 4.7 31361 29521 26.4 32.5 26.4 26.3 24.7 23.4 22.8 -
2014-6-18 12:00:0023.5 18.4 23.5 23.1 1,006.5 0 73 73 96 2.6 106 1.9 111 2.2 64 2.9 64 4.8 28517 32020 30.2 30.2 28.1 25.7 24 22.9 22.5 -
2014-6-18 11:00:0023.1 18 23.1 22.3 1,006.6 0 73 73 59 2.6 64 1.4 78 1.7 47 2.5 70 3.6 29391 33695 29.7 29.9 25.5 24.6 23.2 22.5 22.3 -
2014-6-18 10:00:0022.3 17.7 22.4 21.9 1,006.7 0 75 74 45 3.3 50 2.3 52 2.5 74 2.6 92 4.4 35000 35000 25.7 26.9 25.3 23.8 22.7 22.2 22.2 -
2014-6-18 9:00:0021.9 17.7 21.9 21.4 1,006.4 0 77 77 48 2.9 47 2.3 53 2.5 73 2.7 87 4.3 35000 35000 25.4 25.9 24.1 23 22.2 21.9 22.1 -
2014-6-18 8:00:0021.4 17.8 21.4 20.7 1,006.2 0 80 79 78 2.8 74 2.2 60 2.6 65 2.6 64 4 35000 30488 24 24 22.1 22 21.7 21.8 22.1 -
2014-6-18 7:00:0020.7 18.1 20.7 20.1 1,005.9 0 85 84 63 1.8 67 1.5 56 1.5 62 2.4 47 3.4 26176 25912 22.5 22.5 20.8 21.3 21.4 21.7 22.1 -
2014-6-18 6:00:0020.1 18.4 20.1 19.8 1,005.5 0 90 90 53 1.1 47 0.8 38 0.8 42 1 37 1.4 34719 29824 20.8 20.9 20 20.9 21.3 21.8 22.2 -
2014-6-18 5:00:0019.8 18.1 19.8 19.7 1,005.2 0 90 90 - 0 - 0 8 0.3 352 1.2 352 1.7 35000 35000 20 20 19.8 20.7 21.4 21.8 22.3 -
2014-6-18 4:00:0019.7 18.2 19.8 19.6 1,005.3 0 91 91 36 1 37 0.7 42 0.9 28 2.1 11 3.3 35000 35000 19.9 19.9 19.7 20.8 21.5 21.9 22.4 -
2014-6-18 3:00:0019.8 18.3 20.1 19.8 1,005.2 0 91 89 25 2.9 24 1.9 16 1.8 18 2.7 20 3.9 18173 21596 19.9 20 19.8 20.9 21.6 22.1 22.4 -
2014-6-18 2:00:0020.1 18.2 20.2 20.1 1,005.2 0 89 88 21 3.7 23 3 31 2.1 31 2.1 26 4.1 24758 25719 20 20.2 20 21.1 21.7 22.2 22.5 -
2014-6-18 1:00:0020.2 18.1 20.2 20.2 1,004.6 0 88 88 76 1.1 71 0.9 72 0.9 24 1.5 39 2.1 35000 35000 20.2 20.3 20.1 21.2 21.8 22.3 22.7 -
2014-6-18 00:00:0020.2 18.3 20.2 20.2 1,004.1 0 89 87 24 1 36 0.8 32 1 45 1.6 62 2.8 30193 30987 20.3 20.3 20.1 21.3 22 22.4 22.8 -
2014-6-17 23:00:0020.2 18.1 20.2 20.2 1,004.3 0 88 88 52 1.8 46 1.4 35 1.5 34 2.1 48 3.7 35000 35000 20.2 20.3 20.1 21.4 22.1 22.6 22.9 -
2014-6-17 22:00:0020.2 18.5 20.4 20.2 1,004.1 0 90 90 40 2.2 41 1.8 43 1.7 39 1.8 39 2.9 24917 25155 20.3 20.7 20.3 21.6 22.4 22.8 23 -
2014-6-17 21:00:0020.4 18.7 20.5 20.4 1,003.9 0 90 89 36 1.3 33 1.3 32 1.5 39 1.7 33 2.5 21906 22200 20.6 20.8 20.6 21.9 22.6 22.9 23.1 -
2014-6-17 20:00:0020.5 18.6 20.7 20.5 1,003.3 0 89 88 35 2.3 41 1.4 37 1.7 26 2.8 28 3.7 18579 20628 20.7 21 20.7 22.1 22.8 23.1 23.2 -
2014-6-17 19:00:0020.7 18.6 21.2 20.7 1,002.9 0 88 88 29 3.2 31 2.6 26 2.9 23 3.5 18 5.1 21577 21093 20.9 21.7 20.9 22.5 23.2 23.3 23.3 -
2014-6-17 18:00:0021.2 19.3 21.6 21.2 1,002.1 0 89 87 24 3.3 21 2.6 28 3 28 3.2 24 4.9 20968 23845 21.7 23.3 21.7 23.2 23.5 23.4 23.3 -
2014-6-17 17:00:0021.6 19.3 21.8 21.6 1002 0 87 84 55 2.6 55 2.2 54 2 35 2.2 69 3.3 25742 24612 23.3 25.9 23.3 23.8 23.7 23.4 23.2 -
2014-6-17 16:00:0021.6 19.2 21.7 21.1 1,001.9 0 86 86 40 1.5 42 1.4 33 1.8 28 2.8 24 4.6 27991 30173 25.7 26.5 23 24 23.6 23.3 23.2 -
2014-6-17 15:00:0021.1 19.4 21.3 21 1,001.9 0 90 88 34 3.1 35 2.5 36 2.6 51 2.8 51 4.1 23911 17275 23 25.4 22.8 23.8 23.6 23.2 23.1 -
2014-6-17 14:00:0021.1 19.4 21.5 21.1 1,001.6 0 90 88 53 3.6 53 2.8 48 2.7 51 3.3 49 4.6 25418 26883 23.2 25.6 23.2 23.8 23.5 23.1 23 -
2014-6-17 13:00:0021.1 19.7 21.3 21.1 1,001.7 0 92 91 46 2.6 49 2.1 50 2.3 55 3 56 4.3 30858 29992 23.5 24.3 22.7 23.7 23.4 23 22.9 -
2014-6-17 12:00:0021.3 19.9 21.4 21.2 1,001.6 0.2 92 91 77 2.5 83 1.5 71 2.5 64 3.1 72 4.5 17140 14867 24.2 24.5 23 23.7 23.1 22.9 22.9 -
2014-6-17 11:00:0021.2 20 21.4 21.2 1,001.8 0.7 93 93 71 4.4 68 3.4 62 2.8 62 3.4 58 4.8 21786 22639 23.3 23.4 22.7 23.1 22.8 22.7 22.9 -
2014-6-17 10:00:0021.2 20.2 21.2 20.9 1,001.8 0.7 94 93 76 2.3 74 1.5 69 1.2 39 1.5 14 2.6 9417 12271 22.9 22.9 21.6 22.7 22.6 22.7 22.9 -
2014-6-17 9:00:0020.9 19.9 21.1 20.9 1,001.7 0 94 93 41 2.3 35 1.7 41 1.6 59 3.9 59 5.8 12912 15385 21.7 22.8 21.6 22.5 22.6 22.7 22.9 -
2014-6-17 8:00:0021 20.2 21 20.9 1,001.4 0.1 95 95 51 3.6 49 2.9 47 2.9 53 3.4 53 5.8 26257 27759 22.8 22.9 21.5 22.4 22.5 22.7 22.9 -
2014-6-17 7:00:0021 20.5 21.8 21 1,000.8 0.6 97 97 37 2.8 42 2.8 43 3 15 3.9 11 6.6 12903 10155 21.4 21.8 21.2 22.2 22.6 22.7 22.9 -
2014-6-17 6:00:0021.8 21.3 21.9 21.8 1,000.6 0.8 97 97 345 5 350 3.5 353 3.4 353 3.4 342 5.5 4565 3847 21.8 21.9 21.8 22.3 22.6 22.8 23 -
2014-6-17 5:00:0021.9 21.4 22.1 21.9 999.9 4 97 97 350 2.2 350 1.8 17 1.4 9 2.2 24 3.1 5058 4921 21.9 22 21.9 22.4 22.7 22.8 23 -
2014-6-17 4:00:0022.1 21.6 22.3 22.1 1,000.1 2.1 97 97 343 2.4 344 1.6 9 1.8 32 2.1 71 3.4 2577 3308 22 22.2 22 22.5 22.7 22.8 23 -
2014-6-17 3:00:0022.3 21.8 22.3 22.2 999.8 0.9 97 97 43 2.5 49 1.5 38 1.5 67 1.9 68 2.8 1321 931 22.2 22.2 22.1 22.5 22.7 22.9 23.1 -
2014-6-17 2:00:0022.3 21.8 22.3 22.2 1000 0 97 97 77 1.1 78 1 72 1.3 96 2.1 65 3.6 1300 1526 22.2 22.2 22.1 22.5 22.7 22.9 23.1 -
2014-6-17 1:00:0022.2 21.7 22.2 22 1,000.2 0.1 97 97 103 3.5 103 2.1 96 2.2 112 3.2 111 5.2 2901 2651 22.1 22.1 21.9 22.4 22.7 22.9 23.1 -
2014-6-17 00:00:0022 21.5 22 21.8 1,000.9 0.2 97 97 89 3.8 96 2.7 97 2.5 113 3 115 5.1 2666 2627 21.9 21.9 21.7 22.4 22.7 22.9 23.2 -
2014-6-16 23:00:0021.8 21.3 21.8 21.7 1,001.5 0.2 97 96 106 3.8 108 3.1 111 2.8 98 3.4 97 5.2 2952 3024 21.7 21.7 21.6 22.4 22.7 23 23.3 -
2014-6-16 22:00:0021.7 21 21.7 21.5 1,002.5 0 96 96 111 3.7 112 2.5 112 2.7 114 4 113 5.7 3161 3333 21.6 21.6 21.4 22.3 22.8 23.1 23.3 -
2014-6-16 21:00:0021.5 20.8 21.5 21.2 1,002.7 0.1 96 95 114 5.9 114 3.8 114 3.9 114 4 114 6.6 3974 3842 21.4 21.4 21.2 22.3 22.8 23.1 23.4 -
2014-6-16 20:00:0021.2 20.4 21.3 21.2 1,002.5 0 95 93 97 3.6 100 2.5 106 3.1 112 3.5 109 6.4 2940 3331 21.2 21.2 21.1 22.4 22.9 23.3 23.5 -
2014-6-16 19:00:0021.3 20.1 22 21.3 1,002.6 0 93 86 115 4.2 107 2.9 110 3.4 114 4.6 119 7.7 5724 6231 21.1 21.7 21.1 22.5 23.1 23.4 23.6 -
2014-6-16 18:00:0022 19.4 22.2 22 1,002.3 0 85 81 114 5 117 4 114 3.7 118 5.7 120 8.9 15872 16685 21.8 22.2 21.8 22.7 23.3 23.5 23.7 -
2014-6-16 17:00:0022.2 18.8 22.2 21.7 1,002.4 0 81 79 119 5.7 119 3.9 119 5.2 119 5.7 124 9 22124 25384 22.3 22.8 22.2 23 23.5 23.6 23.7 -
2014-6-16 16:00:0021.7 19.3 21.7 21 1,002.3 0 86 86 118 7.4 121 4.6 117 4.2 125 6.4 125 11.7 23260 24455 22.4 22.4 21.7 23.2 23.6 23.7 23.8 -
2014-6-16 15:00:0021 20 22.4 21 1,002.9 0 94 87 113 3.8 116 3.1 119 4.8 126 6.1 125 9.9 7816 8745 22.1 23.7 21.9 23.6 23.8 23.8 23.8 -
2014-6-16 14:00:0022.5 20.2 23.9 22.5 1,003.2 0 87 80 126 8.6 127 6.5 125 5.8 123 7.4 122 11.5 12805 16153 23.8 24.8 23.8 23.9 23.9 23.8 23.7 -
2014-6-16 13:00:0023.9 20.4 23.9 23.6 1,003.6 0 81 80 121 8.7 119 5.6 121 5.6 115 5.7 121 8.7 21998 20256 24.8 26.1 24.8 24.1 23.9 23.7 23.7 -
2014-6-16 12:00:0023.6 20.5 23.6 22.7 1,004.2 0 83 81 117 7.5 115 5.9 108 4.8 98 5.1 94 9.2 15579 13855 25.9 26.1 24.4 23.9 23.7 23.6 23.7 -
2014-6-16 11:00:0022.7 19.3 22.7 22.2 1,004.8 0 81 81 90 7.7 94 4.4 97 4.8 89 6.1 92 10 11752 11631 24.4 24.5 23.7 23.5 23.5 23.5 23.7 -
2014-6-16 10:00:0022.2 19.2 22.6 22.2 1,005.1 0 83 79 79 7.5 82 5.6 87 5.8 91 6.6 91 10.4 14642 14205 23.8 25.8 23.7 23.5 23.5 23.5 23.7 -
2014-6-16 9:00:0022.6 18.8 22.7 22.5 1,005.3 0 79 76 88 8.9 83 7 83 5.4 83 5.4 78 9.7 13606 13901 25.8 25.8 23.5 23.2 23.2 23.4 23.7 -
2014-6-16 8:00:0022.6 19.2 22.6 22.4 1,005.7 0 81 81 80 7.4 81 5.7 81 5 88 5.4 86 8.3 14536 13786 23.6 23.7 22.2 22.8 23.1 23.4 23.8 -
2014-6-16 7:00:0022.5 20.2 22.6 22.5 1,005.7 0.1 87 84 80 4.6 81 3.5 77 4 83 4.2 82 7.5 11790 11015 22.3 22.4 21.9 22.7 23.1 23.5 23.8 -
2014-6-16 6:00:0022.5 20.6 22.5 22.5 1,005.9 0 89 89 79 5.2 86 3.9 82 3.2 84 3.8 94 6 11956 10799 22 22.1 21.8 22.6 23.1 23.5 23.9 -
2014-6-16 5:00:0022.5 21 22.5 22.2 1,005.8 0 91 90 89 4.1 89 3.2 83 2.6 87 3.3 87 5.6 9524 9095 21.9 21.9 21.4 22.5 23.1 23.6 24 -
2014-6-16 4:00:0022.2 20.5 22.6 22.2 1,005.3 0 90 87 69 3.8 71 2.7 82 2.5 100 3.7 98 6.2 8331 8947 21.4 21.6 21.3 22.5 23.2 23.8 24.2 -
2014-6-16 3:00:0022.6 20.3 22.7 22.6 1,005.2 0.1 87 85 97 5.6 100 4 108 3.4 116 4.3 115 7.1 11768 10109 21.4 21.9 21.2 22.5 23.3 23.9 24.3 -
2014-6-16 2:00:0022.6 20.1 22.6 22.5 1,005.2 0 86 82 125 4.8 125 3.4 125 3.6 127 3.6 121 5.8 11456 11716 21.8 21.8 21.6 22.6 23.5 24.1 24.5 -
2014-6-16 1:00:0022.5 19.3 22.6 22.5 1,005.7 0 82 70 121 4.2 118 2.8 118 2.4 119 2.4 121 4.2 12448 12031 21.6 21.6 21.4 22.6 23.6 24.3 24.7 -
2014-6-16 00:00:0022.5 16.8 22.7 22.4 1006 0 70 67 106 3.3 107 2.4 122 2.2 103 2.5 110 4.1 14883 13515 21.3 21.3 20.7 22.8 23.9 24.5 24.9 -
2014-6-15 23:00:0022.7 16.3 22.7 22.3 1,006.7 0.1 67 65 124 2.1 127 1.8 124 1.9 93 2.3 90 4.2 17695 19660 21.3 21.4 20.8 23.1 24.2 24.8 25 -
2014-6-15 22:00:0022.5 18.3 22.5 22.3 1,007.3 0.2 77 70 104 2.4 101 1.5 104 1.9 56 2.5 83 3.8 14698 15312 21.2 21.5 20.8 23.5 24.6 25.1 25.2 -
2014-6-15 21:00:0022.3 18.7 23.3 22.3 1,007.6 0.3 80 75 59 2.7 57 2.5 55 2.6 49 2.7 44 3.9 18403 15066 21.4 22.2 21.2 24 25 25.4 25.4 -
2014-6-15 20:00:0023.3 19.9 24.1 23.3 1,007.5 0 81 73 41 2.6 40 2 39 2.1 30 2.6 25 3.7 14285 12823 22.1 23.4 21.9 24.6 25.4 25.7 25.6 -
2014-6-15 19:00:0024.1 19 24.6 24.1 1,006.7 0 73 69 82 1.9 86 1.4 57 1.5 129 2.4 138 3.7 18522 18547 23.4 24.3 23.2 25.1 25.9 25.9 25.7 -
2014-6-15 18:00:0024.6 18.5 25.5 24.6 1006 0 69 56 138 3 137 2.4 127 2.3 138 2.9 139 4.8 22722 21970 24.3 25.7 24 25.8 26.3 26.2 25.8 -
2014-6-15 17:00:0025.5 17.9 26.5 25.5 1,006.2 0 63 60 143 4.4 145 3.4 140 2.7 143 3.2 139 4.6 21066 21350 25.7 28.2 25.7 26.7 26.8 26.3 25.8 -
2014-6-15 16:00:0026.5 18.4 27 26.5 1,005.9 0 61 58 128 3.2 126 2.8 128 2.1 113 2.8 122 3.9 13349 15217 27.8 30.6 27.8 27.5 27.1 26.3 25.7 -
2014-6-15 15:00:0026.9 17.7 27.6 26.9 1,006.2 0 57 52 103 3.5 102 2.6 113 2.9 108 3.3 107 5 16355 16005 28.2 31.5 28.2 27.9 27.2 26.2 25.5 -
2014-6-15 14:00:0027.7 17 27.7 27.1 1,006.4 0 52 52 107 3.9 104 3.4 105 3 125 3.4 119 5.5 18717 18036 31.6 35.8 31.2 28.7 27.1 25.9 25.3 -
2014-6-15 13:00:0027.1 20.2 27.2 27 1,006.9 0 66 59 112 3.1 112 2.3 117 2.6 126 3 121 5 10725 10074 32.7 32.9 31 28 26.5 25.6 25.2 -
2014-6-15 12:00:0027.2 19.3 27.2 26.4 1,007.9 0 62 56 114 2 112 2 108 2.5 112 3.4 119 5.3 9208 9210 31.9 32 29.9 27.3 26 25.3 25.1 -
2014-6-15 11:00:0026.4 19.3 26.4 25.4 1,008.3 0 65 65 76 4.4 84 2.7 80 2.5 65 3 69 4.6 9354 9684 30.7 31.2 27.4 26.5 25.5 25.1 25 -
2014-6-15 10:00:0025.4 18.8 25.4 24.6 1,008.5 0 67 67 109 2.4 106 2 89 1.6 40 3.6 36 5.6 9200 8510 27.9 27.9 25 25.6 25.2 25 25 -
2014-6-15 9:00:0024.6 20.5 24.8 24.5 1,008.5 0 78 76 52 4.3 53 3.5 59 3.5 60 3.5 62 4.7 8165 8216 25.3 26.1 24.8 25.1 25.1 25 25.1 -
2014-6-15 8:00:0024.5 21.4 24.5 23.9 1009 0 83 82 28 0.7 19 0.5 20 1 24 2 23 2.5 6498 6259 25.4 26 25.4 25 25 25 25.1 -
2014-6-15 7:00:0023.9 21.4 23.9 23.1 1,007.9 0 86 86 8 1.4 14 1.2 23 1 53 1.3 54 1.6 5773 5810 25.8 26 23.9 24.7 24.8 25 25.2 -
2014-6-15 6:00:0023.1 21.4 23.1 23 1,007.2 0 90 90 332 0.9 335 0.7 324 0.3 140 1.3 120 1.6 5103 5071 23.9 23.9 22.8 24.2 24.8 25.2 25.4 -
2014-6-15 5:00:0023 21.3 23.2 23 1,007.2 0.1 90 90 144 1.5 143 1.4 139 1.3 140 2 139 2.8 4940 4772 22.8 22.8 22.5 24.2 25 25.4 25.5 -
2014-6-15 4:00:0023.2 21.6 23.3 23.2 1,007.2 0 91 88 134 2 131 1.7 110 1.2 59 1.2 128 2.2 4195 4304 22.7 23.1 22.7 24.4 25.2 25.6 25.7 -
2014-6-15 3:00:0023.3 21.4 23.5 23.3 1,007.2 0 89 87 101 1.4 107 1 119 1 126 1.6 122 2.4 5505 5242 23.1 23.4 23.1 24.6 25.4 25.8 25.9 -
2014-6-15 2:00:0023.5 21.2 23.8 23.5 1,007.2 0 87 85 130 2.1 127 1.5 127 1.5 118 1.6 96 2.4 6056 5864 23.4 23.6 23.4 24.8 25.7 26 26.1 -
2014-6-15 1:00:0023.8 21.1 24.2 23.8 1,007.5 0 85 80 43 1.7 42 1.2 46 0.9 73 1.8 77 2.7 6536 6489 23.6 23.8 23.6 25 25.9 26.3 26.4 -
2014-6-15 00:00:0024.2 20.5 24.3 24.2 1,007.7 0 80 79 76 1.9 82 1.7 98 1.5 99 1.7 90 2.7 8980 9041 23.8 23.9 23.8 25.3 26.3 26.7 26.6 -
2014-6-14 23:00:0024.3 20.6 24.4 24.2 1,007.9 0 80 76 119 1.1 116 0.8 106 1.3 98 1.4 103 2.4 8107 8318 23.9 24.1 23.9 25.7 26.7 27 26.9 -
2014-6-14 22:00:0024.2 19.9 24.6 24.2 1,008.2 0 77 68 100 1.7 101 1.5 103 1.3 124 1.9 122 2.7 9265 8972 24.1 24.1 23.9 26 27.2 27.5 27.2 -
2014-6-14 21:00:0024.6 18.1 25.5 24.6 1,007.9 0 67 64 126 2 124 2.1 127 1.8 117 2.1 112 3.2 10699 12106 23.9 24.6 23.9 26.6 27.9 28 27.5 -
2014-6-14 20:00:0025.5 20.5 26.9 25.5 1,007.5 0 74 59 93 1.5 94 1.2 88 1.3 73 1.9 76 3 7029 7089 24.6 26.2 24.6 27.6 28.8 28.6 27.7 -
2014-6-14 19:00:0026.9 19.3 28.2 26.9 1,007.3 0 63 48 84 1.5 93 1.1 113 1.3 116 3.2 114 4.8 11059 11667 26.2 28.6 26.2 29 29.7 29.1 27.8 -
2014-6-14 18:00:0028.3 16.6 29.3 28.3 1,007.1 0 49 45 106 5.1 112 3.1 110 2.7 107 3.4 88 5.4 22005 20804 28.6 33.6 28.6 30.6 30.8 29.5 27.8 -
2014-6-14 17:00:0029.4 18.8 30.2 29.4 1,007.2 0 53 45 97 4.4 99 3.4 108 3.4 104 4.1 91 5.9 17855 13772 33.7 36.6 33.7 32.4 31.5 29.6 27.6 -
2014-6-14 16:00:0030.2 18 30.9 30.2 1,006.9 0 48 43 111 5.5 102 3.3 103 4.1 103 4.6 104 6.7 17697 18617 36.8 39 36.3 33.7 31.9 29.5 27.2 -
2014-6-14 15:00:0030.9 17.9 32.8 30.9 1007 0 46 41 107 6.5 105 4.3 102 3.6 93 4.6 99 6.9 17138 14704 39.2 43.6 39 35.1 32.1 29.1 26.7 -
2014-6-14 14:00:0032.8 17.8 33 32.1 1,006.9 0 41 35 103 6.8 117 2.5 114 1.5 76 2 103 6.8 14110 12783 44 47.1 44 36.1 31.7 28.3 26.1 -
2014-6-14 13:00:0032.2 17.3 32.2 31.7 1,007.3 0 41 32 234 3.1 238 1.7 272 1.7 22 2.6 26 4.4 18390 16608 46 48.3 45.6 35.6 30.6 27.3 25.4 -
2014-6-14 12:00:0031.6 18.9 31.6 30.5 1,007.5 0 47 44 60 2.8 68 2.3 79 1.2 20 2.1 18 4.2 7829 9862 47 47.6 42.3 34.1 29.1 26.3 24.8 -
2014-6-14 11:00:0030.4 20.6 30.4 29.3 1,007.8 0 56 52 75 1.3 65 1.4 82 1.3 30 1.7 50 3.2 5607 5770 42.6 42.9 40.5 31.6 27.6 25.3 24.3 -
2014-6-14 10:00:0029.3 19.3 29.3 27.2 1,008.2 0 55 55 247 1.8 247 1.3 286 1.1 229 1.2 174 2.5 7147 6619 42.4 43.1 36.2 29.9 26.1 24.5 24 -
2014-6-14 9:00:0027.1 20.4 27.1 24.8 1,008.4 0 67 65 240 1.4 221 1 220 1 157 1.9 176 3.1 5629 5539 36.5 36.5 32.8 27.2 24.7 23.8 23.8 -
2014-6-14 8:00:0024.7 20.6 24.7 22.5 1,008.2 0 78 78 46 1.2 65 0.9 95 0.8 100 0.9 93 1.4 3039 3390 32.5 32.5 25.5 24.7 23.6 23.5 23.7 -
2014-6-14 7:00:0022.5 21.7 22.5 21.5 1008 0 95 95 35 1 41 0.8 28 0.8 20 1 25 1.5 2226 2262 25.4 25.4 22.2 23.2 23.1 23.4 23.8 -
2014-6-14 6:00:0021.5 20.8 21.5 21.1 1,007.8 0 96 96 18 1.3 21 1.1 20 1 9 1.4 2 1.9 1215 1235 22.2 22.2 21 22.3 23 23.5 24 -
2014-6-14 5:00:0021.1 20.4 21.1 20.7 1,007.5 0 96 96 337 1 335 0.7 342 0.7 4 1.3 12 1.6 1271 1271 21 21 20.6 22.2 23 23.7 24.2 -
2014-6-14 4:00:0020.7 20 20.7 20.3 1,007.1 0 96 95 3 1.6 4 1.4 5 1.3 5 1.3 5 1.7 1124 1025 20.5 20.5 19.8 22 23.2 24 24.4 -
2014-6-14 3:00:0020.6 19.8 20.9 20.6 1,007.2 0 95 94 - 0.2 - 0.2 34 0.3 23 1 31 1.3 845 936 19.9 20.2 19.9 22.3 23.5 24.3 24.6 -
2014-6-14 2:00:0020.9 19.9 21.2 20.9 1007 0 94 92 39 0.9 40 0.8 46 0.7 43 0.9 40 1.2 1294 1331 20.2 20.7 20.2 22.6 23.9 24.6 24.9 -
2014-6-14 1:00:0021.2 19.8 21.9 21.2 1,007.5 0 92 88 33 0.6 36 0.6 39 0.8 24 0.9 26 1.1 1932 2039 20.7 21.1 20.7 23.1 24.3 24.9 25.1 -
2014-6-14 00:00:0021.9 19.8 22.4 21.9 1008 0 88 83 26 0.4 27 0.4 8 0.4 23 1.9 22 3.1 2602 2626 21.1 21.7 21.1 23.5 24.8 25.3 25.4 -
2014-6-13 23:00:0022.3 19.5 23.1 22.3 1,008.2 0 84 78 25 2.8 25 1.9 270 1 26 1.5 25 2.8 4399 4282 21.7 22.3 21.6 24.1 25.3 25.7 25.6 -
2014-6-13 22:00:0023.1 19.1 23.9 23.1 1,008.2 0 78 77 37 1.8 43 1.5 46 1.3 43 1.5 44 2.1 4845 4612 22.3 23.1 22.3 24.7 25.8 26.1 25.8 -
2014-6-13 21:00:0023.9 19.6 24.9 23.9 1,007.9 0 77 73 59 2.2 58 1.5 41 1.6 24 2 28 2.8 4561 4380 23.1 24.3 23.1 25.4 26.4 26.5 26.1 -
2014-6-13 20:00:0025 19.8 26.2 25 1,007.4 0 73 62 22 2.4 21 2 24 1.9 19 2.6 20 3.4 4955 5017 24.4 25.4 24.4 26.2 27 26.9 26.2 -
2014-6-13 19:00:0026.2 18.3 27.2 26.2 1,006.8 0 62 49 45 2.6 42 1.9 43 2 33 3.1 30 3.9 8098 8860 25.4 27.3 25.4 27.1 27.7 27.3 26.4 -
2014-6-13 18:00:0027.2 15.9 27.8 27.2 1,006.3 0 50 50 27 4.1 35 2.8 33 3.1 28 4.7 27 6.9 17912 17341 27.3 28.9 27.3 28.2 28.5 27.7 26.4 -
2014-6-13 17:00:0027.8 17.9 29.8 27.8 1,005.9 0 55 50 36 6 33 4.9 29 4.1 23 5.6 31 8.5 8798 8235 29 33.8 29 29.8 29.4 28 26.3 -
2014-6-13 16:00:0029.8 18.6 31.4 29.8 1,005.6 0 51 40 20 5.1 24 4.4 28 4.5 31 4.7 35 7.5 10216 10305 33.8 38.8 31.9 31.3 30.1 27.9 26 -
2014-6-13 15:00:0031.4 16.6 31.5 31.2 1,005.1 0 41 38 253 4.1 253 3.2 285 2.7 287 2.8 274 4.9 16716 13440 38.6 42 37.6 33.1 30.3 27.5 25.5 -
2014-6-13 14:00:0031.2 15.6 31.3 30.9 1,005.6 0 39 38 311 4.6 310 3.3 284 2.9 282 2.9 289 6 13660 16178 41 44.4 40.9 33.7 29.8 26.8 24.9 -
2014-6-13 13:00:0030.9 16.1 30.9 30.2 1006 0 41 38 325 2.1 320 1.4 321 1.8 299 3 278 5.7 18444 17431 44.5 44.5 41.9 33.1 28.8 26 24.3 -
2014-6-13 12:00:0030.2 16.6 30.2 29.2 1,006.8 0 44 42 290 3.6 278 2.8 309 2.4 264 3.6 277 6.4 13737 15112 43.4 43.7 37.1 31.8 27.6 25.1 23.8 -
2014-6-13 11:00:0029.4 16.6 29.4 27.8 1,006.9 0 46 44 271 4.4 267 3.1 273 2.9 264 3.3 268 5.5 15779 15186 38.7 42.5 37.3 30.4 26.3 24.1 23.3 -
2014-6-13 10:00:0027.7 17.8 27.7 26.3 1,007.2 0 55 54 272 3.6 273 2.6 260 3.1 254 3.2 262 4.8 13001 11026 37 39.2 34.8 28.1 24.9 23.3 22.9 -
2014-6-13 9:00:0026.3 19.2 26.3 24.6 1,007.1 0 65 65 226 3.5 234 2.5 243 2.2 251 3.2 246 4.8 7721 7316 36.1 36.1 31.1 26 23.5 22.7 22.7 -
2014-6-13 8:00:0024.6 19.2 24.6 22.3 1,007.1 0 72 71 248 3.3 250 2.3 247 2.7 243 2.7 258 4.4 7100 6788 31.2 31.2 26.5 23.7 22.3 22.2 22.7 -
2014-6-13 7:00:0022.2 19.7 22.2 20.3 1007 0 86 86 227 1.5 231 1.2 233 1.1 234 1.4 235 2.4 5711 5421 26.6 26.6 21.2 21.6 21.5 22.1 22.8 -
2014-6-13 6:00:0020.2 18.9 20.2 19.2 1,006.6 0 92 92 235 1.9 236 1.4 234 1.4 220 1.7 224 2.3 4267 4349 21.5 21.5 18.1 20.3 21.3 22.2 23 -
2014-6-13 5:00:0019.2 18 19.2 18.5 1,006.5 0 93 93 218 1.7 217 1.5 218 1.5 225 1.8 223 2.5 4676 4606 18 18 17.4 19.9 21.4 22.4 23.2 -
2014-6-13 4:00:0018.4 17.6 18.4 17.9 1,006.4 0 95 95 215 1.8 215 1.7 219 1.5 204 1.7 210 2.2 5984 6233 17.5 17.7 17.5 20.1 21.7 22.7 23.4 -
2014-6-13 3:00:0018 17.4 18.2 18 1,006.3 0 96 95 206 1.4 205 1.3 219 0.7 177 0.9 205 1.4 5811 4173 17.6 17.9 17.6 20.4 22 23 23.7 -
2014-6-13 2:00:0018.1 17.3 18.2 18.1 1,006.2 0 95 94 165 0.5 164 0.4 154 0.5 184 1.1 166 1.3 5298 5464 17.9 18.2 17.8 20.8 22.4 23.4 24 -
2014-6-13 1:00:0018.2 17.2 18.6 18.2 1,006.5 0 94 93 198 1 197 1 183 1.1 186 1.3 220 1.5 5603 4433 18.2 18.5 18.1 21.2 22.8 23.8 24.3 -
2014-6-13 00:00:0018.7 17.5 18.9 18.7 1,006.7 0 93 92 - 0.1 - 0.1 295 0.3 230 1 229 1.3 5261 5091 18.4 18.9 18.4 21.6 23.3 24.2 24.6 -
2014-6-12 23:00:0018.8 17.5 19 18.8 1,007.3 0 92 87 170 0.7 170 0.6 167 0.8 156 1.3 156 1.6 6393 6720 18.8 19.2 18.8 22.1 23.8 24.6 24.9 -
2014-6-12 22:00:0019 17 21 19 1,007.2 0 88 81 160 1.3 157 1.1 157 1 156 1 158 1.4 8896 9102 19.2 20 19.2 22.8 24.5 25.1 25.2 -
2014-6-12 21:00:0021 17.4 22 21 1007 0 80 70 359 0.3 - 0.2 - 0.2 30 2.3 29 3 9779 10647 20 21.2 20 23.6 25.2 25.6 25.4 -
2014-6-12 20:00:0022.1 16.4 23.2 22.1 1,006.2 0 70 66 30 2.7 30 2.2 26 2 23 2.6 28 3.7 16182 16197 21.2 22.6 21.2 24.6 26 26.2 25.6 -
2014-6-12 19:00:0023.3 16.6 24.6 23.3 1,005.9 0 66 57 17 2.8 21 2.2 24 2.1 24 3.7 27 4.8 16441 15755 22.7 26.2 22.7 25.9 27 26.6 25.8 -
2014-6-12 18:00:0024.6 15.5 25.5 24.6 1,005.5 0 57 55 21 4.9 21 3.9 25 3.7 17 5 16 5.8 22681 19707 26.3 30.2 26.3 27.6 27.9 26.9 25.7 -
2014-6-12 17:00:0025.5 15.8 26.5 25.5 1,005.4 0 55 51 15 5.5 13 4.9 18 5.2 18 5.2 17 7.3 22760 22760 30.1 34.3 30.1 29.3 28.5 27 25.5 -
2014-6-12 16:00:0026.5 17 26.8 26.5 1,005.1 0 56 52 0 5.8 358 4 9 4 11 4.9 358 7.8 17212 19713 34.4 36.5 34.3 30.5 28.7 26.7 25.2 -
2014-6-12 15:00:0026.7 16.9 27.2 26.7 1,005.1 0 55 51 359 7 357 4.3 9 3.9 8 4.2 359 7 19820 19374 35.3 39.9 34.5 31 28.5 26.3 24.8 -
2014-6-12 14:00:0026.9 17.1 26.9 26.3 1,005.4 0 55 52 341 4.4 355 3.7 358 4 12 4.2 23 7 17600 18029 38.7 40.5 34.8 30.9 27.8 25.8 24.4 -
2014-6-12 13:00:0026.3 17.1 26.4 26.1 1,005.7 0 57 55 1 1.9 15 1.4 350 2.7 21 3.4 349 5.4 16413 18860 36.3 40 33.8 30 27.2 25.2 24 -
2014-6-12 12:00:0026.3 17.1 26.4 25.6 1,006.1 0 57 53 10 4.7 23 2.9 24 3.2 1 3.3 346 5.9 16564 17186 37.6 41 34.6 29.9 26.6 24.6 23.6 -
2014-6-12 11:00:0025.6 15.9 25.7 24.5 1,006.3 0 55 55 323 4.7 332 4 353 3 327 3.7 320 6.3 16141 15927 35.1 39.8 33.5 28.8 25.6 23.9 23.2 -
2014-6-12 10:00:0024.5 17 24.6 23.9 1,006.5 0 63 62 320 5.3 318 4.2 344 2.9 8 3.4 351 5.7 14553 14611 34.2 37.5 31.5 27.1 24.5 23.3 22.9 -
2014-6-12 9:00:0023.9 17.6 23.9 22.5 1,006.5 0 68 68 13 5.1 7 3.6 6 3.2 4 3.7 10 5.5 15004 13670 35.4 35.4 30.3 25.6 23.4 22.7 22.8 -
2014-6-12 8:00:0022.5 18.3 22.5 20.7 1,006.8 0 77 77 320 3.4 324 2.9 357 2.7 2 2.7 13 4.4 9428 9591 30.2 30.2 25.6 23.5 22.4 22.3 22.7 -
2014-6-12 7:00:0020.6 18.9 20.6 19.2 1,006.6 0 90 90 337 2.4 336 1.6 340 1.6 353 1.7 355 2.7 7676 6910 25.4 25.4 20.9 21.7 21.7 22.3 22.9 -
2014-6-12 6:00:0019.2 18.5 19.2 18.8 1,006.5 0 96 96 355 0.4 342 0.3 357 0.5 13 1.1 359 1 4254 4192 20.8 20.8 18.4 20.5 21.6 22.4 23 -
2014-6-12 5:00:0019 18.3 19.3 19 1,006.2 0 96 96 355 1.1 0 0.9 16 1.3 21 2.4 18 3.2 4831 4458 18.4 19 18.4 20.5 21.8 22.6 23.2 -
2014-6-12 4:00:0019.3 18.6 19.3 19.2 1,005.9 0 96 96 20 2.6 20 2.2 14 1.9 13 1.9 20 2.6 4033 4207 19 19 18.6 20.7 22 22.9 23.5 -
2014-6-12 3:00:0019.2 18.5 19.2 18.9 1,005.9 0 96 96 309 0.8 314 0.7 322 0.8 17 0.9 26 1.3 5307 5746 18.9 19.1 18.6 21 22.3 23.2 23.7 -
2014-6-12 2:00:0019 18.3 19 18.7 1006 0 96 95 19 1 17 0.9 6 0.8 13 1.5 13 1.9 6333 6356 18.7 18.7 18.5 21.1 22.6 23.5 24 -
2014-6-12 1:00:0018.8 18 19.3 18.8 1,006.1 0 95 94 - 0 - 0 - 0 335 0.8 342 1.1 6018 5534 18.6 19.1 18.6 21.5 23 23.9 24.3 -
2014-6-12 00:00:0019.1 18.1 19.6 19.1 1,006.5 0 94 91 324 0.7 330 0.6 - 0.2 128 0.9 148 1 7650 7027 19 19.4 19 22 23.5 24.3 24.5 -
2014-6-11 23:00:0019.6 18.1 20.5 19.6 1,006.5 0 91 89 134 1.1 128 0.8 124 0.9 63 1.1 88 1.5 6550 7891 19.4 20.2 19.4 22.5 24.1 24.7 24.8 -
2014-6-11 22:00:0020.5 18.6 21.1 20.5 1,006.8 0 89 84 66 1.3 64 1.1 67 1.1 83 1.8 124 2.3 11579 10883 20.2 20.9 20.2 23.2 24.7 25.2 25.1 -
2014-6-11 21:00:0021.1 18.3 22 21.1 1,006.5 0 84 80 82 2.1 83 1.7 83 1.9 71 2.4 67 4.1 15301 14496 20.9 21.8 20.9 24 25.4 25.7 25.3 -
2014-6-11 20:00:0022.1 18.5 23.3 22.1 1,006.1 0 80 76 71 2.6 74 2.1 73 2.1 73 2.7 75 4.4 15647 15018 21.8 23.2 21.8 24.9 26.2 26.2 25.5 -
2014-6-11 19:00:0023.4 18.9 24.8 23.4 1,005.8 0 76 66 105 2.5 100 1.8 94 2 93 2.5 84 4.1 21659 21302 23.3 26.5 23.3 26.3 27.1 26.6 25.6 -
2014-6-11 18:00:0024.8 18 25.6 24.8 1,005.3 0 66 64 79 2.9 75 2.1 68 2.2 66 2.6 88 3.8 25989 23658 26.5 30.7 26.5 28 27.9 26.8 25.5 -
2014-6-11 17:00:0025.7 18.4 26.3 25.7 1,005.1 0 64 58 83 2.5 85 2.2 90 2.2 57 2.7 90 4 35000 26195 30.7 34.9 30.7 29.5 28.4 26.8 25.3 -
2014-6-11 16:00:0026.2 18.1 26.4 26.1 1,005.3 0 61 58 60 1.6 67 1.2 62 1.9 44 2.5 49 4.4 24850 24711 34.9 37.1 33.2 30.4 28.5 26.5 24.9 -
2014-6-11 15:00:0026.2 17.8 26.4 26 1,005.9 0 60 57 130 1.2 119 1.2 77 2.2 20 3.1 45 4.7 29245 29656 34.3 38 34.3 31 28.3 26.1 24.5 -
2014-6-11 14:00:0026.3 17.4 26.6 26 1,006.4 0 58 57 23 3.7 22 3.3 19 3.3 29 3.5 20 5.9 29439 32945 37.5 40.6 33.6 30.9 27.7 25.5 24.1 -
2014-6-11 13:00:0026.3 18.2 26.3 25.5 1,006.8 0 61 59 94 2.5 90 2.1 67 3 24 3.1 67 5.4 28709 26411 39.9 41 34.4 30.2 26.8 24.8 23.7 -
2014-6-11 12:00:0025.6 18 25.8 24.4 1,007.2 0 63 59 54 3.3 54 2.3 51 2.4 66 3.3 62 5.6 23579 23849 34.4 41.2 31.1 29.3 25.9 24.1 23.3 -
2014-6-11 11:00:0024.4 18.1 25.1 24.4 1,007.4 0 68 64 83 3.5 79 2.9 81 2.6 70 3.2 95 5.4 19891 14932 31.1 38 31 27.2 24.9 23.5 23 -
2014-6-11 10:00:0024.7 18.2 24.7 23.3 1,007.4 0 67 66 83 3.7 83 2.7 81 3 61 3.3 88 5.4 24882 23941 33.8 34.6 28.8 26 23.8 23 22.8 -
2014-6-11 9:00:0023.3 18.6 23.3 22.6 1,007.7 0 75 74 72 3 72 2.7 62 3.2 78 3.3 61 5.4 23183 22798 28.8 30 26.2 24.1 23.1 22.7 22.8 -
2014-6-11 8:00:0022.6 19.4 22.6 21.4 1,007.5 0 82 81 62 2.7 64 2.4 54 3 53 3.4 57 4.8 14782 15739 28 28 24 23.1 22.4 22.5 22.8 -
2014-6-11 7:00:0021.3 19.6 21.3 20.1 1,007.2 0 90 90 31 2.2 43 1.6 45 2.2 43 2.3 52 4 12182 11137 24.4 24.8 21.4 21.9 22 22.4 22.9 -
2014-6-11 6:00:0020.1 19.4 20.1 19.4 1,006.8 0 96 96 19 1.8 17 1.5 10 1.4 5 1.4 14 2.1 4593 4333 21.3 21.3 18.7 21.1 21.9 22.6 23 -
2014-6-11 5:00:0019.4 18.7 20 19.4 1,006.3 0 96 95 14 0.6 16 0.5 17 0.3 25 0.6 93 0.7 2685 1371 18.7 19.8 18.7 21 22.2 22.8 23.2 -
2014-6-11 4:00:0020 19.2 20.4 19.9 1,006.2 0 95 94 6 0.5 13 0.4 29 0.6 64 1.5 57 2 4179 4072 19.8 19.8 19.3 21.3 22.4 23.1 23.4 -
2014-6-11 3:00:0020.4 19.6 20.9 20.4 1,006.1 0 95 93 75 1.7 75 1.4 62 1.5 48 1.5 75 2.3 3994 3812 19.6 20.7 19.6 21.7 22.8 23.3 23.6 -
2014-6-11 2:00:0020.9 19.7 21.2 20.9 1,006.4 0 93 92 18 1.4 21 1.4 16 1.4 353 1.6 353 2.4 4709 4813 20.7 21 20.7 22.2 23.1 23.5 23.7 -
2014-6-11 1:00:0021.2 19.8 21.4 21.2 1,006.8 0 92 90 351 2 354 1.6 353 1.6 352 1.9 353 2.6 6919 6785 20.8 21.3 20.8 22.4 23.3 23.7 23.9 -
2014-6-11 00:00:0021.4 19.7 21.4 21.2 1,007.5 0 90 90 343 2.1 347 1.9 352 1.9 353 1.9 348 2.7 7883 7838 21.3 21.5 21 22.7 23.6 24 24.1 -
2014-6-10 23:00:0021.2 19.7 21.2 21 1,007.8 0 91 90 349 1 357 0.9 10 1.1 21 1.3 108 1.8 9296 9767 21.5 21.5 20.8 22.9 23.8 24.3 24.4 -
2014-6-10 22:00:0021 19.1 21.3 21 1,007.6 0 89 86 93 1.6 93 1.1 93 1.2 77 1.5 81 2.3 11561 12303 20.9 21.3 20.7 23.1 24.3 24.7 24.6 -
2014-6-10 21:00:0021.3 18.7 21.8 21.3 1,007.7 0 85 83 70 1.9 72 1.5 76 1.5 80 1.8 71 3.1 15459 15693 20.9 21.6 20.9 23.6 24.8 25.1 24.8 -
2014-6-10 20:00:0021.8 18.8 22.2 21.8 1,007.1 0 83 80 74 1.8 78 1.3 85 1.8 91 3.4 93 5.3 19774 20075 21.6 22.2 21.6 24.3 25.5 25.6 25 -
2014-6-10 19:00:0022.3 18.7 23.3 22.3 1,006.6 0 80 73 93 4.6 90 2.6 89 3.1 78 4.2 92 6.4 22659 22430 22.2 25 22.2 25.4 26.4 26.1 25.1 -
2014-6-10 18:00:0023.3 18.2 24 23.3 1,006.3 0 73 69 90 5.9 89 4.2 77 4 85 4.3 97 6.6 27728 27903 25.1 28 25.1 26.9 27.3 26.4 25.1 -
2014-6-10 17:00:0024.1 17.8 25.1 24.1 1,006.1 0 68 65 93 5.7 89 4.8 82 3.9 81 4.7 92 7.7 27891 26174 27.4 32.6 27.4 28.5 27.9 26.5 24.9 -
2014-6-10 16:00:0025.1 18.3 26.2 25.1 1,005.9 0 66 61 69 6.1 67 4.5 72 4.2 67 4.6 74 7.4 27438 25697 32.5 36.1 30.8 29.9 28.3 26.3 24.6 -
2014-6-10 15:00:0026 18.9 26.4 26 1006 0 65 60 92 4.7 86 3.3 71 3.8 62 5 48 7.6 29941 30738 35.2 36.3 33.4 30.7 28.2 25.9 24.1 -
2014-6-10 14:00:0026.5 18.4 26.8 26.2 1,006.2 0 61 61 50 6.8 58 5.6 80 4.3 80 4.3 67 9 29888 32091 34.3 39.3 34.3 31.4 27.8 25.2 23.6 -
2014-6-10 13:00:0026.3 18.7 26.4 25.9 1,006.4 0 63 62 134 4.9 118 2.9 98 3.3 55 3.8 69 6.7 35000 27227 37.6 40.4 36 30.9 26.9 24.3 23 -
2014-6-10 12:00:0025.9 18.8 25.9 25.3 1,006.8 0 65 63 54 5.1 48 3.6 50 3.4 45 3.8 104 5.9 25239 25360 39.2 39.5 36.9 29.7 25.6 23.4 22.5 -
2014-6-10 11:00:0025.2 18.9 25.2 23.6 1,007.3 0 68 67 86 3.3 89 3 91 2.9 62 3.3 39 6.1 21970 25107 37.8 38.1 30.9 27.4 23.9 22.5 22.2 -
2014-6-10 10:00:0023.6 18.9 23.6 22.3 1,007.4 0 75 74 93 3 80 2.2 67 2.7 93 3.8 91 5.6 20925 24528 32 32 26.5 24.4 22.6 22 22 -
2014-6-10 9:00:0022.2 19 22.2 21.5 1,007.4 0 82 82 102 4.5 101 3.5 88 3 73 4 93 6 16334 15074 26.4 26.4 24.2 22.6 21.9 21.8 22 -
2014-6-10 8:00:0021.5 19.1 21.5 20.6 1,007.1 0 86 86 79 3 78 2.1 74 3 54 3.7 75 5.9 10821 11028 24.3 24.7 21 21.6 21.4 21.7 22 -
2014-6-10 7:00:0020.6 18.9 20.6 20.3 1,007.2 0 90 90 46 5.2 45 3.6 55 3.7 55 3.7 63 5.2 8079 8356 20.9 20.9 20.1 20.8 21.2 21.7 22.1 -
2014-6-10 6:00:0020.3 19 20.3 19.9 1,006.9 0 92 92 54 2.9 60 2.1 62 2.1 51 2.3 73 3.7 7923 8034 20 20 19.3 20.5 21.2 21.8 22.2 -
2014-6-10 5:00:0019.9 18.6 20 19.9 1,006.4 0 92 90 58 2.5 56 1.9 62 1.8 64 1.8 52 2.7 9714 9545 19.3 19.3 19.2 20.5 21.3 21.9 22.4 -
2014-6-10 4:00:0019.9 18.2 20 19.9 1,006.1 0 90 90 94 2.1 90 1.4 94 1.4 85 1.8 104 3 11275 11236 19.3 19.4 19.3 20.6 21.5 22.1 22.5 -
2014-6-10 3:00:0020 18.5 20 19.9 1,006.2 0 91 91 77 1.6 73 1.3 87 2 94 2.2 99 4.2 13473 12501 19.4 19.4 19.3 20.7 21.7 22.3 22.7 -
2014-6-10 2:00:0019.9 18.6 20.1 19.9 1,006.3 0 92 90 93 2.8 92 2 89 1.8 89 1.9 77 3.1 12550 12431 19.4 19.6 19.4 20.9 21.9 22.5 22.8 -
2014-6-10 1:00:0020.1 18.4 20.3 20.1 1,006.4 0 90 89 92 2.3 96 1.7 97 1.8 110 1.8 114 3.1 13225 14101 19.6 20 19.6 21.1 22.1 22.7 23 -
2014-6-10 00:00:0020.2 18.5 20.2 20 1007 0 90 90 114 2 112 1.6 109 1.6 107 2.3 105 3.8 14139 13454 19.9 19.9 19.3 21.3 22.3 22.9 23.2 -
2014-6-9 23:00:0020.1 18.6 20.7 20.1 1,007.5 0 91 88 106 1.6 102 1.2 101 1.2 107 2.2 95 3.7 9722 9271 19.3 20 19.3 21.6 22.7 23.2 23.4 -
2014-6-9 22:00:0020.7 18.6 21.4 20.7 1,007.6 0 88 83 99 2.6 98 1.7 105 1.7 115 3.6 99 5.9 12065 12470 20 21.2 20 22 23.1 23.5 23.6 -
2014-6-9 21:00:0021.4 18.6 21.5 21.4 1,007.3 0 84 83 110 5.1 112 3.1 115 3.6 117 4.5 122 6.8 14207 15543 21.2 21.3 21 22.6 23.5 23.8 23.7 -
2014-6-9 20:00:0021.5 18.9 21.8 21.5 1,006.8 0 85 84 116 5.8 115 4.5 119 4.2 119 4.2 123 6.8 13155 12874 21 22 21 23.1 23.9 24.1 23.9 -
2014-6-9 19:00:0021.8 19 22.2 21.8 1,006.6 0 84 82 96 4.3 89 3.7 93 3.7 88 3.7 95 6.4 14755 15072 22 23 22 23.7 24.4 24.4 24 -
2014-6-9 18:00:0022.2 19 22.4 22.2 1,006.4 0 82 80 102 4 102 3.3 100 3.5 101 4.5 104 7.1 18400 18965 23 24.1 23 24.5 24.9 24.6 24 -
2014-6-9 17:00:0022.4 18.8 23 22.4 1,005.8 0 80 78 98 6.5 100 4.5 102 4.3 87 5.5 91 8.6 20155 21369 23.8 25.5 23.7 25.3 25.5 24.8 24 -
2014-6-9 16:00:0023 19 24.6 23 1,006.1 0 78 72 89 6.7 92 5.8 85 5.2 81 5.3 83 8.9 21247 22287 25.7 30.7 25.5 26.5 26 24.8 23.8 -
2014-6-9 15:00:0024.6 19.4 24.9 24.6 1006 0 73 71 88 7.6 90 5.9 87 5.3 96 5.3 92 8.5 17394 17447 30.9 33.2 29.8 27.9 26 24.5 23.5 -
2014-6-9 14:00:0024.7 19.1 24.9 24.5 1,006.1 0 71 71 85 6.9 92 5.4 99 5.1 99 5.5 97 8 15885 18817 32 34.7 30.5 27.5 25.5 24.1 23.2 -
2014-6-9 13:00:0024.5 20 24.8 24.1 1,006.6 0 76 66 89 7.4 87 5.4 77 5.2 77 5.2 61 7.8 18422 18704 32.2 33.5 29.7 26.9 24.9 23.6 22.9 -
2014-6-9 12:00:0024.6 17.8 24.7 24 1,007.4 0 66 66 84 5.8 90 4.5 99 3.8 124 4.2 121 6.6 20163 18832 33.4 33.4 28.5 26.2 24.3 23.2 22.7 -
2014-6-9 11:00:0024.2 18.4 24.3 23.7 1,007.8 0 70 67 125 5.5 124 4.6 119 3.7 112 4.2 101 6.4 17906 17075 28.9 30.9 28.4 25.5 23.7 22.8 22.5 -
2014-6-9 10:00:0023.8 17.8 23.8 22.8 1,007.7 0 69 69 127 5.7 131 4.3 121 3.6 121 4.6 112 6.9 24944 21828 29.1 30 24.8 24.3 23 22.4 22.3 -
2014-6-9 9:00:0022.9 17.6 23.2 22.4 1,007.8 0 72 71 117 4.5 115 4.2 120 4 122 4.9 130 7.3 25168 14983 25.9 28.6 25.1 23.5 22.5 22.2 22.2 -
2014-6-9 8:00:0022.3 18.1 22.4 21.7 1,007.2 0 77 77 116 6.4 113 4.8 116 4.4 115 4.6 121 6.7 16549 15829 25 26.3 24.6 22.7 22 21.9 22.2 -
2014-6-9 7:00:0021.7 18.7 21.7 20.5 1,006.9 0 83 83 104 5.9 103 4 110 3.5 113 3.8 115 6.1 11950 11388 25.6 25.6 21.7 21.6 21.4 21.8 22.3 -
2014-6-9 6:00:0020.4 18.5 20.4 19.6 1,006.7 0 89 89 114 4.4 114 3.3 113 2.8 113 2.8 114 4.6 8639 8455 21.7 21.7 18.9 20.6 21.2 21.9 22.4 -
2014-6-9 5:00:0019.6 18.4 19.6 19.5 1,006.6 0 93 93 107 2.3 108 1.7 99 1.8 98 2 99 3.6 7161 7190 18.8 18.8 18.4 20.1 21.3 22.1 22.6 -
2014-6-9 4:00:0019.6 18.4 19.6 19.5 1,006.2 0 93 92 90 2.1 89 1.8 93 1.5 77 1.9 82 2.7 7477 7702 18.6 18.9 18.6 20.5 21.6 22.3 22.8 -
2014-6-9 3:00:0019.6 18.3 20.3 19.6 1006 0 92 89 71 2.1 72 1.6 83 1.3 74 1.8 67 2.5 7793 7954 18.6 19.8 18.6 20.7 21.9 22.5 23 -
2014-6-9 2:00:0020.4 18.5 20.6 20.4 1006 0 89 87 105 1.6 106 1 111 1.2 120 2.1 125 3.1 10902 10481 19.8 20.3 19.8 21.2 22.2 22.7 23.1 -
2014-6-9 1:00:0020.6 18.4 20.6 20.2 1,006.2 0 87 87 113 2.4 105 1.5 108 1.8 121 2.6 122 3.9 12440 12921 20.3 20.3 19.3 21.3 22.3 23 23.4 -
2014-6-9 00:00:0020.2 18.5 20.5 20.2 1,006.5 0 90 90 115 3.6 117 2.6 118 2.4 119 2.4 115 3.8 11140 11048 19.3 19.6 19.3 21.3 22.6 23.3 23.6 -
2014-6-8 23:00:0020.5 18.8 20.8 20.5 1007 0 90 90 114 2.8 115 2.2 114 2.1 115 2.3 113 3.9 10152 9895 19.6 20.1 19.6 21.8 23 23.6 23.8 -
2014-6-8 22:00:0020.9 19.2 21.4 20.9 1,007.2 0 90 87 114 3.6 115 2.5 112 2.2 113 2.8 117 4.2 10721 9973 20.1 20.6 20.1 22.3 23.5 24 24 -
2014-6-8 21:00:0021.4 19.1 22 21.4 1,007.1 0 87 83 115 3.7 114 2.4 114 2.7 121 3.6 117 6.1 15143 14136 20.7 21.4 20.7 22.8 24 24.4 24.2 -
2014-6-8 20:00:0022 19 22.6 22 1,006.4 0 83 81 122 4.1 126 2.8 121 3.5 122 3.8 121 6.5 13306 14023 21.4 22.6 21.4 23.7 24.6 24.7 24.4 -
2014-6-8 19:00:0022.6 19.2 23.7 22.6 1,005.8 0 81 76 114 5.5 110 3.9 104 3.2 111 4.2 118 6.8 15638 14513 22.5 24.8 22.5 24.5 25.2 25 24.5 -
2014-6-8 18:00:0023.8 19.3 24.5 23.8 1005 0 76 74 109 5.4 107 3.9 108 3.9 115 4.6 116 6.6 19723 20138 24.9 26.6 24.9 25.5 25.8 25.2 24.5 -
2014-6-8 17:00:0024.5 19.6 25.2 24.5 1,005.2 0 74 72 116 5.9 117 4.4 121 4.3 121 4.3 124 6.5 20494 21465 26.2 28.7 26.2 26.5 26.2 25.3 24.4 -
2014-6-8 16:00:0025.2 20 25.7 25.2 1,005.3 0 73 69 141 5.3 138 4 127 3.5 124 3.7 122 5.7 22487 21565 28.2 31 28 27.3 26.5 25.3 24.2 -
2014-6-8 15:00:0025.7 19.8 26.1 25.7 1,005.1 0 70 67 152 3.1 144 2.5 118 3 131 3.5 123 5.7 22466 21541 30.9 33.3 30.8 28.3 26.5 25 24 -
2014-6-8 14:00:0025.8 19.7 25.8 25.4 1,005.2 0 69 68 112 5.2 115 3.2 119 3.1 161 3.8 122 5.5 21204 20005 31.5 32.3 29.5 27.8 26.1 24.7 23.8 -
2014-6-8 13:00:0025.6 20.2 25.9 25.6 1,005.6 0 72 68 169 5 170 4.2 158 3.6 150 3.7 145 6 16718 17841 30.6 33.1 30.5 27.8 25.9 24.4 23.5 -
2014-6-8 12:00:0025.6 19.5 25.9 25.3 1,005.6 0 69 67 117 2.7 110 2.2 122 2.2 116 3 143 4.7 13750 14560 31.7 37.2 31.6 27.8 25.4 23.9 23.2 -
2014-6-8 11:00:0025.3 19.4 25.3 24.3 1006 0 70 70 103 2.8 93 2 128 2.7 134 2.8 105 4.4 16041 15472 35.2 35.2 27.6 26.3 24.2 23.4 23.1 -
2014-6-8 10:00:0024.3 20.2 24.3 23.9 1,006.2 0 78 77 151 3.4 149 3 155 2.6 121 2.7 143 4.4 13401 12856 28.7 28.7 26.8 24.7 23.7 23.2 22.9 -
2014-6-8 9:00:0023.9 20.6 23.9 23.1 1,005.7 0 82 81 135 2.9 129 2 124 2.1 116 2.8 121 3.9 10762 10611 26.9 27 25.6 24.2 23.3 22.9 22.9 -
2014-6-8 8:00:0023.1 20.2 23.1 22.4 1,005.5 0 84 84 113 3.7 115 3.3 114 2.8 114 2.8 124 4.2 7880 8381 25.5 26.1 24.1 23.5 22.9 22.8 22.9 -
2014-6-8 7:00:0022.4 20.7 22.4 21.6 1,005.3 0 90 90 95 2.9 92 1.7 95 1.8 116 2.1 116 3.1 7178 7335 24 24 21.8 22.6 22.5 22.7 23 -
2014-6-8 6:00:0021.6 20.6 21.6 21.2 1,004.6 0 94 94 87 1.7 94 1.4 102 1.3 92 1.6 108 2.7 5744 5532 21.8 21.9 20.6 21.9 22.4 22.8 23.1 -
2014-6-8 5:00:0021.3 20.5 21.4 21.3 1,004.6 0 95 95 103 2.5 105 1.4 108 1.5 112 2 103 3 5241 5290 20.6 20.9 20.6 21.8 22.6 23 23.3 -
2014-6-8 4:00:0021.4 20.6 21.4 21.3 1,004.6 0 95 95 109 1.5 115 1 115 1.4 92 1.7 116 2.7 4919 5029 20.9 20.9 20.7 22 22.8 23.2 23.4 -
2014-6-8 3:00:0021.4 20.6 21.7 21.4 1,004.5 0 95 94 90 2.6 89 1.8 92 1.7 117 1.7 108 2.7 5563 5647 20.8 21 20.8 22.2 23 23.4 23.6 -
2014-6-8 2:00:0021.7 20.7 21.9 21.7 1,004.6 0 94 93 116 1.7 116 1.3 120 1.4 120 1.4 99 2.2 6647 6714 21 21.8 21 22.5 23.3 23.6 23.8 -
2014-6-8 1:00:0021.9 20.9 22 21.8 1,004.7 0 94 94 110 0.7 111 0.7 108 0.5 137 2.2 129 3 7019 7147 21.7 21.7 21.2 22.7 23.5 23.9 24 -
2014-6-8 00:00:0022 20.8 22 21.9 1,004.4 0 93 93 133 3.4 129 2 137 2.1 124 2.4 125 3.8 8083 8209 21.5 21.7 21.4 22.9 23.8 24.2 24.2 -
2014-6-7 23:00:0021.9 20.7 22.2 21.9 1,004.2 0 93 92 122 3.2 120 2.4 120 2.3 126 2.6 123 4 7813 7915 21.4 21.7 21.4 23.2 24.2 24.5 24.4 -
2014-6-7 22:00:0022.2 20.8 22.6 22.2 1,004.5 0 92 91 125 2.6 128 2.1 125 2.1 127 2.3 114 3.5 9650 8954 21.7 22.2 21.7 23.7 24.6 24.9 24.6 -
2014-6-7 21:00:0022.6 21.1 23.2 22.6 1004 0 91 87 126 2.9 126 2 133 2.1 119 2.7 118 4.4 8109 8262 22.2 22.7 22.2 24.2 25.2 25.3 24.8 -
2014-6-7 20:00:0023.2 20.9 24.1 23.2 1,003.7 0 87 81 111 2.7 112 1.9 117 2.2 118 3.4 119 5.3 9464 9748 22.7 23.6 22.7 24.9 25.8 25.7 25 -
2014-6-7 19:00:0024.1 20.6 25.5 24.1 1,002.9 0 81 76 118 3.8 115 2.7 111 2.5 116 4 121 5.8 14252 13998 23.6 26 23.6 26 26.6 26.1 25.1 -
2014-6-7 18:00:0025.5 21 26.9 25.5 1,002.3 0 76 71 110 4.1 111 3.6 100 3.2 114 4.1 122 6.3 13390 14335 26.1 29.4 26.1 27.4 27.4 26.4 25.1 -
2014-6-7 17:00:0027 21.5 27.7 27 1,001.8 0 72 67 110 4.4 107 2.7 107 3.4 105 3.5 122 5.4 15182 14276 29.5 32.4 29.5 28.8 28 26.5 24.9 -
2014-6-7 16:00:0027.6 21.2 28 27.5 1,001.6 0 68 67 89 3.7 93 2.9 99 3 83 3.4 107 5.7 13891 16372 32.2 34.6 31.1 29.7 28.3 26.4 24.7 -
2014-6-7 15:00:0027.9 21.9 28.4 27.8 1,001.7 0 70 65 100 5 98 3.2 85 2.9 67 3.7 69 6 18050 15697 34.9 37.6 32.9 30.7 28.5 26.1 24.3 -
2014-6-7 14:00:0028 21.1 28.8 28 1,001.9 0 66 60 70 3.9 72 1.8 104 2.9 120 3.3 77 5.8 15506 15173 35.3 41.2 34 31.2 28.3 25.7 23.9 -
2014-6-7 13:00:0028.1 20.1 28.1 27.4 1,002.4 0 62 62 49 2.4 76 1.7 92 2.1 62 2.6 67 4.8 14407 13589 40 40 33.9 31 27.5 25 23.4 -
2014-6-7 12:00:0027.7 20.8 27.9 27.4 1,003.2 0 66 60 82 2 78 1.5 60 1.8 85 2 70 4.4 11506 12342 35.6 42 35.6 30.8 27 24.2 22.8 -
2014-6-7 11:00:0027.4 19.2 27.4 26.3 1,003.7 0 61 61 139 2.4 150 1.5 118 1.1 74 1.5 52 3.5 17160 14552 40.2 41.2 36.4 30 25.5 23.3 22.3 -
2014-6-7 10:00:0026.4 20.3 26.4 24.9 1,003.9 0 69 69 95 2.4 90 1.9 78 1.4 145 2.5 165 4 12376 11910 37.9 38.3 31.1 27.5 24 22.5 22 -
2014-6-7 9:00:0024.9 20.8 24.9 23.3 1,003.9 0 78 77 139 3 137 2.6 128 2.3 182 2.6 121 3.9 12625 11549 32.4 32.5 27.3 25.1 22.8 21.9 21.8 -
2014-6-7 8:00:0023.3 20.4 23.3 22.1 1,004.2 0 84 84 160 2.4 162 2.3 164 2.3 163 2.3 180 3.6 10276 10019 27.2 27.3 25.3 23.1 21.9 21.6 21.8 -
2014-6-7 7:00:0022 20.3 22 20.8 1004 0 90 90 112 3.1 113 2 115 2.1 113 2.2 109 3.5 6889 6490 25.4 25.4 20.9 21.5 21.3 21.5 21.8 -
2014-6-7 6:00:0020.8 19.6 20.8 20.4 1,003.8 0 93 93 110 1.7 104 1.5 101 1.4 111 1.6 111 2.3 5959 5950 21 21.1 19.9 20.7 21.1 21.5 21.9 -
2014-6-7 5:00:0020.3 19.3 20.3 19.8 1,003.7 0 94 94 101 2.2 104 1.6 110 1.6 104 1.6 115 2.9 5322 5619 19.9 19.9 19.3 20.4 21.1 21.6 22.1 -
2014-6-7 4:00:0019.8 19 19.8 19.7 1,003.6 0 95 94 91 1.4 89 1.1 94 1.1 100 1.4 106 2.4 4328 4505 19.3 19.3 18.7 20.3 21.2 21.8 22.2 -
2014-6-7 3:00:0019.7 18.7 19.9 19.7 1,003.5 0 94 93 111 2 107 1.5 100 1.4 92 1.4 66 2.4 4633 4763 18.7 18.9 18.7 20.4 21.5 22.1 22.4 -
2014-6-7 2:00:0019.9 18.7 20.2 19.9 1,003.9 0 93 92 67 1.5 71 1.3 86 1.2 124 1.8 129 2.7 5205 5126 18.9 19.5 18.9 20.7 21.7 22.3 22.6 -
2014-6-7 1:00:0020.2 18.9 20.2 20.1 1004 0 92 92 123 2.4 125 1.8 123 1.8 115 2 119 3.5 5728 5604 19.5 19.5 19.3 20.9 22 22.6 22.8 -
2014-6-7 00:00:0020.2 18.9 20.4 20.2 1,004.5 0 92 91 123 2 123 1.7 124 1.7 120 2.1 116 3.5 5042 5129 19.3 19.7 19.3 21.2 22.3 22.9 23 -
2014-6-6 23:00:0020.4 18.9 20.7 20.4 1,004.8 0 91 88 120 2.8 119 2.2 125 1.9 120 2.5 123 3.6 6138 5971 19.6 20.3 19.6 21.6 22.7 23.2 23.3 -
2014-6-6 22:00:0020.8 18.7 20.8 20.8 1,005.3 0 88 87 105 2.8 110 2 113 2 117 2.9 118 4.7 7089 7227 20.3 20.4 20.1 22 23.2 23.6 23.5 -
2014-6-6 21:00:0020.8 18.7 21.2 20.8 1005 0 88 86 117 3.3 113 2.5 114 2.4 122 2.9 120 4.5 7343 6986 20.2 20.9 20.2 22.6 23.8 24 23.7 -
2014-6-6 20:00:0021.2 18.8 21.8 21.2 1,004.6 0 86 82 106 2.7 103 2.2 98 2.1 86 3 89 4.9 9462 10369 20.9 21.6 20.9 23.3 24.4 24.5 23.9 -
2014-6-6 19:00:0021.9 18.7 22.9 21.9 1,004.1 0 82 78 83 3.9 84 2.8 85 2.8 86 3.5 93 5.6 14865 15337 21.7 24 21.7 24.4 25.3 24.9 24 -
2014-6-6 18:00:0022.9 18.9 24.2 22.9 1,003.8 0 78 74 85 4.7 83 3.7 90 3.4 80 4.1 71 6.8 17290 17809 24 27.9 24 25.9 26.1 25.2 24 -
2014-6-6 17:00:0024.3 19.4 25.1 24.3 1,003.7 0 74 71 81 4.6 77 3.9 85 3.6 76 3.8 91 6.2 16150 16561 28.1 31.6 28.1 27.5 26.7 25.2 23.8 -
2014-6-6 16:00:0025.1 19.7 25.5 25 1,003.8 0 72 69 85 4.9 87 3.9 80 3.6 94 3.7 68 5.9 19484 17386 31.4 34.5 31 28.6 26.8 25 23.6 -
2014-6-6 15:00:0025.1 19.5 25.2 24.8 1,004.2 0 71 70 81 3.7 79 3.4 87 3.2 70 3.8 84 5.6 16855 17894 33.6 33.8 29.3 28.7 26.7 24.8 23.3 -
2014-6-6 14:00:0025.3 19.7 25.8 25.3 1,004.6 0 71 68 86 4.5 82 3.3 67 3.8 78 4.4 50 6.8 15235 16225 31.5 36.6 31.1 29.5 26.5 24.4 22.9 -
2014-6-6 13:00:0025.6 20 26.2 25.6 1,005.2 0 71 66 85 5.4 78 4.2 67 4.2 73 4.2 50 6.3 13566 13702 35.5 35.5 32.7 28.8 26.1 23.9 22.5 -
2014-6-6 12:00:0026.2 19.6 26.4 25.9 1,005.3 0 67 62 61 5.1 51 3.6 43 3.6 37 3.7 45 5.9 11239 11942 33.2 38.5 33.1 28.9 25.6 23.3 22 -
2014-6-6 11:00:0026.1 19.3 26.1 25.1 1,005.7 0 66 63 25 2.1 40 2 26 2.3 8 2.5 24 4.1 10649 11753 34.8 39.1 33.5 28.5 24.7 22.6 21.6 -
2014-6-6 10:00:0025.1 18.8 25.2 24.5 1,005.8 0 68 68 37 1.6 40 1.6 25 2.3 25 3.2 15 4.4 15334 9104 33.2 38.6 30.1 26.9 23.5 21.8 21.2 -
2014-6-6 9:00:0024.8 19.4 24.8 22.8 1,005.6 0 72 72 63 3.1 65 2.4 72 1.6 144 1.6 63 3.1 9883 10806 35.4 35.8 30.1 25.2 22.2 21.1 20.9 -
2014-6-6 8:00:0022.8 19.4 22.8 20.6 1,005.8 0 81 81 38 0.9 49 0.7 55 0.8 120 1.4 31 2.4 8157 8145 29.5 30.2 24.4 22.9 20.9 20.6 20.8 -
2014-6-6 7:00:0020.6 19.6 20.6 18.7 1006 0 94 94 113 1.5 115 1.4 121 1.4 124 1.5 137 2.2 5250 5405 24.2 24.5 19.9 20.5 20 20.4 20.9 -
2014-6-6 6:00:0018.6 18.1 18.6 17.6 1,005.6 0 97 96 103 1.4 99 0.8 94 0.8 104 1.2 99 1.8 3214 3206 19.8 19.8 17 19 19.8 20.5 21 -
2014-6-6 5:00:0017.7 17.1 18.5 17.7 1,005.8 0 96 96 104 0.7 107 0.6 105 0.9 56 0.9 90 1.3 1213 358 17 17.5 16.9 18.9 20 20.7 21.2 -
2014-6-6 4:00:0018.5 17.9 18.6 18.5 1,005.2 0 96 96 59 1 60 0.7 58 0.8 53 1.3 50 1.6 2425 2411 17.5 17.9 17.5 19.2 20.3 20.9 21.3 -
2014-6-6 3:00:0018.6 17.9 18.6 18.4 1,005.2 0 96 95 54 1.1 55 1.1 52 1.4 35 1.7 44 2.2 3963 3930 17.9 17.9 17.6 19.4 20.5 21.1 21.5 -
2014-6-6 2:00:0018.6 17.8 19 18.6 1,005.2 0 95 94 151 1 151 0.9 154 1 133 1.2 137 1.8 3994 5050 17.7 18.1 17.7 19.6 20.8 21.4 21.7 -
2014-6-6 1:00:0019 18 19.2 18.8 1,005.5 0 94 94 135 1.8 138 1.2 130 1.1 126 1.5 149 2.8 6964 7072 18.1 18.3 17.9 19.9 21.1 21.6 21.9 -
2014-6-6 00:00:0019.2 18.2 19.5 19.2 1006 0 94 93 230 0.9 217 0.7 182 0.5 88 1.1 86 1.6 6441 7204 18.3 18.7 18.3 20.3 21.4 21.9 22.1 -
2014-6-5 23:00:0019.5 18.5 19.9 19.5 1,006.3 0 94 93 99 0.8 99 0.7 98 0.8 125 1.3 122 1.8 9149 9303 18.7 19.2 18.7 20.8 21.8 22.2 22.3 -
2014-6-5 22:00:0019.9 18.7 20.3 19.9 1,006.3 0 93 93 123 1.5 123 1.3 127 1.2 131 1.4 140 2.1 11045 12037 19.2 19.8 19.2 21.3 22.3 22.6 22.5 -
2014-6-5 21:00:0020.3 19 20.8 20.3 1,006.2 0 92 91 138 1.8 140 1.3 141 1.3 157 1.9 159 2.5 12896 13502 19.8 20.5 19.8 21.9 22.8 22.9 22.6 -
2014-6-5 20:00:0020.8 19.3 21.9 20.8 1,005.4 0 91 86 135 1.5 135 1.4 135 1.4 84 1.6 106 2.1 13027 13558 20.5 21.5 20.5 22.7 23.4 23.2 22.7 -
2014-6-5 19:00:0022 19.6 23.4 22 1,005.3 0 86 78 83 2 85 1.6 83 1.6 85 2.3 82 3.1 18415 19455 21.6 24.4 21.6 23.8 24.1 23.5 22.7 -
2014-6-5 18:00:0023.5 19.6 24.2 23.5 1,004.8 0 79 73 95 2.3 93 1.9 86 1.9 73 2.9 64 4.3 27975 27514 24.5 27 24.5 25.1 24.7 23.5 22.5 -
2014-6-5 17:00:0024.2 19.3 25.5 24.2 1,004.6 0 74 61 70 3.2 71 2.5 86 2.1 74 2.7 67 4 22757 24287 27.1 32.8 26.7 26.3 25 23.4 22.2 -
2014-6-5 16:00:0025.5 17.2 25.6 24.7 1,004.8 0 60 60 334 1.6 325 1 316 1 1 1.7 342 3 24579 25458 32.8 34.7 31.8 27.2 24.6 22.9 21.9 -
2014-6-5 15:00:0024.6 18.1 24.6 23.5 1,005.2 0 67 66 4 1.6 12 1.2 22 1.2 59 1.9 67 3.3 22476 19414 33 33 30.8 26.1 23.8 22.4 21.6 -
2014-6-5 14:00:0023.4 18.3 23.4 22.8 1,005.4 0 73 72 36 1.2 41 1 41 1.3 15 1.8 49 2.9 16469 15583 30.6 30.6 26.6 24.8 23.2 22.1 21.4 -
2014-6-5 13:00:0022.8 18.3 23.2 22.8 1,005.8 0 76 73 52 1.9 45 1.4 39 1.5 39 2.1 48 3.5 12996 12437 26.6 29.9 26.2 24.5 23 21.8 21.2 -
2014-6-5 12:00:0022.8 18.1 22.9 22 1,006.1 0 75 73 357 2.1 12 1.1 20 1.6 24 2.5 333 3.9 11160 8884 28.6 31.7 27.9 24.6 22.5 21.3 20.9 -
2014-6-5 11:00:0022 18 22 21.3 1,006.4 0 78 77 21 1.9 13 1.3 8 2 16 2.2 3 4 8715 8515 28.1 28.1 25 23.4 21.7 20.9 20.8 -
2014-6-5 10:00:0021.3 18.1 21.3 20.5 1,006.7 0 82 81 36 2.9 36 1.9 17 1.8 26 1.9 27 2.9 10238 9925 25.4 26.4 23.6 22.3 21.1 20.6 20.7 -
2014-6-5 9:00:0020.5 17.7 20.5 19.8 1,006.3 0 84 84 21 1.5 20 1.3 28 1.1 53 1.4 21 2 12711 13126 23.5 23.5 20 21 20.5 20.4 20.6 -
2014-6-5 8:00:0019.8 17.9 19.9 19.7 1,005.8 0 89 88 55 1.6 47 1.2 53 1.4 57 1.4 346 2.5 12842 10910 20.7 20.7 20.2 20.2 20.3 20.4 20.7 -
2014-6-5 7:00:0019.7 17.7 19.7 19.4 1006 0 88 88 325 1.3 326 1.1 339 1.1 311 1.4 314 2.3 16861 18349 20.2 20.2 19.6 20 20.2 20.4 20.7 -
2014-6-5 6:00:0019.4 17.7 19.4 19.3 1,005.3 0 90 89 306 1.4 306 1.1 299 0.8 310 1.3 325 2 16015 16160 19.6 19.6 19.1 19.7 20.1 20.5 20.8 -
2014-6-5 5:00:0019.3 17.4 19.3 19.2 1,004.6 0 89 87 308 1.7 308 1.3 311 1.1 313 1.7 302 2.6 16421 16861 19.1 19.1 18.5 19.6 20.2 20.6 20.8 -
2014-6-5 4:00:0019.4 17.2 19.4 19.3 1,003.8 0 87 87 329 2.3 328 1.9 330 1.6 18 3.1 12 5 26107 25500 18.6 19.1 18.6 19.8 20.4 20.7 20.9 -
2014-6-5 3:00:0019.3 17.4 19.5 19.3 1,004.2 0 89 89 22 3.2 25 2.4 22 2.1 19 3.1 23 4.8 17765 16066 19.1 19.4 19.1 20 20.5 20.7 21 -
2014-6-5 2:00:0019.6 18.3 19.6 19.6 1,004.3 0 92 92 328 2.8 323 1.5 328 1.6 320 1.9 322 3 10335 10826 19.4 19.4 19.2 20.1 20.6 20.8 21.1 -
2014-6-5 1:00:0019.7 18.4 19.9 19.7 1,004.7 0 92 88 316 2.4 313 1.6 318 1.5 319 2.1 321 3.7 10385 10445 19.2 19.4 19.2 20.2 20.6 20.9 21.2 -
2014-6-5 00:00:0020 18 20 20 1,004.8 0 88 87 329 2.7 335 1.9 332 2 325 2.3 312 3.4 7883 10113 19.5 19.5 19.5 20.2 20.7 21 21.3 -
2014-6-4 23:00:0020 17.8 20 19.8 1,005.4 0 87 87 325 2.6 322 1.9 318 2.1 324 2.7 326 4.1 15349 15075 19.5 19.5 18.5 20.2 20.9 21.2 21.4 -
2014-6-4 22:00:0019.8 17.8 20.5 19.8 1,005.4 0 88 83 327 2.9 329 2 327 2.1 328 3 336 5.2 17618 17484 18.5 19 18.5 20.2 21.2 21.5 21.5 -
2014-6-4 21:00:0020.5 17.5 21 20.5 1,004.8 0 83 81 329 3.6 331 2.4 337 2.7 341 3.5 347 6 23015 26144 19 20.4 19 20.8 21.6 21.7 21.6 -
2014-6-4 20:00:0021 17.6 21.6 21 1,004.8 0 81 79 352 3.1 349 2.3 349 2.5 351 3.2 349 5.3 14327 13440 20.4 21 20.4 21.4 22 21.9 21.7 -
2014-6-4 19:00:0021.6 17.8 22.3 21.6 1,004.3 0 79 76 346 2.9 344 2.2 344 2.1 352 3.8 341 6.3 32059 31454 21 22.4 21 22 22.4 22.1 21.7 -
2014-6-4 18:00:0022.3 18.1 23.6 22.3 1,003.7 0 77 68 356 4.4 352 3.7 358 3.7 351 4.6 3 6.8 29967 30170 22.5 25 22.5 22.8 22.8 22.2 21.7 -
2014-6-4 17:00:0023.6 17.6 23.7 22.9 1,003.1 0 69 67 354 4.4 349 2.6 337 3.4 325 4.6 334 7.7 35000 27563 25.2 28.2 24.5 23.8 23 22.1 21.5 -
2014-6-4 16:00:0023.3 16.8 23.6 23.3 1,003.1 0 67 65 314 5.7 314 4.8 324 4.4 326 4.6 337 7.8 34857 35000 25.8 29.6 25.8 24.2 23 21.9 21.3 -
2014-6-4 15:00:0023.3 16.8 23.3 22.8 1,003.2 0 67 66 - - - - - - 314 3.5 321 6.2 32122 35000 28.3 29 26 24.1 22.7 21.7 21.1 -
2014-6-4 14:00:0022.8 17 22.8 21.7 1,003.5 0 70 70 316 4.5 320 3.6 309 3.1 327 4.5 329 6.9 30091 30271 28.6 28.8 24.1 23.6 22.3 21.5 21 -
2014-6-4 13:00:0021.9 17.3 22.4 21.8 1,003.6 0 75 71 328 5.5 326 4 328 4.2 320 4.7 311 6.9 24098 23596 24.5 31.5 24.5 23.7 22.3 21.2 20.7 -
2014-6-4 12:00:0021.9 17.3 21.9 20.6 1,004.3 0 75 74 319 6.2 315 4.2 324 4.3 318 4.9 308 7.9 24446 23635 26.4 28.7 24.7 23.4 21.6 20.8 20.5 -
2014-6-4 11:00:0020.5 17.3 21.2 20.2 1,004.8 0 82 77 318 5.3 318 3.6 317 4.2 321 5.8 333 8.4 12882 12785 24.7 31.3 22.5 22.3 21.2 20.4 20.3 -
2014-6-4 10:00:0020.2 17.2 20.2 19.5 1,004.6 0 83 81 328 5.9 325 4.9 325 4 328 5.9 328 9.2 11883 10292 26.6 26.6 21.4 21.6 20.4 20 20.2 -
2014-6-4 9:00:0020.2 16.6 20.3 20 1,004.5 0 80 79 329 8.2 333 6.6 328 5.8 328 5.8 314 8.4 6387 10411 22 23.1 21.1 20.3 19.8 19.8 20.1 -
2014-6-4 8:00:0020 16.6 20 19.7 1,004.4 0 81 80 321 5.5 321 3.4 312 3.7 315 4.4 317 7.1 11839 11302 21.1 21.1 20 19.6 19.5 19.7 20.1 -
2014-6-4 7:00:0019.7 16.3 19.7 19.4 1,004.1 0 81 81 307 4.9 312 2.7 313 2.9 317 3.5 325 6.1 8572 8555 20.1 20.3 19 19.2 19.3 19.7 20.2 -
2014-6-4 6:00:0019.4 16.4 19.5 19.3 1,003.9 0 83 80 304 2.8 306 2.1 308 3.2 299 3.3 307 6.5 7191 7569 19 19 18 18.6 19.2 19.7 20.2 -
2014-6-4 5:00:0019.6 16.1 19.7 19.6 1,003.6 0 80 79 302 4.2 300 2.9 300 3 303 3.7 299 6.3 7793 8327 18.2 18.3 18.1 18.6 19.2 19.7 20.3 -
2014-6-4 4:00:0019.5 16 19.5 19.4 1,003.5 0 80 80 305 3.8 305 3.2 306 2.9 302 3.3 305 5.8 8378 8263 18.2 18.2 18.1 18.6 19.3 19.8 20.4 -
2014-6-4 3:00:0019.4 16.1 19.4 19 1,003.5 0 81 81 290 3.6 294 3 297 3.1 293 3.8 287 6.2 7404 7312 18.1 18.1 17.3 18.5 19.3 19.9 20.5 -
2014-6-4 2:00:0019 16.2 19.4 19 1,003.7 0 84 82 293 3.6 296 2.9 292 2.8 288 3.4 280 6.6 6867 6817 17.2 17.7 17.2 18.4 19.4 20 20.6 -
2014-6-4 1:00:0019.4 16.2 19.7 19.4 1004 0 82 81 283 4.1 282 3 283 3.2 279 3.9 290 6.1 8256 8158 17.8 18.3 17.5 18.7 19.6 20.2 20.7 -
2014-6-4 00:00:0019.6 16.4 19.6 19.1 1,004.2 0 82 81 286 5.2 285 4.1 285 3.6 284 3.6 280 6.3 8829 9047 18.4 18.4 17.6 18.9 19.7 20.3 20.8 -
2014-6-3 23:00:0019.2 15.9 19.4 19.2 1,004.5 0 81 81 278 3.4 283 2.6 286 2.4 274 2.8 290 4.2 8462 8604 17.9 18.4 17.8 19.1 19.9 20.4 20.9 -
2014-6-3 22:00:0019.4 16.1 19.5 19.4 1,004.5 0 81 79 273 4 274 2.7 274 2.8 287 3.4 294 6.5 8907 9110 18.4 18.5 18.4 19.3 20.1 20.6 21 -
2014-6-3 21:00:0019.4 15.9 19.5 19.4 1,004.7 0 80 80 287 6.7 287 3.2 291 3 295 3.5 287 6.7 10667 11281 18.4 18.7 18.4 19.4 20.3 20.7 21.1 -
2014-6-3 20:00:0019.5 16 19.6 19.5 1,004.5 0 80 79 299 3.3 302 2.5 301 3.3 319 5.1 322 8.2 15431 16224 18.7 19 18.7 19.7 20.5 20.9 21.2 -
2014-6-3 19:00:0019.6 16.3 19.6 19.4 1,004.3 0 81 81 322 4.5 326 3.2 317 3.8 322 5.2 327 8.2 17499 18484 18.9 19.6 18.9 20 20.7 21 21.3 -
2014-6-3 18:00:0019.4 16.6 19.7 19.3 1,003.9 0 84 83 325 6.6 322 4.9 318 4.5 309 5.4 320 9 12041 10794 19.6 20.1 19.2 20.4 21 21.2 21.3 -
2014-6-3 17:00:0019.7 16.5 20.5 19.7 1,003.5 0 82 77 304 7.4 307 5.1 309 5.4 314 6.1 317 9.9 11652 12062 20 21.6 20 20.8 21.2 21.2 21.3 -
2014-6-3 16:00:0020.4 16.4 21.3 20.3 1,003.4 0 78 73 311 6.1 314 4.5 313 4.2 308 5.7 291 9.7 15744 15247 21.7 22.5 20.7 21.1 21.3 21.3 21.3 -
2014-6-3 15:00:0021.3 16.3 21.3 20.5 1,003.5 0 73 73 302 5.5 294 3.3 298 3.2 303 4.7 299 8.6 18461 19088 22.6 24.2 20.7 21.5 21.2 21.2 21.3 -
2014-6-3 14:00:0020.6 16.4 21.3 20.6 1,003.5 0 77 72 313 5.1 318 3.7 320 3.8 297 4.2 323 6.8 16352 17926 20.8 22.5 20.2 21.2 21.3 21.2 21.3 -
2014-6-3 13:00:0021.3 16.1 21.3 20.9 1,003.4 0 72 72 296 4.9 290 4.2 294 3 307 3.9 299 7.8 24577 23405 22.6 22.8 20.9 21.3 21.2 21.2 21.3 -
2014-6-3 12:00:0021.1 15.9 21.1 21 1,003.6 0 72 71 312 4.7 302 3 305 3.3 291 4.3 298 8 20516 24478 21.2 22.4 21.2 21.3 21.4 21.2 21.3 -
2014-6-3 11:00:0020.9 16.3 21 20.9 1,003.6 0 75 71 279 5.8 276 3.7 275 3.9 291 4.5 296 7.3 18570 16318 22.3 22.7 21.7 21.5 21.4 21.2 21.2 -
2014-6-3 10:00:0021 15.8 21.5 20.7 1,003.7 0 72 69 283 5.9 285 4.1 290 4.5 304 5.8 279 9.5 17610 19917 22.7 25.7 22.1 21.9 21.3 21 21.1 -
2014-6-3 9:00:0020.7 16.1 21 20.6 1,003.4 0 75 72 297 6.9 293 4.2 293 4.1 301 5.1 296 9.2 14191 12623 22.6 24.6 21.7 21.4 20.9 20.8 21 -
2014-6-3 8:00:0020.7 15.7 20.7 20.1 1,003.6 0 73 73 294 8.3 296 5.9 297 4.2 297 4.4 290 8.6 17408 9514 22.4 24.1 22.3 21 20.5 20.6 21 -
2014-6-3 7:00:0020.1 16.1 20.1 19.4 1,003.4 0 78 78 285 5.1 288 3.8 291 3.4 286 4.2 290 7.7 11482 11728 22.5 22.5 18.8 19.8 20 20.5 21.1 -
2014-6-3 6:00:0019.4 15.9 19.4 19.4 1,003.5 0 80 79 297 6.9 291 5.1 282 3.9 302 4.2 304 7.5 10970 11009 18.8 18.8 18.3 19.2 20 20.6 21.2 -
2014-6-3 5:00:0019.3 15.6 19.3 19.3 1,003.6 0 79 79 295 5.5 300 3.9 299 3.6 300 4.4 312 9.7 16555 16523 18.3 18.3 18.3 19.2 20.1 20.8 21.3 -
2014-6-3 4:00:0019.3 16 19.3 19.1 1,003.4 0 81 81 285 5.6 287 3.7 290 3.8 292 4.6 289 8.4 16782 15989 18.4 18.4 18.4 19.3 20.3 20.9 21.5 -
2014-6-3 3:00:0019.1 15.8 19.3 19.1 1,003.4 0 81 79 282 5.1 285 2.9 287 2.7 282 3.3 277 5.6 17150 18839 18.4 18.4 18.4 19.4 20.4 21.1 21.6 -
2014-6-3 2:00:0019.3 15.6 19.6 19.3 1,003.4 0 79 77 290 5.2 291 3.4 289 2.7 293 4.2 289 8.1 27821 26721 18.4 18.7 18.4 19.5 20.6 21.2 21.8 -
2014-6-3 1:00:0019.6 15.5 19.6 19.4 1,003.6 0 77 75 283 4.7 282 3.5 286 4 289 4.1 283 7.1 25488 27026 18.7 18.7 18.6 19.7 20.8 21.4 21.9 -
2014-6-3 00:00:0019.4 14.9 19.5 19.3 1,004.2 0 75 74 287 3.4 290 2.6 287 3.1 278 3.5 291 5.9 35000 35000 18.6 18.7 18.6 19.9 21 21.6 22.1 -
2014-6-2 23:00:0019.5 15 20.1 19.5 1,004.4 0 75 74 291 4 289 2.4 287 3 300 5.8 295 9 35000 35000 18.7 19.3 18.7 20.2 21.3 21.9 22.2 -
2014-6-2 22:00:0020.1 15.7 20.4 20.1 1,004.4 0 76 75 300 3.9 298 2.8 297 2.7 300 4.2 295 7.5 35000 35000 19.3 19.8 19.3 20.6 21.6 22.1 22.4 -
2014-6-2 21:00:0020.4 16.4 20.4 20.3 1,003.6 0 78 78 302 7 299 5.2 298 3.8 285 4.1 289 7.7 30936 25961 19.8 20.1 19.8 21 21.9 22.3 22.5 -
2014-6-2 20:00:0020.4 18.2 20.7 20.2 1,002.7 0 87 84 283 6.6 283 4.7 283 4 294 5 295 8.1 8962 8882 20.1 20.1 19.7 21.3 22.2 22.5 22.6 -
2014-6-2 19:00:0020.8 18 21.8 20.8 1002 0 84 76 292 8 291 4.7 293 5 283 5.8 288 11.2 8287 9264 19.9 21.1 19.9 21.7 22.6 22.8 22.8 -
2014-6-2 18:00:0021.8 17.4 22.5 21.8 1,001.7 0 76 72 276 4.9 279 3.9 286 4.5 287 6.7 282 10.5 14365 15249 21.1 22.4 21.1 22.3 23 23 22.8 -
2014-6-2 17:00:0022.6 17.1 23.7 22.6 1,001.5 0 71 66 287 10.3 285 7.7 288 6.6 278 8.2 275 12.9 17179 16500 22.4 26.6 22.4 23.3 23.4 23.1 22.8 -
2014-6-2 16:00:0023.5 17 23.7 23.2 1,001.2 0 67 66 290 10.7 294 5.9 290 6.6 290 6.7 292 11.7 16498 11047 24.7 24.9 23.2 23.6 23.6 23.2 22.8 -
2014-6-2 15:00:0023.7 17.4 25.1 23.6 1001 0 68 67 290 10 289 6.7 285 5.8 266 7.2 274 10 17327 14425 23.8 28.5 23.8 24.3 24 23.2 22.7 -
2014-6-2 14:00:0025.2 18.9 25.3 24.6 1,000.5 0 68 66 278 8.2 281 6.2 264 7 259 7.3 260 11.9 14254 17383 28.7 31.3 28.4 25.9 23.9 22.9 22.5 -
2014-6-2 13:00:0024.6 19.2 24.6 23.8 1,000.8 0 72 72 266 6.1 272 5 272 5.5 268 6.4 261 9.7 12145 12414 29.2 30.3 26 24.7 23.3 22.6 22.3 -
2014-6-2 12:00:0023.8 19.5 23.9 22.3 1001 0 77 77 284 10 284 6.2 283 5.7 268 5.8 284 10 8457 8583 27.4 28.8 22.8 23.9 22.7 22.3 22.3 -
2014-6-2 11:00:0022.6 20.1 22.7 22 1,001.3 0 86 85 263 7 265 5.1 265 4.7 263 5.1 259 8.6 5984 6698 23.5 24.2 22.7 22.8 22.5 22.3 22.2 -
2014-6-2 10:00:0022 20.5 22.5 21.9 1,001.2 0 91 87 254 5 256 4.2 258 4.2 263 6.1 263 9 7683 6821 22.8 24.5 22.4 22.7 22.4 22.2 22.2 -
2014-6-2 9:00:0022.3 20.4 22.3 22 1,000.9 0 89 89 271 6.8 268 4.8 268 5.1 268 5.3 272 8.6 7590 6854 23.2 23.2 21.7 22.4 22.2 22.1 22.2 -
2014-6-2 8:00:0022.1 20.6 23 22.1 1,000.9 0 91 85 269 6.2 262 4 265 3.6 271 6.9 273 10.3 3554 3477 21.8 22.6 21.7 22.1 22.2 22.1 22.2 -
2014-6-2 7:00:0023 20.3 23.2 23 1,000.6 0 85 85 264 7.7 268 6.3 272 5.4 272 5.4 280 8.4 8225 7748 22.6 23.2 22.3 22.2 22.1 22.1 22.2 -
2014-6-2 6:00:0023.1 20.8 23.1 22.5 1,000.2 0 87 87 253 7.5 253 5.1 250 4 243 4.6 253 7.5 6220 6050 22.3 22.3 21.1 21.8 22 22.1 22.3 -
2014-6-2 5:00:0022.6 20.7 22.8 22.6 999.7 0 89 88 238 3.7 237 2.7 243 2.9 253 4.4 258 7.3 6243 6223 21.1 21.6 21 21.7 22.1 22.2 22.3 -
2014-6-2 4:00:0022.8 22 22.8 22.7 999.4 0 95 95 256 5.8 255 3.7 255 3.5 255 3.5 256 5.8 4536 3912 21.5 22.1 21.5 22 22.2 22.3 22.4 -
2014-6-2 3:00:0022.7 22 22.8 22.7 999.4 0 96 95 212 2.4 214 2.3 217 2.2 221 3.2 221 4.8 2700 2684 22 22.1 21.6 22 22.2 22.3 22.4 -
2014-6-2 2:00:0022.8 22 22.8 22.7 999.5 0.1 95 95 220 4.1 222 3.3 222 2.8 224 3.1 229 4.8 4145 4082 22 22.1 21.9 22.2 22.3 22.3 22.4 -
2014-6-2 1:00:0022.7 21.9 22.7 22.6 999.5 0 95 94 217 3.8 214 2.6 203 2.5 208 2.9 212 5 4629 4469 22 22.1 22 22.1 22.2 22.3 22.4 -
2014-6-2 00:00:0022.6 21.6 22.7 22.6 1,000.2 0.1 94 93 202 3.2 198 2.8 193 2.8 174 4.3 175 6.3 7032 7137 22 22.1 21.9 22.1 22.2 22.3 22.4 -
2014-6-1 23:00:0022.6 21.4 22.6 22.5 1,000.3 0 93 92 175 4.6 172 3.1 173 3.8 166 4.7 163 7.1 9759 10095 22 22 21.9 22.1 22.2 22.3 22.5 -
2014-6-1 22:00:0022.5 21.1 22.5 22.4 1,000.8 0 92 91 162 6 163 4.9 165 4.4 161 5 166 7.4 14135 14604 21.9 21.9 21.8 22 22.2 22.4 22.5 -
2014-6-1 21:00:0022.4 20.9 22.4 22.3 1,000.9 0 91 91 162 4.5 155 3.8 157 4 161 5.5 160 8.9 15814 17108 21.8 21.8 21.7 22 22.3 22.4 22.6 -
2014-6-1 20:00:0022.3 20.9 22.3 22 1,000.8 0 92 92 157 5.5 159 4.5 157 4.8 156 5.8 164 9.6 13939 14262 21.8 21.8 21.6 22.1 22.3 22.5 22.6 -
2014-6-1 19:00:0022 20.6 22.1 22 1,000.5 0 92 91 157 7 155 4.9 156 5.9 150 6.3 149 10.8 15073 15522 21.6 21.9 21.5 22.2 22.5 22.5 22.6 -
2014-6-1 18:00:0022.1 20.6 22.3 22 1,000.5 0 91 90 152 6.8 154 5.2 152 5.6 158 7.7 161 12.2 26936 30445 21.9 23 21.9 22.5 22.5 22.5 22.6 -
2014-6-1 17:00:0022 20.5 22 21.7 1,000.9 0 91 91 158 10.9 157 7.1 153 7.3 149 7.6 157 12.6 35000 35000 22.3 23.4 22.1 22.6 22.4 22.4 22.6 -
2014-6-1 16:00:0021.7 20.7 21.8 21.5 1,001.8 1.4 94 94 150 8.9 146 6.3 145 6.2 149 6.3 149 10.7 35000 31516 22.8 22.8 21.4 22.2 22.2 22.4 22.6 -
2014-6-1 15:00:0021.5 20.5 21.5 21.1 1003 6.2 94 94 147 6.7 143 4.9 150 4.9 153 8.2 153 11.2 7025 8483 21.5 21.5 20.9 21.8 22.1 22.4 22.7 -
2014-6-1 14:00:0021.1 20.1 21.4 21 1,002.9 5.5 94 93 143 7.9 149 7.2 147 6.4 142 8.9 141 14.4 35000 4698 20.8 21 20.7 21.8 22.3 22.6 22.8 -
2014-6-1 13:00:0021.4 20.2 21.8 21.4 1,003.5 0.5 93 92 150 9.3 148 7.9 149 7.7 145 7.9 147 12.6 7548 9402 20.9 21.5 20.9 22.1 22.5 22.7 22.9 -
2014-6-1 12:00:0021.6 20.4 22.2 21.6 1,003.9 1.6 93 90 142 10.5 142 7.2 145 6.4 149 7.7 148 13.5 18168 10626 21.4 22 21.3 22.2 22.5 22.7 22.9 -
2014-6-1 11:00:0022.2 20.5 22.2 21.7 1,004.7 0.2 90 90 148 8.3 152 7.8 151 7.7 148 8.5 143 12.7 31766 24583 22 22 21.4 22.2 22.5 22.7 23 -
2014-6-1 10:00:0021.7 20.3 21.8 21.5 1,005.5 2.5 92 90 147 9.6 149 6.7 151 7.2 146 8 148 13.7 17438 17403 21.7 21.7 21.1 22.1 22.5 22.8 23.1 -
2014-6-1 9:00:0021.8 20.1 21.9 21.6 1,005.6 0 90 89 154 11 150 7.9 147 6.5 141 7.4 147 11.4 15006 15334 21.2 21.8 21.2 22.1 22.5 22.8 23.1 -
2014-6-1 8:00:0021.6 19.9 21.6 21.2 1,005.9 0 90 90 144 8.6 143 6.1 144 6.2 142 6.6 148 10.9 17320 15848 21.5 21.5 21.1 22 22.5 22.9 23.2 -
2014-6-1 7:00:0021.2 19.8 21.3 20.9 1,006.3 1 92 91 139 8.3 139 5 138 5.4 140 5.8 131 9.6 14986 14770 21.1 21.1 20.5 21.9 22.6 23 23.4 -
2014-6-1 6:00:0021.3 19.6 21.9 21.3 1,006.7 1.6 90 83 138 6.5 135 4.1 140 4.5 138 5.7 150 9 5762 4921 20.5 21.5 20.4 22 22.7 23.2 23.5 -
2014-6-1 5:00:0021.8 18.8 21.9 21.8 1,006.8 0 83 83 137 7.8 140 5.7 138 5.9 137 5.9 138 9.3 22190 22063 21.4 21.4 21.3 22 22.8 23.3 23.6 -
2014-6-1 4:00:0021.9 19.1 21.9 21.9 1,007.2 0 84 82 140 7.6 143 5.4 143 5.4 146 5.7 143 8.8 22122 20598 21.4 21.6 21.4 22.2 23 23.5 23.8 -
2014-6-1 3:00:0022 19.2 22 22 1,007.9 0 84 84 142 4.7 137 3.8 143 3.7 135 4.3 144 6.8 17942 16269 21.6 21.7 21.6 22.4 23.2 23.7 23.9 -
2014-6-1 2:00:0022.1 19.5 22.1 22.1 1,008.1 0 85 85 133 4.6 134 3.6 136 4.2 145 4.7 145 7.7 16963 17248 21.7 21.8 21.6 22.6 23.4 23.8 24.1 -
2014-6-1 1:00:0022.1 19.6 22.3 22.1 1,008.8 0 86 85 148 4.9 144 3.9 143 3.9 141 5.2 141 8.4 18771 19810 21.6 21.8 21.6 22.7 23.6 24.1 24.3 -
