2014-7-1 1:00:0022.5 20.6 22.6 22.4 1,009.4 0 89 88 203 1.5 196 1.3 195 1.2 195 2.1 187 3.1 3668 3452 23.2 23.5 23.2 24.5 24.9 25.4 25.7 -
2014-7-1 00:00:0022.6 20.5 23.1 22.5 1,009.6 0 88 86 188 1.4 195 1.5 189 1.6 199 2.7 204 3.6 3564 3081 23.4 23.6 23.4 24.7 25.3 25.7 25.9 -
2014-6-30 23:00:0022.9 20.6 23.1 22.8 1,010.3 0 87 86 195 2.2 200 2.7 198 2.7 190 3.4 213 5.2 3661 2809 23.6 23.9 23.5 25 25.6 26 26.1 -
2014-6-30 22:00:0023.1 20.8 23.3 23 1,010.1 0 87 86 186 4.1 196 3.5 195 3.2 195 3.3 187 5.4 2844 2726 23.9 24.3 23.9 25.4 25.9 26.3 26.3 -
2014-6-30 21:00:0023.3 21 23.6 23.3 1,010.1 0 87 79 180 2.4 166 2.7 164 2.7 166 3.3 157 5.6 2937 2913 24.3 24.8 24.3 25.9 26.3 26.6 26.5 -
2014-6-30 20:00:0023.5 19.6 24 23.4 1,009.7 0 79 73 190 3.3 184 2.8 187 2.5 201 3.7 195 5.9 4252 3689 24.8 25.3 24.7 26.5 26.9 27 26.7 -
2014-6-30 19:00:0024.1 19 25.5 24 1,009.5 0 73 65 194 3.4 204 3.3 202 3.7 201 4.5 194 6.1 4479 4241 25.3 27.2 25.3 27.3 27.5 27.4 26.9 -
2014-6-30 18:00:0025.5 18.4 26.3 25.5 1,009.3 0 65 58 181 4.5 204 4.3 213 3.6 203 4.1 191 5.8 7434 7293 27.2 28.2 27.2 28.2 28 27.6 26.9 -
2014-6-30 17:00:0026.3 17.1 26.7 26.2 1,008.8 0 57 55 204 2.4 213 2.6 215 2.7 204 3.2 212 4.9 14358 12407 28.2 29.7 28.2 29.1 28.6 27.8 26.9 -
2014-6-30 16:00:0026.6 17.9 27.6 26.6 1,008.6 0 59 53 209 3.3 195 2.8 195 3.2 201 3.9 207 5.8 13266 10999 29.6 32.7 29.6 30.2 29.1 27.8 26.7 -
2014-6-30 15:00:0027.3 18 28.2 27.2 1,008.7 0 57 51 203 3.6 202 3.4 200 3.2 200 3.2 202 4.6 12381 10452 32.7 37.9 32.6 31.4 29.3 27.6 26.4 -
2014-6-30 14:00:0027.5 17.7 27.8 27.2 1,009.2 0 55 52 200 1.2 200 1.5 225 1.9 224 3.2 219 4.8 15027 8174 35.7 38.5 35.3 31.6 28.9 27.1 26 -
2014-6-30 13:00:0027.8 18.8 28 27.2 1,009.3 0 58 58 231 1.9 226 3 205 3.2 217 3.7 220 6 11631 6979 38 39.4 36.7 31.4 28.2 26.5 25.7 -
2014-6-30 12:00:0027.4 18.7 27.4 26.3 1,009.7 0 59 59 223 3.3 220 3.5 217 3.2 209 4 206 5.9 7649 3803 38.9 38.9 34 30 27.1 25.9 25.3 -
2014-6-30 11:00:0026.3 19.9 26.6 25.9 1,009.8 0 68 65 218 3.7 217 3.1 220 3.3 221 3.9 204 5.7 5041 4439 34.9 35.9 31.8 28.4 26.1 25.4 25.1 -
2014-6-30 10:00:0025.9 21.1 26 25.3 1,009.7 0 75 72 219 3.8 222 3.3 213 3.8 211 3.9 188 5.9 4469 3618 31.5 31.5 28 26.6 25.4 25.1 25 -
2014-6-30 9:00:0025.4 21.9 25.5 24.5 1,009.1 0 81 80 189 2.2 210 2.6 203 2.7 202 4.3 194 5 3810 3725 28 28.4 25.7 25.7 24.9 24.9 25.1 -
2014-6-30 8:00:0024.6 21.1 24.9 23.7 1,009.1 0 81 81 207 4.3 202 3.8 202 4.2 202 4.2 213 6.3 4235 3294 25.7 26.4 24.5 24.9 24.6 24.9 25.1 -
2014-6-30 7:00:0023.7 21.6 23.7 23.4 1,008.8 0 88 86 173 1.5 188 2 190 2 197 3.3 195 4.5 3974 3718 24.4 24.5 23.8 24.5 24.7 25 25.3 -
2014-6-30 6:00:0023.5 21.8 23.5 23 1,008.9 0.2 90 89 204 2.2 197 2.1 206 2.1 208 2.3 213 3.5 3673 2262 23.9 23.9 23.7 24.5 24.8 25.2 25.4 -
2014-6-30 5:00:0023.2 22.2 23.9 23.2 1,008.6 0 94 84 218 0.6 203 0.7 204 0.8 194 3.2 183 3.5 2777 2619 23.7 23.9 23.7 24.7 25 25.4 25.6 -
2014-6-30 4:00:0023.8 20.9 23.8 23.2 1,008.4 0 84 84 197 2 202 2.6 194 3.3 192 3.8 192 5.8 4446 2868 23.7 24.1 23.7 24.9 25.2 25.6 25.7 -
2014-6-30 3:00:0023.3 21.7 24 23.3 1,008.3 0.2 91 88 203 2.2 200 2 194 2.2 202 3.4 205 4.5 2876 2590 24.1 24.2 24 25.2 25.4 25.8 25.9 -
2014-6-30 2:00:0024 21.9 24.5 23.9 1,008.2 0 88 84 206 4.7 206 3.7 202 3.3 202 3.3 206 4.7 3246 3246 24.2 24.6 24.2 25.4 25.7 26 26 -
2014-6-30 1:00:0024.3 21.8 24.8 24.3 1,007.8 0 86 82 205 2.1 204 2.4 202 2.6 193 2.9 191 4.5 3757 3416 24.6 24.9 24.5 25.7 25.9 26.2 26.2 -
2014-6-30 00:00:0024.8 21.5 25.3 24.8 1,007.9 0 82 78 195 0.9 187 1.4 195 1.6 193 3.8 177 5.8 3695 3695 24.9 25.3 24.9 26 26.3 26.5 26.4 -
2014-6-29 23:00:0025.2 21.3 25.8 25.2 1,008.2 0 79 78 198 4.4 191 3.6 190 3.5 190 3.5 182 5.3 4398 3156 25.3 25.8 25.3 26.5 26.7 26.7 26.5 -
2014-6-29 22:00:0025.8 22.3 25.9 25.6 1,008.2 0 81 81 196 2.4 199 2.5 198 3 198 3 173 4.7 3488 3301 25.8 26.2 25.8 26.9 27 27.1 26.7 -
2014-6-29 21:00:0025.8 22.9 26 25.7 1,007.7 0 84 83 172 1.4 158 2 161 2 160 2.4 183 4 4220 3167 26.2 26.7 26.2 27.4 27.4 27.3 26.8 -
2014-6-29 20:00:0025.9 23.2 26.5 25.9 1,006.7 0 85 80 133 3.1 143 2.1 142 2 128 2.4 143 5 3262 3237 26.7 27.7 26.7 28 28 27.6 27 -
2014-6-29 19:00:0026.5 22.8 27.2 26.5 1,006.4 0 80 79 98 1.4 104 1.4 107 1.6 119 2.1 99 3.8 4047 2643 27.7 29.1 27.7 28.8 28.5 27.9 27 -
2014-6-29 18:00:0027.1 23.4 27.8 27.1 1,006.1 0 80 75 108 0.8 118 1.4 105 1.6 62 2.4 61 3.9 2898 2693 29.1 31.1 29.1 29.7 29 28 26.9 -
2014-6-29 17:00:0027.8 23.2 28.8 27.8 1,005.9 0 76 67 113 1.2 85 1.7 75 2.5 70 2.9 62 4.7 2758 2428 31 32.9 31 30.8 29.5 28.1 26.8 -
2014-6-29 16:00:0028.8 23 30.9 28.8 1,005.7 0 71 57 184 1.1 198 1.1 200 1.6 206 2 61 3.5 2613 2550 32.9 37.4 32.9 31.8 29.8 27.9 26.5 -
2014-6-29 15:00:0030.6 21.4 31.1 29.7 1006 0 58 56 23 1.2 41 1.7 44 1.9 44 2 28 3.6 3299 2785 37 38.5 35.5 32.2 29.6 27.6 26.2 -
2014-6-29 14:00:0029.8 21.2 30 29.3 1,006.3 0 60 56 173 0.8 110 0.7 165 0.9 189 2.2 153 3.4 3043 2721 36.1 38.1 35.1 32.1 29.4 27.2 25.8 -
2014-6-29 13:00:0029.4 22.1 29.7 29.2 1,006.8 0 65 64 216 2.2 189 2.1 191 2.2 188 3.1 196 5 2756 2613 38.1 42 37.8 32.5 28.7 26.5 25.3 -
2014-6-29 12:00:0029.2 22.2 29.5 27.9 1007 0 66 65 183 2.6 180 2.7 194 2.7 195 2.7 206 4 2902 2731 40.1 40.1 35.5 31 27.5 25.7 24.9 -
2014-6-29 11:00:0027.9 21.9 27.9 26.7 1,007.2 0 70 69 194 2.4 198 2.1 190 2.2 223 2.3 199 3.5 2893 2893 35.4 36.9 32.4 29.2 26.4 25.1 24.5 -
2014-6-29 10:00:0027 21.5 27.1 25.7 1,007.4 0 72 71 188 1.3 181 1.4 209 1.8 211 2.9 208 4.2 3446 3305 33.4 34.5 30.6 27.6 25.4 24.5 24.2 -
2014-6-29 9:00:0026.7 21.7 27.3 24.8 1,007.3 0 74 69 203 2.4 209 2.8 217 2.3 217 2.3 216 3.7 3497 3354 32.9 33.1 26.6 26.3 24.5 24.2 24.2 -
2014-6-29 8:00:0024.9 21.2 24.9 24.4 1,007.3 0 80 80 270 1 246 1.3 233 1.2 214 2.5 192 3.6 3580 3024 26.4 27.5 25.8 24.7 23.9 24 24.2 -
2014-6-29 7:00:0024.4 22.1 24.4 22.4 1,006.9 0 87 87 198 2.9 206 2.2 204 2 206 2 198 2.9 3109 2349 26.2 26.2 22.9 23.6 23.5 24 24.3 -
2014-6-29 6:00:0022.4 21.9 22.4 21.9 1,006.7 0 97 96 204 1.9 206 2 204 1.8 207 2 209 2.5 2516 1806 22.9 22.9 22 23.2 23.6 24.1 24.5 -
2014-6-29 5:00:0022.2 21.9 22.2 21.7 1,006.3 0 98 97 207 1.9 204 2 205 2 205 2.3 204 3.2 2264 1234 22 22.1 21.8 23.2 23.8 24.3 24.6 -
2014-6-29 4:00:0022 21.7 23 22 1,006.1 0 98 95 202 1.6 202 1.7 201 1.6 217 1.7 254 2.8 1446 1373 22 22.7 21.9 23.6 24.1 24.6 24.8 -
2014-6-29 3:00:0023 22.3 23 22.6 1,006.3 0 96 96 206 1.4 226 1.3 227 1.4 212 1.9 242 3.2 2118 1364 22.6 23 22.6 24 24.4 24.8 25 -
2014-6-29 2:00:0023 22.5 23.6 23 1,006.3 0 97 95 214 1.5 207 1.6 209 1.4 204 2.2 209 3.3 1404 1318 22.9 23.4 22.9 24.3 24.7 25 25.1 -
2014-6-29 1:00:0023.6 22.9 23.6 23.3 1,006.8 0 96 96 224 2.2 218 1.8 217 1.9 212 2.2 212 3.4 1729 1241 23.4 23.8 23.4 24.6 24.9 25.3 25.3 -
2014-6-29 00:00:0023.3 23.3 23.3 22.7 1,007.3 0 100 99 196 1.5 221 1.5 227 1.6 229 1.7 232 3 1371 1209 23.7 24.2 23.7 25 25.3 25.5 25.4 -
2014-6-28 23:00:0022.9 22.9 23.1 22.8 1,007.5 0 100 98 108 0.7 115 0.7 80 0.6 66 0.6 77 0.9 1149 936 24.1 24.6 24.1 25.4 25.6 25.8 25.6 -
2014-6-28 22:00:0023 22.8 23.3 23 1,007.5 0 99 97 285 0 0 0 0 0 311 0.8 309 1 1452 1313 24.6 25.1 24.6 25.9 26 26 25.8 -
2014-6-28 21:00:0023.2 22.7 23.3 23.1 1,007.2 0 97 95 302 0.7 301 0.7 312 0.8 324 0.9 332 1.3 2118 1523 25.1 25.7 25 26.3 26.4 26.3 25.9 -
2014-6-28 20:00:0023.1 22.6 23.4 23.1 1,006.3 0 97 94 59 0.2 55 0.2 106 0.2 47 1.4 74 1.8 2635 1791 25.7 26.4 25.7 26.8 26.8 26.5 25.9 -
2014-6-28 19:00:0023.4 22.6 23.7 23.2 1,005.7 0 95 94 45 0.5 46 1.1 42 1.4 91 1.6 83 2.7 2262 1919 26.3 27 26.3 27.5 27.4 26.9 26 -
2014-6-28 18:00:0023.2 22.2 25.3 23.2 1005 1.4 94 80 92 2.3 90 1.5 78 1.3 334 3.1 333 6 2214 1266 27 28.9 26.9 28.3 28 27.1 26 -
2014-6-28 17:00:0025.3 21.6 28.6 25.3 1,004.8 0 80 68 24 3 49 2.7 49 1.9 46 4.1 43 8.5 3580 2946 28.9 32.8 28.9 29.8 28.8 27.3 25.9 -
2014-6-28 16:00:0028.6 22.6 29.1 28.6 1,004.7 0 70 65 232 0.2 112 0.4 143 0.8 191 2.9 194 3.4 3213 2908 33 36.1 33 31.4 29 27 25.5 -
2014-6-28 15:00:0028.8 22.3 29.4 28.8 1,004.9 0 68 64 193 2.4 186 2.8 193 2.9 189 3.2 192 4.2 3528 3459 36.2 37.5 36.1 31.8 28.7 26.5 25 -
2014-6-28 14:00:0029.2 22.7 29.3 28.2 1,005.4 0 68 67 196 2.2 190 2.7 187 2.5 196 3 180 4 3052 2523 37.4 37.7 36.2 31.5 28.1 25.9 24.5 -
2014-6-28 13:00:0028.3 22.8 28.6 27.9 1,005.7 0 72 71 187 2.7 198 3.2 199 3 212 3.1 202 4.6 2726 2726 36.2 37.7 36.2 30.9 27.3 25.2 24 -
2014-6-28 12:00:0028.2 23.1 28.2 26.9 1,005.9 0 74 72 191 2.4 203 2.4 200 2.7 201 3 205 4.3 2977 2721 37.4 37.4 34.3 29.6 26.1 24.3 23.6 -
2014-6-28 11:00:0027 22.8 27 25.9 1,006.5 0 78 78 278 2.3 272 2 265 2.1 218 2.5 263 4 3046 2195 34.7 34.7 32.1 27.7 25 23.7 23.3 -
2014-6-28 10:00:0025.9 23.2 26.1 25.3 1,006.6 0 85 84 227 3.1 216 2.2 220 2.3 220 2.3 225 3.6 2259 1940 32.6 32.6 30.1 26.3 24 23.1 23 -
2014-6-28 9:00:0025.3 23.2 25.3 23.6 1,006.5 0 88 88 246 3.2 248 1.8 260 1.3 224 1.9 246 3.2 2146 1643 30.6 30.6 26.2 24.7 23 22.7 22.9 -
2014-6-28 8:00:0023.6 22.9 23.7 22.8 1,006.5 0 96 96 233 1.9 222 1.8 222 1.9 219 2 207 3.3 1675 1573 26.2 26.2 23.5 23.2 22.4 22.5 22.8 -
2014-6-28 7:00:0022.8 22.8 22.8 21.3 1,006.3 0 100 100 284 1.2 275 0.9 268 1.4 261 1.5 274 2.9 1704 1451 23.5 23.5 22.1 22.2 22 22.4 22.8 -
2014-6-28 6:00:0021.3 21.3 21.3 20.3 1,006.4 0 100 100 243 1 242 0.6 239 0.6 239 0.6 250 1.7 1975 1524 22.1 22.1 20.7 21.8 22 22.5 22.9 -
2014-6-28 5:00:0020.4 20.4 20.9 20.3 1,005.8 0 100 100 319 0 0 0 301 0.2 357 0.4 10 0.6 1640 1250 20.7 21.1 20.6 21.7 22.1 22.7 23.1 -
2014-6-28 4:00:0020.9 20.9 21 20.8 1,005.7 0 100 100 268 0 0 0 0 0 254 0.8 248 1 1781 1370 21.1 21.2 20.9 21.8 22.2 22.8 23.2 -
2014-6-28 3:00:0021 21 21.3 20.9 1,005.8 0 100 100 251 1 259 0.9 254 0.8 246 1 270 1.8 2249 1320 20.9 21.1 20.8 21.9 22.3 23 23.3 -
2014-6-28 2:00:0021.1 21.1 21.1 20.5 1,006.1 0 100 100 263 0.6 249 0.6 247 0.8 210 1.7 246 2.1 3251 3033 21 21 20.7 22 22.6 23.2 23.5 -
2014-6-28 1:00:0020.4 20.4 20.6 20 1,006.2 0 100 100 221 1.4 216 1.3 208 1.7 207 1.8 207 2.7 4577 3205 20.8 21.1 20.7 22.2 22.8 23.3 23.6 -
2014-6-28 00:00:0020 20 20.1 19.8 1,006.7 0 100 100 208 1.8 211 1.7 212 1.5 212 1.5 200 2.5 4210 2827 21.1 21.3 20.9 22.5 23.1 23.6 23.8 -
2014-6-27 23:00:0020 20 20.9 20 1,007.1 0 100 98 115 0.5 120 0.5 112 0.5 93 0.8 66 1.1 3488 3088 21.2 22 21.1 23 23.5 23.8 23.9 -
2014-6-27 22:00:0020.8 20.6 21.5 20.8 1007 0 99 97 107 0.6 92 0.5 95 0.8 95 1.1 87 1.5 4928 4675 22 22.7 22 23.6 23.9 24.1 24 -
2014-6-27 21:00:0021.4 21.1 21.8 21.4 1,006.9 0 98 96 68 0.7 83 0.9 86 0.8 145 1.3 169 2 5341 4000 22.8 23.5 22.7 24.1 24.2 24.3 24 -
2014-6-27 20:00:0021.8 21.3 22.6 21.8 1,006.5 0 97 94 164 1.9 149 1.4 146 1 106 1.4 108 2.5 5025 4323 23.5 24.6 23.4 24.8 24.7 24.5 24.1 -
2014-6-27 19:00:0022.6 21.6 23.6 22.6 1,006.1 0 94 89 124 1.6 110 1.3 105 1.5 101 2 117 3.2 6505 6449 24.6 26.3 24.6 25.5 25 24.5 24 -
2014-6-27 18:00:0023.5 21.6 24.4 23.5 1,005.8 0 89 86 88 2.2 105 2.5 95 1.8 89 2.7 89 4.2 9013 7739 26.4 27.7 26.3 26.2 25.2 24.4 23.8 -
2014-6-27 17:00:0024.3 21.8 25 24.2 1,005.7 0 86 84 99 1.5 90 2 74 1.9 70 2.8 89 4.7 9363 8325 27.8 30.4 27.8 26.7 25.1 24.2 23.7 -
2014-6-27 16:00:0025.1 22.6 25.2 23.6 1,005.4 0 86 84 54 1.9 69 2.9 63 2.3 37 2.9 35 4.7 9800 8092 30.5 30.5 27.4 26.2 24.6 23.8 23.4 -
2014-6-27 15:00:0023.6 21.9 24.9 23.5 1,005.6 0 90 85 38 4.3 22 2.6 31 2.7 31 2.7 38 4.3 8267 7311 27.3 32.4 26.6 25.9 24.5 23.7 23.3 -
2014-6-27 14:00:0024.9 22.8 24.9 22.9 1,005.7 0 88 88 56 1.9 23 1.8 43 1.8 61 1.9 44 3.3 23739 13101 33 33.2 26.4 25.4 23.9 23.3 23.1 -
2014-6-27 13:00:0023.1 21.9 23.7 22.6 1,005.8 0 93 91 97 1.3 72 1.3 85 1.4 85 2.3 46 3.4 19820 6995 26.4 28 25.1 24.7 23.6 23.2 23 -
2014-6-27 12:00:0022.7 21.7 22.9 22.6 1006 0 94 93 96 2.4 89 2 78 1.9 65 2.1 61 3.4 14314 7804 25.2 26.1 24.9 24.3 23.4 23 22.8 -
2014-6-27 11:00:0022.7 21.7 23.4 22.6 1,006.3 0 94 92 64 2 66 2 56 1.7 24 2.5 31 4 10044 7009 25.4 28.5 25.3 24.3 23.1 22.7 22.7 -
2014-6-27 10:00:0022.8 22 23.1 22.1 1,005.9 0 95 94 26 1.8 25 2.2 26 2.5 31 2.9 43 4.8 14771 4811 25.8 26.6 24.6 23.7 22.7 22.5 22.6 -
2014-6-27 9:00:0022.1 21.9 22.1 21.5 1,005.9 0 99 99 41 1.8 34 1.8 34 2.2 36 2.3 27 4.2 9835 4006 24.5 24.8 23.5 22.9 22.3 22.4 22.6 -
2014-6-27 8:00:0021.6 21.6 21.7 21 1,005.7 0.1 100 100 53 1.9 36 1.5 32 2.3 30 2.6 31 4.4 7051 1767 23.9 23.9 22.1 22.4 22.1 22.3 22.5 -
2014-6-27 7:00:0021.1 21.1 21.1 20.9 1,005.4 0 100 100 0 1.5 22 1.9 15 2 20 2.4 28 4 2441 1759 22.1 22.2 21.9 22.1 22 22.3 22.6 -
2014-6-27 6:00:0021 21 21 20.8 1,004.6 0 100 100 339 1.9 4 1.7 16 1.9 28 2.3 17 4.1 2011 1353 21.9 22 21.6 22 22 22.3 22.7 -
2014-6-27 5:00:0020.9 20.9 20.9 20.8 1,003.7 0 100 100 69 1.5 29 2.5 33 2.2 17 2.5 23 4.4 1744 1744 21.6 21.7 21.6 21.9 22 22.3 22.7 -
2014-6-27 4:00:0020.9 20.9 20.9 20.8 1,003.2 0 100 100 18 3 22 2.2 31 2.1 20 2.4 8 4 3742 2877 21.6 21.7 21.6 22 22.1 22.4 22.7 -
2014-6-27 3:00:0020.8 20.8 20.9 20.7 1,003.6 0.1 100 100 28 0.9 27 1.5 27 1.7 29 2.1 48 3.2 4729 2967 21.7 21.7 21.6 22 22 22.4 22.7 -
2014-6-27 2:00:0020.8 20.8 20.9 20.8 1,003.8 0.2 100 100 41 1.8 32 1.9 28 2.1 26 2.2 27 3.4 3523 1692 21.7 21.7 21.6 22 22.1 22.5 22.8 -
2014-6-27 1:00:0020.9 20.9 21 20.8 1004 0.6 100 100 37 1.5 34 1.6 34 1.8 33 2.2 35 3.8 1844 1583 21.7 21.8 21.6 22.1 22.2 22.5 22.8 -
2014-6-27 00:00:0020.9 20.9 21 20.8 1,004.1 0.1 100 100 58 2.4 33 2.1 37 2.2 40 2.6 38 4.6 2403 2403 21.7 21.8 21.7 22.1 22.2 22.6 22.9 -
2014-6-26 23:00:0020.8 20.8 20.9 20.8 1,004.3 0.5 100 100 34 2 56 2.2 53 2.2 61 2.6 45 5.3 6327 2352 21.7 21.8 21.7 22.2 22.3 22.6 22.9 -
2014-6-26 22:00:0020.9 20.9 21.1 20.8 1,004.5 0.4 100 100 72 2.9 67 2.3 64 2.2 49 3.1 38 4.6 4206 2825 21.8 22 21.7 22.3 22.4 22.7 23 -
2014-6-26 21:00:0021.1 21.1 21.4 21 1,004.4 0 100 100 64 2.4 48 3.4 48 2.9 48 2.9 59 5.1 5432 5432 21.9 22.1 21.9 22.4 22.4 22.7 23 -
2014-6-26 20:00:0021.3 21.3 21.4 21.2 1,003.8 0 100 100 95 1.4 66 1.9 64 2.1 64 2.1 81 3.8 7373 7159 22 22.2 22 22.5 22.5 22.8 23.1 -
2014-6-26 19:00:0021.2 21.2 21.4 21.2 1004 1.1 100 100 64 1.9 61 1.4 72 1.4 52 2.1 30 4.1 19740 5554 22.2 22.3 22.2 22.5 22.5 22.8 23 -
2014-6-26 18:00:0021.3 21.3 21.4 21.2 1,003.1 3.3 100 100 71 0.7 48 1.7 50 2.1 82 3.8 84 6.5 8597 1027 22.3 22.5 22.2 22.5 22.6 22.8 23.1 -
2014-6-26 17:00:0021.4 21.4 21.5 21.2 1,003.6 5.4 100 100 52 2.2 44 1.8 43 2.2 43 2.2 40 3.5 2150 587 22.4 22.6 22 22.6 22.6 22.9 23.1 -
2014-6-26 16:00:0021.4 21.4 21.4 21.2 1004 24.6 100 100 49 1.1 34 1.1 7 1 75 3.1 64 4.8 2067 272 21.9 22.8 21.7 22.6 22.8 23 23.2 -
2014-6-26 15:00:0021.3 21.3 21.5 21.3 1,003.5 4.2 100 100 91 2.7 88 2.8 88 2.8 85 3.4 81 6.9 7674 1972 22.8 23.5 22.8 23.1 22.9 23 23.1 -
2014-6-26 14:00:0021.4 21.4 21.5 21.3 1,003.5 2.9 100 100 89 2.9 69 2.5 82 2.8 88 3.6 90 6.1 8956 1446 23.5 23.8 23.2 23.1 22.9 22.9 23.1 -
2014-6-26 13:00:0021.4 21.4 21.5 21.2 1,003.9 8.2 100 100 93 1.7 102 3 94 2.9 88 3 97 5.7 8779 425 23.8 23.9 22.3 23 22.8 22.9 23.1 -
2014-6-26 12:00:0021.3 21.3 21.5 21.2 1,004.5 2.5 100 100 109 2.1 96 2.4 95 2.4 89 3.8 84 6.7 12686 1152 23.6 23.7 22.6 23.1 22.8 22.9 23 -
2014-6-26 11:00:0021.2 21.2 21.8 21.1 1,004.5 11.8 100 99 80 1.9 97 2.7 97 3.1 96 3.2 98 5.7 2413 456 22.5 24.3 22.2 23 22.8 22.8 23 -
2014-6-26 10:00:0021.7 21.5 21.7 21.1 1005 0.3 99 98 112 1.6 114 2.7 117 2.9 89 3.6 88 6.2 7233 4915 24.2 25 23.7 23.2 22.6 22.6 22.9 -
2014-6-26 9:00:0021.2 21 21.3 20.3 1,004.7 0.7 99 99 99 1.3 93 3.8 87 3.7 90 3.8 87 7.4 12400 3494 24.2 24.5 21.7 22.7 22.2 22.5 23 -
2014-6-26 8:00:0020.3 20.3 20.4 20.2 1005 3.4 100 100 98 3.3 97 3.6 95 3.5 89 3.6 71 6.8 6334 1643 21.6 21.7 21.4 21.8 22 22.5 23 -
2014-6-26 7:00:0020.3 20.3 20.3 20 1,005.4 0.5 100 100 80 4.3 85 2.5 86 3 88 4.3 75 7.2 11216 4714 21.5 21.6 21 21.8 22.1 22.6 23.1 -
2014-6-26 6:00:0020 20 20.1 19.9 1,004.9 2.2 100 100 103 1.9 88 3.6 91 3.8 91 3.8 83 6.9 4919 3509 21.1 21.2 21 21.7 22.1 22.7 23.2 -
2014-6-26 5:00:0019.9 19.9 20 19.8 1005 4 100 100 130 1.4 71 1.9 79 2.7 88 3.3 79 5.6 6412 832 21 21 20.8 21.7 22.2 22.9 23.4 -
2014-6-26 4:00:0019.9 19.9 19.9 19.8 1,004.6 4.1 100 100 94 3.1 90 3.6 87 3.2 90 3.4 76 5.8 837 640 20.9 21.3 20.9 22 22.4 23 23.5 -
2014-6-26 3:00:0019.8 19.8 19.9 19.8 1005 0.2 100 99 76 3.4 90 2.6 87 3.2 86 3.4 92 6.6 6261 3829 21.3 21.4 21.2 22.2 22.5 23.1 23.6 -
2014-6-26 2:00:0019.8 19.8 19.8 19.7 1,005.4 0 100 99 59 5.1 87 4 84 2.9 90 3.9 88 6.1 4929 4929 21.3 21.5 21.3 22.3 22.7 23.3 23.7 -
2014-6-26 1:00:0019.7 19.5 19.8 19.6 1,005.9 0 99 99 96 3.3 93 3.4 90 3.6 91 3.8 118 6.7 11279 7970 21.4 21.5 21.4 22.3 22.8 23.4 23.8 -
2014-6-26 00:00:0019.7 19.7 19.8 19.6 1,006.3 0.1 100 99 82 2.6 92 2.4 94 2.9 92 3.9 83 7.1 10054 5119 21.5 21.6 21.4 22.4 22.9 23.5 24 -
2014-6-25 23:00:0019.7 19.7 19.7 19.3 1007 0.7 100 98 108 4.1 88 2.7 90 3 92 3.8 78 6.2 6076 4432 21.5 21.5 21.4 22.6 23.1 23.7 24.2 -
2014-6-25 22:00:0019.5 19.3 19.8 19.4 1,007.4 0.8 99 98 76 2.6 93 3.4 93 2.9 100 3.8 94 6.5 6001 4790 21.5 21.8 21.4 22.8 23.3 23.9 24.3 -
2014-6-25 21:00:0019.8 19.6 19.9 19.7 1,007.2 1 99 97 95 2.4 99 3.4 99 3.2 98 3.6 86 6.6 9918 6477 21.8 22 21.7 23 23.5 24.1 24.4 -
2014-6-25 20:00:0020 19.5 20.3 19.9 1,006.7 0.2 97 97 108 2.2 99 2.8 104 3.2 104 3.8 113 6.5 7792 7792 22 22.4 22 23.4 23.8 24.3 24.6 -
2014-6-25 19:00:0020.2 20 20.2 19.9 1,006.3 1 99 99 119 4.3 104 4 103 3.8 103 3.9 120 6.9 9868 3665 22.3 22.5 22.3 23.6 24.1 24.5 24.7 -
2014-6-25 18:00:0019.9 19.9 20.9 19.8 1,005.9 2.9 100 96 68 1.5 77 3.4 79 3.2 78 3.5 79 6.3 3897 1822 22.4 23 22.3 24 24.4 24.7 24.8 -
2014-6-25 17:00:0020.9 20.9 22.4 20.9 1,005.8 6.1 100 97 52 2.5 42 2.4 53 2.7 55 3.1 79 5.5 2373 870 22.9 24.9 22.8 24.6 24.8 24.9 24.9 -
2014-6-25 16:00:0022.3 22.3 22.9 22.1 1,005.4 4 100 97 92 2.9 87 2.5 89 2.5 96 2.8 90 4.8 2278 1357 24.9 25.6 24.3 25.2 25.1 25.1 24.9 -
2014-6-25 15:00:0022.9 22.4 23.2 22.8 1,005.7 0.6 97 94 95 2.5 88 1.5 93 2.3 93 2.9 75 4.7 3520 3520 25.6 26.2 25.5 25.8 25.4 25.2 24.9 -
2014-6-25 14:00:0023.2 22.4 23.8 23.1 1,006.1 0.2 95 90 81 2.2 95 2.4 98 2.1 104 2.8 98 4.1 6214 5710 26 27.4 25.7 26.1 25.4 25.1 24.8 -
2014-6-25 13:00:0023.6 22.2 23.9 23.6 1,006.3 0.1 92 90 100 2.5 108 2.4 108 2.8 108 2.8 114 4.7 7968 7306 27.1 28 27.1 26.2 25.3 24.9 24.7 -
2014-6-25 12:00:0023.6 22.2 23.9 23.5 1,006.8 0 92 88 98 2.8 95 2.4 104 2.3 113 2.4 71 4.3 11649 8270 27.4 28 27.1 26 25.1 24.7 24.7 -
2014-6-25 11:00:0023.5 21.6 24 23.5 1,007.3 0 89 86 146 2.3 155 1.6 140 1.7 138 2.4 143 3.9 9875 7481 27.6 28.2 27.1 25.7 24.7 24.6 24.6 -
2014-6-25 10:00:0023.6 21.9 23.6 23.1 1,007.1 0 90 89 133 2.7 136 1.9 140 2.4 141 2.7 158 4.6 8819 7202 27.2 27.2 25.2 24.9 24.4 24.4 24.6 -
2014-6-25 9:00:0023.2 21.5 23.3 23 1,007.4 0 90 89 133 2.3 139 2.1 145 2.2 146 2.8 149 4.6 9512 8585 25 25.3 24.8 24.5 24.3 24.4 24.6 -
2014-6-25 8:00:0023.2 21.5 23.3 22.6 1,006.9 0 90 89 166 1.7 160 2.3 152 2.3 146 3.4 142 5.7 10447 7451 25.3 25.3 23.7 24.2 24.1 24.4 24.7 -
2014-6-25 7:00:0022.6 21.2 22.7 22.5 1,005.9 0 92 91 135 3.3 129 3.3 128 2.9 135 3 111 5.2 7807 7257 23.7 23.7 22.9 23.8 24 24.5 24.9 -
2014-6-25 6:00:0022.6 21.2 22.6 21.9 1006 0 92 92 120 4.3 138 2.1 144 2 111 2.2 120 4.3 7686 6234 23 23.1 22.6 23.8 24.2 24.7 25.1 -
2014-6-25 5:00:0022 20.8 22.5 22 1,005.4 0 93 89 93 2.7 103 2 105 2 105 2 106 2.9 8156 7502 22.7 22.8 22.6 24 24.4 24.9 25.3 -
2014-6-25 4:00:0022.5 20.6 23 22.3 1,005.8 0 89 85 106 0.6 96 0.5 96 0.3 188 1.5 166 2 11342 10870 22.8 23 22.7 24.2 24.7 25.2 25.5 -
2014-6-25 3:00:0023 20.3 23.4 23 1,005.4 0 85 81 197 1 193 1.1 188 1.5 189 3 178 4.2 15426 14094 23.1 23.3 23 24.4 24.9 25.4 25.6 -
2014-6-25 2:00:0023.4 20.2 23.4 23.2 1,005.7 0 82 82 187 3.6 186 2.7 193 2.7 174 2.8 170 4.8 20143 12897 23.2 23.6 23.2 24.7 25.3 25.7 25.9 -
2014-6-25 1:00:0023.4 20.7 23.7 23.3 1006 0 85 83 173 2.4 169 2.7 167 2.4 170 3 164 5.3 15168 10185 23.6 23.9 23.5 25.1 25.7 26 26.1 -
2014-6-25 00:00:0023.6 21.1 24.1 23.6 1,006.1 0 86 86 168 3.1 172 2.7 172 2.8 165 3.2 162 5.7 10054 6398 23.9 24.4 23.8 25.6 26.1 26.4 26.3 -
2014-6-24 23:00:0024 21.9 24.3 24 1,006.4 0 88 88 154 2.4 166 2.9 171 3 165 3.3 154 5.6 6388 4105 24.4 24.9 24.3 26 26.5 26.7 26.6 -
2014-6-24 22:00:0024.3 22.4 24.6 24.3 1,006.6 0 89 86 182 2 159 1.9 154 2.5 153 3.6 154 6.4 4222 4222 24.9 25.2 24.9 26.5 27 27.1 26.8 -
2014-6-24 21:00:0024.6 22.3 24.8 24.5 1,006.2 0 87 86 171 4.5 162 3.5 155 3.3 149 3.6 164 6.4 7234 5200 25.2 26 25.2 27.2 27.6 27.5 27 -
2014-6-24 20:00:0024.7 22.8 25.4 24.7 1,005.4 0 89 86 135 4.6 136 3.2 136 2.6 131 3.3 145 5.5 7657 7457 26 27.1 26 28 28.3 28 27.2 -
2014-6-24 19:00:0025.4 23.1 26.3 25.4 1,005.4 0 87 79 142 2.1 146 2 135 2.6 126 3.7 103 6.5 9447 8545 27.1 29.3 27.1 29.2 29.1 28.4 27.3 -
2014-6-24 18:00:0026.3 22.4 27.3 26.3 1,004.9 0 79 75 116 2 137 2.3 131 3.5 128 4 112 7.7 8318 8057 29.3 32.5 29.3 30.6 29.9 28.7 27.3 -
2014-6-24 17:00:0027.2 22.4 27.8 27.2 1,004.7 0 75 72 175 2.6 143 2.5 129 3.4 146 4.5 148 8.1 8216 7792 32.6 35.3 32.6 32 30.5 28.7 27 -
2014-6-24 16:00:0027.7 22.6 28.9 27.7 1,004.7 0 74 70 126 6.5 133 5 139 3.9 142 4.5 153 7.4 8077 7029 34.8 40 34.7 33.2 30.9 28.6 26.7 -
2014-6-24 15:00:0028.8 22.8 29.4 28.8 1,004.8 0 70 61 174 1.9 155 3.4 159 3.8 160 3.9 143 6.3 8551 6081 39.8 42.4 39.8 34.2 30.8 28.1 26.2 -
2014-6-24 14:00:0029.2 22.2 29.5 28.4 1,005.3 0 66 65 186 3.9 181 3.6 167 2.4 189 2.7 195 4.6 6103 5297 42.6 43.3 42.4 34.1 30.1 27.4 25.5 -
2014-6-24 13:00:0028.5 21.8 28.7 27.9 1,005.7 0 67 62 195 2.2 193 2.5 189 2.6 189 2.6 190 4.4 5490 5242 43.1 44 43.1 33.6 29.2 26.4 24.9 -
2014-6-24 12:00:0028.4 21.4 28.4 27 1,006.5 0 66 64 156 1.6 171 1.8 177 1.9 196 2.4 198 3.9 6470 4838 43.6 43.6 41.9 32.2 27.8 25.4 24.3 -
2014-6-24 11:00:0027.1 21.4 27.3 26.2 1,006.9 0 71 69 187 1.7 180 2.3 183 1.9 190 2.1 195 3.6 5580 4294 41.9 41.9 36.8 30 26.3 24.5 23.8 -
2014-6-24 10:00:0026.3 22.4 26.5 25.2 1,007.2 0 79 77 96 1.5 100 1.2 156 1.7 159 2.2 169 3.8 4747 4294 37.7 38.5 34.4 28.2 25 23.7 23.4 -
2014-6-24 9:00:0025.5 22.6 25.5 24.5 1007 0 84 82 130 1.5 159 2 163 2.3 164 2.4 173 3.6 4896 3693 35 35 28.8 25.8 23.7 23.2 23.2 -
2014-6-24 8:00:0024.8 22.5 25 23.2 1,006.8 0 87 86 141 1.3 147 2.4 146 1.7 171 2.1 144 3.3 3859 2794 29.1 30.3 25.9 24 22.7 22.7 23.1 -
2014-6-24 7:00:0023.1 22.8 23.1 21 1,006.6 0 98 98 118 0.6 93 0.6 97 0.7 93 0.8 105 1.4 2762 2359 26.1 26.1 21.9 22.4 22.3 22.7 23.2 -
2014-6-24 6:00:0021 21 21 20.5 1,006.4 0 100 99 58 0.1 11 0.1 64 0.3 89 1 75 1.4 2473 1748 21.9 21.9 20.4 21.8 22.2 22.8 23.3 -
2014-6-24 5:00:0020.6 20.6 21 20.5 1,006.5 0 100 98 77 0.6 89 0.6 98 0.7 111 0.8 207 1.8 2111 1689 20.4 20.9 20.4 21.8 22.4 23 23.4 -
2014-6-24 4:00:0020.9 20.7 21.8 20.9 1,006.2 0 99 96 96 0.6 73 0.6 64 0.5 190 2.1 189 3.2 2274 2209 20.6 21.1 20.6 22 22.6 23.2 23.6 -
2014-6-24 3:00:0021.8 21.1 21.8 20.9 1,006.1 0 96 96 197 1.8 197 1.9 199 2.1 194 2.5 202 3.9 4296 3413 21 21 20.7 22.3 22.9 23.5 23.8 -
2014-6-24 2:00:0021 20.3 22 21 1,006.5 0 96 92 195 1.1 188 1.3 192 1.2 200 2.8 190 4 3629 3074 20.9 21.5 20.8 22.5 23.1 23.6 23.9 -
2014-6-24 1:00:0021.9 20.9 22.3 21.8 1,006.9 0 94 91 184 2.6 197 2.2 201 2.7 198 3.1 196 5 4588 3951 21.5 21.8 21.5 22.9 23.4 23.9 24.1 -
2014-6-24 00:00:0022.3 20.8 22.6 22.3 1,007.3 0 91 89 195 3.5 198 2.7 199 2.9 195 3.5 188 6.1 5243 5083 21.8 22.3 21.8 23.3 23.7 24.1 24.3 -
2014-6-23 23:00:0022.5 21.1 22.7 22.5 1,007.4 0 92 92 167 4 166 2.7 163 3.3 163 3.3 160 5.4 5362 5126 22.3 22.7 22.3 23.7 24 24.4 24.4 -
2014-6-23 22:00:0022.6 21.6 22.6 22.1 1,007.7 0 94 94 135 2 149 2.4 148 2.3 148 2.3 152 4.3 5641 3878 22.7 23 22.7 24 24.4 24.7 24.6 -
2014-6-23 21:00:0022 21.2 22.7 22 1,007.4 0 95 90 123 1.6 122 1.8 117 2 117 2 122 3.8 5366 5232 22.9 23.5 22.9 24.5 24.8 24.9 24.7 -
2014-6-23 20:00:0022.7 21 23.5 22.7 1,006.9 0 90 86 177 1.2 131 1.6 133 1.9 115 2.1 116 3.7 7689 7491 23.5 24.9 23.5 25.3 25.4 25.2 24.7 -
2014-6-23 19:00:0023.4 20.9 24.2 23.4 1,006.4 0 86 83 117 1.9 126 2 126 2 132 2.5 126 4 8307 6599 24.9 26.9 24.9 26.2 25.9 25.3 24.7 -
2014-6-23 18:00:0024.2 21.3 24.8 24.2 1,005.8 0 84 81 186 2.4 161 2.1 162 1.8 143 2.5 154 4.1 8890 8634 27 30.1 27 27.2 26.2 25.2 24.5 -
2014-6-23 17:00:0024.8 21.5 25.1 24.7 1,005.8 0 82 82 165 2.5 145 2.1 149 2.4 155 2.8 193 4.6 11013 8413 30.2 31.9 30.2 27.9 26.2 25 24.3 -
2014-6-23 16:00:0024.8 21.5 25.4 24.8 1,005.7 0 82 76 163 1.7 143 2.8 158 2.5 174 2.8 177 4.5 10797 9092 31.4 33.5 31.2 27.9 25.9 24.6 24 -
2014-6-23 15:00:0025.1 21.4 25.5 24.5 1,006.5 0 80 76 195 2.2 192 2.5 187 2.1 144 2.3 133 3.4 11141 11141 32.7 34.8 31.5 27.5 25.2 24.1 23.7 -
2014-6-23 14:00:0024.6 21.3 24.6 23.8 1,006.7 0 82 79 115 2.6 131 2.7 146 2.3 147 2.8 159 4.6 19921 8274 32.5 32.8 28.6 26.1 24.4 23.7 23.5 -
2014-6-23 13:00:0023.9 21.2 23.9 23.5 1007 0 85 85 98 2.3 123 2.4 147 2.2 147 2.2 124 4.5 8403 6954 28.7 28.7 26.6 25.1 23.9 23.5 23.4 -
2014-6-23 12:00:0023.6 21.5 23.7 22.8 1,007.8 0 88 88 127 2.5 129 2 130 1.8 144 2.1 142 4.2 8198 4999 27.7 27.8 24.7 24.4 23.5 23.3 23.2 -
2014-6-23 11:00:0022.9 21.4 23.1 22.7 1,008.1 0 91 88 162 1.8 147 1.3 123 1.3 141 2.8 126 4.9 6013 5618 24.9 26.1 24.9 24.2 23.3 23.1 23.2 -
2014-6-23 10:00:0022.8 20.7 22.8 22.3 1,007.9 0 88 88 143 3.2 142 2.4 135 1.7 154 2.8 165 5.3 - - 26 26 24.9 23.8 23 23 23.1 -
2014-6-23 9:00:0022.4 21.6 22.4 21.6 1,008.8 0 95 94 338 1.3 13 1.6 7 2.3 141 2.3 158 4 - - 24.8 24.9 23.2 23.2 22.7 22.8 23.1 -
2014-6-23 8:00:0021.6 21.3 21.7 20.7 1,007.7 0 98 98 107 2.1 107 1.8 97 1.6 59 2.2 125 3.7 - - 23.9 24.2 21.7 22.6 22.4 22.8 23.1 -
2014-6-23 7:00:0020.7 20.7 20.8 20.5 1,007.6 0.1 100 99 80 2.6 57 1.3 65 1.4 109 1.7 111 2.9 - - 21.7 21.9 21.4 22.2 22.4 22.8 23.2 -
2014-6-23 6:00:0020.5 20.5 20.6 20.4 1,007.5 0 100 99 67 1 45 1.1 45 1.5 34 1.6 51 2.3 - - 21.4 21.5 21.3 22.2 22.5 23 23.4 -
2014-6-23 5:00:0020.5 20.5 20.8 20.5 1,007.4 0 100 98 69 0.8 46 1.3 26 1.4 15 1.5 358 2.4 - - 21.4 21.5 21.3 22.2 22.6 23.1 23.4 -
2014-6-23 4:00:0020.8 20.6 20.8 20.7 1007 0 99 98 83 0.6 70 0.5 25 0.9 74 1.3 136 2.1 - - 21.6 21.6 21.3 22.4 22.7 23.2 23.6 -
2014-6-23 3:00:0020.7 20.5 21 20.7 1,006.7 0 99 97 98 1.5 95 1.1 70 1.3 145 1.4 147 3 - - 21.4 21.7 21.3 22.5 22.8 23.3 23.7 -
2014-6-23 2:00:0020.9 20.7 20.9 20.6 1,007.2 0 99 98 120 1.5 135 1.1 133 1.1 134 1.6 117 2.5 - - 21.7 21.8 21.6 22.7 23.1 23.6 23.9 -
2014-6-23 1:00:0020.7 20.4 20.9 20.6 1,007.7 0 98 96 97 1.1 98 1.3 87 1.2 125 2.2 108 3.7 - - 21.7 21.9 21.6 22.9 23.3 23.8 24 -
2014-6-23 00:00:0020.8 20.3 21 20.8 1,008.1 0 97 96 114 2.8 129 2.6 99 1.8 114 2.2 97 3.7 - - 21.9 22.1 21.8 23.1 23.5 23.9 24.2 -
2014-6-22 23:00:0020.9 20.2 21.2 20.9 1,008.7 0 96 95 74 1.3 89 1.9 76 1.7 114 2.3 137 3.8 - - 22.1 22.4 22 23.4 23.8 24.2 24.3 -
2014-6-22 22:00:0021.1 20.4 21.4 21.1 1,008.7 0 96 93 141 2 104 1.8 97 2 99 2.1 134 3.6 - - 22.4 22.8 22.3 23.7 24.1 24.4 24.4 -
2014-6-22 21:00:0021.4 20.2 21.8 21.3 1,008.4 0 93 90 114 1.2 111 1.9 113 2.1 107 2.4 118 4.3 - - 22.7 23.3 22.7 24.2 24.5 24.7 24.6 -
2014-6-22 20:00:0021.8 20.1 22.3 21.7 1,008.2 0 90 88 100 2.5 109 2.5 108 2.1 106 2.4 119 4.1 - - 23.3 24.1 23.2 24.8 25 25 24.7 -
2014-6-22 19:00:0022.4 20.3 23.1 22.3 1,007.7 0 88 85 109 1.4 112 1.8 115 2.1 104 2.9 117 4.5 - - 24.1 25.7 24.1 25.6 25.5 25.2 24.7 -
2014-6-22 18:00:0023.2 20.7 23.9 23.2 1,007.5 0 86 81 115 3.8 105 3.2 102 2.9 102 2.9 88 4.3 - - 25.7 27.8 25.7 26.5 25.8 25.3 24.6 -
2014-6-22 17:00:0023.9 20.4 25 23.9 1,007.4 0 81 78 93 1.6 98 1.4 110 2 92 3 91 4.5 - - 27.9 31.4 27.9 27.1 26 25.1 24.5 -
2014-6-22 16:00:0024.9 21.2 24.9 24.3 1,007.3 0 80 80 73 2.2 90 3.2 92 2.9 88 3 77 4.9 - - 31.2 31.2 28 27.1 25.8 25 24.3 -
2014-6-22 15:00:0024.2 21.1 25.5 24.2 1,007.3 0 83 75 83 2.2 77 2 50 2.8 43 3 32 4.9 - - 28 31.3 27.8 27 25.8 24.8 24.1 -
2014-6-22 14:00:0025.5 21.2 25.5 24.3 1,007.5 0 77 77 26 2 33 2 49 1.8 52 1.8 39 3.1 - - 31 31.4 29.4 27.3 25.6 24.5 23.9 -
2014-6-22 13:00:0024.7 21.4 25.2 24.1 1008 0 82 79 184 1.1 151 1.6 104 1.1 214 2.1 217 3.4 - - 29.5 35.6 29.5 27.1 25.3 24.2 23.6 -
2014-6-22 12:00:0024.8 21.5 24.8 24 1,008.2 0 82 79 43 1.6 64 1.5 61 1.3 122 2.4 131 3.3 - - 31.5 31.6 30.3 26.6 24.7 23.6 23.2 -
2014-6-22 11:00:0024.1 21.4 24.8 23.2 1,008.4 0 85 81 125 3.1 134 2.8 116 2.2 116 2.2 35 3.9 - - 30.3 34.3 27.9 26.1 23.9 23.2 23 -
2014-6-22 10:00:0023.2 21.3 23.2 22.6 1,008.2 0 89 88 43 2.1 55 1.7 61 1.5 27 1.8 30 2.8 - - 27.7 27.7 26 24.2 23.1 22.8 22.9 -
2014-6-22 9:00:0022.6 21.1 22.6 21.5 1,008.3 0 91 91 86 1.1 43 1.3 11 1.4 334 2 21 3.1 - - 25.9 26.2 23.3 23.4 22.6 22.7 22.9 -
2014-6-22 8:00:0021.6 21.1 21.6 20.9 1,008.7 0 97 97 308 2.1 321 2.7 334 1.9 334 1.9 317 3.5 - - 23.4 23.7 22.6 22.7 22.4 22.6 22.9 -
2014-6-22 7:00:0020.9 20.7 21 20.6 1008 0 99 99 46 0.3 53 0.5 59 0.6 84 1.4 76 2.2 - - 22.6 22.6 22 22.3 22.2 22.5 22.9 -
2014-6-22 6:00:0020.6 20.6 20.7 20.5 1,007.2 0 100 100 58 0.6 78 0.9 59 0.7 357 1.5 38 2.1 - - 22 22 21.2 22 22.2 22.6 23 -
2014-6-22 5:00:0020.5 20.5 20.7 20.5 1,006.9 0.1 100 100 25 0.3 41 0.9 21 1 62 1.3 83 2.3 - - 21.4 21.5 21.2 22 22.2 22.7 23 -
2014-6-22 4:00:0020.6 20.6 20.8 20.5 1,006.8 0 100 100 52 0.6 47 0.6 38 0.8 53 1.4 46 2 - - 21.3 21.6 21.3 22.2 22.4 22.8 23.1 -
2014-6-22 3:00:0020.6 20.6 20.8 20.6 1,006.7 0 100 100 30 1.2 43 0.7 46 0.8 10 1.3 21 2 - - 21.6 21.8 21.6 22.2 22.4 22.8 23.2 -
2014-6-22 2:00:0020.6 20.6 20.9 20.6 1,006.3 0 100 100 34 0.8 32 1.1 36 1.1 32 1.1 46 1.6 - - 21.6 21.7 21.5 22.3 22.6 23 23.3 -
2014-6-22 1:00:0020.9 20.9 21.2 20.9 1,006.4 0 100 100 21 1.1 20 1.1 12 1.1 10 1.1 9 1.6 - - 21.8 21.9 21.7 22.5 22.7 23.1 23.4 -
2014-6-22 00:00:0021.1 21.1 21.3 21.1 1,006.6 0 100 100 54 0.5 52 0.6 43 0.7 56 1 60 1.8 - - 21.9 22.2 21.9 22.7 22.9 23.2 23.5 -
2014-6-21 23:00:0021.2 21.2 21.4 21.2 1,006.5 0 100 100 16 0.6 22 0.8 60 0.8 9 1 75 1.8 - - 22.1 22.4 22.1 22.8 22.9 23.3 23.5 -
2014-6-21 22:00:0021.3 21.3 21.3 21.2 1,006.7 0 100 100 358 1.2 356 1 61 1 87 1.3 80 2.3 - - 22.2 22.3 22.1 22.9 23.1 23.4 23.6 -
2014-6-21 21:00:0021.3 21.3 21.4 21.2 1,006.1 0.1 100 100 86 1.6 87 1 94 1.1 50 1.4 56 2.1 - - 22.3 22.5 22.3 23.1 23.2 23.5 23.7 -
2014-6-21 20:00:0021.3 21.3 21.5 21.3 1,005.7 0.1 100 100 31 1.2 48 1.5 49 1.4 61 2.1 54 3.6 - - 22.5 22.8 22.4 23.3 23.4 23.6 23.7 -
2014-6-21 19:00:0021.5 21.5 21.6 21.4 1005 0.2 100 99 35 1.4 47 2 65 2.2 97 2.7 83 4.4 - - 22.7 23.2 22.7 23.6 23.6 23.7 23.8 -
2014-6-21 18:00:0021.6 21.6 21.8 21.5 1,004.7 0.7 100 99 98 3 99 2.1 91 2 60 2.8 66 5 - - 23.2 23.6 23.2 23.8 23.8 23.8 23.8 -
2014-6-21 17:00:0021.7 21.5 22.1 21.7 1,003.9 0.5 99 96 29 2.4 56 2.5 53 2.5 45 4.3 42 7.7 - - 23.5 24.2 23.4 24.1 23.9 23.9 23.8 -
2014-6-21 16:00:0022 21.5 22.6 22 1,003.8 0 97 95 37 2.4 41 3 38 3.9 30 4.6 25 7.8 - - 24.2 25.2 24.1 24.4 24 23.9 23.8 -
2014-6-21 15:00:0022.6 21.8 22.8 22.5 1,003.8 0 95 95 12 4.3 26 4 28 4 31 4.2 32 7.6 - - 25.2 25.7 24.8 24.6 24 23.8 23.7 -
2014-6-21 14:00:0022.6 21.9 22.9 22.6 1,003.6 0 96 95 61 4.1 50 4 48 3.8 48 3.8 46 6.7 - - 25 26 25 24.6 24 23.7 23.6 -
2014-6-21 13:00:0022.8 22.3 22.8 22.5 1,003.5 0.1 97 97 33 2.4 37 2.2 45 3.2 33 4.1 19 7.3 - - 26 26.1 25.1 24.5 23.7 23.5 23.5 -
2014-6-21 12:00:0022.6 22.4 22.7 22.2 1,003.5 0.3 99 99 347 1.1 21 2.3 15 2.7 24 3.8 23 6.6 - - 25.4 25.8 24.5 24.2 23.6 23.5 23.5 -
2014-6-21 11:00:0022.5 22.5 22.5 22 1,003.4 1.2 100 100 49 3.2 32 3.2 36 3.1 42 3.3 23 5.6 - - 25.3 25.3 24.1 23.8 23.3 23.3 23.4 -
2014-6-21 10:00:0022.2 22.2 22.3 21.8 1,003.2 1.4 100 100 36 5.7 33 3.7 39 2.6 39 3.4 36 5.7 - - 24.6 24.6 23.9 23.6 23.2 23.3 23.5 -
2014-6-21 9:00:0021.9 21.9 22 21.7 1,003.4 0.9 100 100 38 3.8 36 2.6 25 3 47 3.4 38 5.7 - - 24 24 23.4 23.3 23.1 23.3 23.5 -
2014-6-21 8:00:0021.8 21.8 21.8 21.5 1,003.1 3.6 100 100 340 1.2 37 1.4 41 2.4 38 2.7 40 5.1 - - 23.4 23.4 22.6 23 23 23.3 23.6 -
2014-6-21 7:00:0021.5 21.5 21.7 21.5 1,003.2 1.1 100 100 30 2.5 48 2.4 34 2 54 2.7 60 4.9 - - 22.7 22.8 22.6 23 23 23.3 23.6 -
2014-6-21 6:00:0021.5 21.5 21.6 21.4 1,002.3 1.6 100 100 65 1.3 57 2.4 59 2.6 52 2.8 52 5.1 - - 22.5 22.6 22.4 23 23.1 23.4 23.7 -
2014-6-21 5:00:0021.5 21.5 21.6 21.4 1,002.6 0.4 100 100 38 2.1 48 1.8 29 1.6 61 2.4 64 4 - - 22.6 22.7 22.5 23.1 23.2 23.5 23.8 -
2014-6-21 4:00:0021.5 21.5 21.6 21.4 1,002.3 0 100 100 42 2.4 63 2 59 2.2 45 2.6 51 4.3 - - 22.7 22.7 22.6 23.2 23.3 23.6 23.8 -
2014-6-21 3:00:0021.5 21.5 21.8 21.5 1,002.4 0 100 100 47 2.7 47 2.7 46 2.2 52 2.6 66 4.7 - - 22.7 22.9 22.7 23.3 23.4 23.7 23.9 -
2014-6-21 2:00:0021.7 21.7 22.1 21.7 1,002.4 0 100 100 45 2.2 56 2.2 52 2.5 52 2.5 68 4.1 - - 22.9 23.1 22.8 23.5 23.6 23.8 24 -
2014-6-21 1:00:0022 22 22.3 22 1,002.7 0 100 100 64 1.6 47 2.3 43 2 40 2.5 47 4.3 - - 23 23.3 23 23.6 23.7 24 24.1 -
2014-6-21 00:00:0022.3 22.3 22.5 22.2 1,002.7 0 100 99 38 1.9 38 2.1 38 2.2 37 2.7 52 4.5 - - 23.3 23.5 23.2 23.8 23.8 24.1 24.2 -
2014-6-20 23:00:0022.5 22.5 22.6 22.4 1003 0 100 99 60 1.5 46 1.6 43 1.8 30 2 28 4 - - 23.5 23.7 23.4 23.9 24 24.1 24.2 -
2014-6-20 22:00:0022.4 22.4 22.5 22.4 1,003.2 0 100 99 164 0.2 154 0.3 85 0.9 51 1.8 52 3 - - 23.6 23.8 23.6 24.1 24.1 24.3 24.3 -
2014-6-20 21:00:0022.4 22.4 22.5 22.3 1003 0 100 99 70 1.7 54 1 52 1.4 77 2.5 71 3.8 - - 23.8 23.9 23.7 24.3 24.3 24.4 24.4 -
2014-6-20 20:00:0022.4 22.4 22.7 22.4 1,002.3 0 100 99 77 2.4 78 2.1 85 2.5 83 2.7 44 4.6 - - 24 24.4 23.9 24.6 24.5 24.5 24.4 -
2014-6-20 19:00:0022.6 22.6 22.8 22.6 1,002.2 0 100 99 69 2.1 65 1.9 76 1.5 82 2.5 84 4.4 - - 24.4 25.3 24.4 25 24.8 24.7 24.5 -
2014-6-20 18:00:0022.7 22.7 22.9 22.7 1,001.8 0 100 98 84 2.3 81 2.3 80 2.3 77 3.1 83 5.5 - - 25.3 25.9 25.2 25.4 24.9 24.6 24.4 -
2014-6-20 17:00:0022.9 22.7 23.7 22.9 1,001.4 0 99 97 92 1.8 71 2.8 82 3 85 3.6 80 6.3 - - 25.9 27.1 25.9 25.7 25 24.6 24.3 -
2014-6-20 16:00:0023.7 23.2 24.1 23.7 1,001.3 0 97 96 71 3.4 81 3.1 78 2.6 91 2.9 78 4.8 - - 27.1 27.7 27 25.9 24.9 24.4 24.1 -
2014-6-20 15:00:0024.1 23.6 24.1 23.7 1,001.5 0 97 97 92 2.6 84 3 89 2.3 101 3.3 98 4.9 - - 27.3 28.5 27.2 25.7 24.6 24.1 24 -
2014-6-20 14:00:0023.6 23.6 23.6 22.9 1,001.5 0.1 100 99 60 2 103 3.2 96 2.7 102 3.2 87 5.6 - - 27.5 27.5 24.7 24.9 24.1 23.9 23.9 -
2014-6-20 13:00:0022.9 22.9 23.1 22.8 1,002.2 11.6 100 99 135 1.1 90 2.6 83 2.4 80 2.7 76 4.3 - - 24.7 24.7 23.9 24.2 23.9 23.9 23.9 -
2014-6-19 14:00:0025.6 21.9 25.8 24.9 1,003.9 0 80 77 146 2.9 133 4.2 128 4.3 132 5 107 8.2 8049 7116 38.2 38.2 33.1 29.6 27.3 25.8 24.8 -
2014-6-19 13:00:0025.2 20.9 25.3 24.8 1,004.4 0 77 77 124 2.9 152 3.5 142 4.2 135 4.9 119 8.4 8613 7679 34.3 35.1 33.6 29 27 25.5 24.5 -
2014-6-19 12:00:0025.1 21 25.3 24.7 1,004.5 0 78 78 106 5.9 130 4 127 4.4 112 4.7 115 7.9 8748 6881 34.5 35.2 32.4 28.8 26.7 25 24 -
2014-6-19 11:00:0025.3 21.2 25.9 25.3 1,004.6 0 78 75 142 4.1 131 4.5 119 4.5 119 4.5 143 7.6 6784 6517 35.3 41 35.3 29.5 26 24.2 23.5 -
2014-6-19 10:00:0025.6 21.3 25.7 24.5 1,004.8 0 77 77 118 3 133 3.9 142 3.5 143 3.9 128 7 7395 6543 38.7 38.9 34.5 27.8 24.7 23.4 23.1 -
2014-6-19 9:00:0024.9 20.8 24.9 23.9 1,004.6 0 78 78 155 2.4 143 3 135 3.6 134 4.4 129 7.3 9551 6587 35.6 35.8 30.6 25.6 23.3 22.8 22.9 -
2014-6-19 8:00:0023.7 20.8 23.7 22.5 1,004.5 0 84 83 134 5.3 128 3.5 130 4.3 128 4.5 128 7.9 7995 4610 30.2 30.2 24.8 23.5 22.4 22.4 22.8 -
2014-6-19 7:00:0022.4 20.3 22.4 20.7 1,005.1 0 88 88 113 3.5 110 1.9 115 2.5 116 2.9 119 5.2 5228 3300 24.6 24.6 21.2 21.9 21.8 22.4 22.9 -
2014-6-19 6:00:0020.7 19.7 20.8 19.7 1,005.2 0 94 94 114 1.7 109 2.2 104 2.1 104 2.1 105 3.7 3358 3205 21.2 21.2 19.6 21.3 21.7 22.4 22.9 -
2014-6-19 5:00:0019.8 19.1 20.3 19.7 1,004.7 0 96 93 101 1.8 87 2 97 2 104 2 96 3.6 3666 3634 19.7 20.2 19.6 21.3 21.9 22.6 23.2 -
2014-6-19 4:00:0020.3 19.1 21.5 20.3 1,004.6 0 93 90 65 2.4 58 1.3 51 1.8 141 2.6 132 4.4 4597 4415 20.3 20.6 20.2 21.6 22.1 22.8 23.2 -
2014-6-19 3:00:0021.4 19.7 21.5 21 1,004.2 0 90 89 121 1.5 141 2.2 143 2.6 152 3 130 5.7 6967 4371 20.6 20.8 20.5 21.8 22.3 23 23.4 -
2014-6-19 2:00:0021.1 19.4 21.6 21.1 1,004.5 0 90 85 127 3.3 131 2.6 122 2.2 146 2.8 115 5.7 5603 5245 20.7 21.1 20.6 22 22.5 23.1 23.6 -
2014-6-19 1:00:0021.5 19.2 21.6 21.3 1,005.1 0 87 85 152 4.2 146 3.3 145 2.8 151 3.5 129 6 9194 4925 21 21.4 20.9 22.2 22.7 23.3 23.7 -
2014-6-19 00:00:0021.4 19.7 21.5 21.3 1,005.8 0 90 86 127 1.8 140 2.8 139 2.3 138 2.9 155 5.3 5665 5503 20.9 21 20.8 22.4 23 23.6 23.9 -
2014-6-18 23:00:0021.5 19.2 21.5 20.7 1006 0 87 86 135 1.7 136 2 141 2.4 137 2.8 136 6.6 6916 5140 21 21.5 21 22.7 23.3 23.8 24.1 -
2014-6-18 22:00:0020.9 19.6 21 20.8 1,006.1 0 92 91 111 2 107 1.7 109 2 103 2.6 105 4.6 5675 5464 21.5 21.8 21.4 23.1 23.7 24.2 24.3 -
2014-6-18 21:00:0021 19.3 21.4 20.9 1,005.8 0 90 87 131 2 102 2.5 102 2.6 92 2.8 89 4.9 8586 7847 21.8 22.3 21.7 23.5 24 24.4 24.5 -
2014-6-18 20:00:0021.4 19.3 22.1 21.3 1,005.1 0 88 83 119 3.2 101 3 97 2.6 97 2.6 86 4.5 15213 9531 22.2 23.1 22.2 24.1 24.5 24.7 24.6 -
2014-6-18 19:00:0022.1 19.1 23 22.1 1,004.6 0 83 80 139 1.2 126 2.3 126 2.5 133 2.7 146 5.1 22604 10692 23.1 25.7 23.1 25 25 24.9 24.7 -
2014-6-18 18:00:0023 19.4 23.2 22.9 1,004.7 0 80 75 137 2 138 2.4 138 2.2 102 3 85 4.9 17376 6054 25.7 26.6 25.7 25.7 25.4 25 24.7 -
2014-6-18 17:00:0023 18.8 23.4 23 1,004.4 0 77 77 80 3 89 3.2 106 2.8 89 3.3 77 5.1 33424 4866 26.2 28 26.1 26.1 25.5 25.1 24.6 -
2014-6-18 16:00:0023.3 19.5 23.5 23.2 1005 0 79 79 114 3.1 105 2.9 93 2.7 104 3.1 87 5.8 14668 10312 28.3 28.4 27.4 26.5 25.7 25 24.4 -
2014-6-18 15:00:0023.5 20.1 24.5 23.4 1,005.1 0 81 76 82 1.9 88 1.5 95 2.2 87 3.3 95 4.8 16071 7792 28.3 34.4 28.3 27 25.7 24.8 24.2 -
2014-6-18 14:00:0024.2 20.3 24.2 23.3 1,005.3 0 79 78 76 3.2 96 2.9 95 2.7 86 3 81 5.3 14437 9627 32.8 32.8 28.4 26.7 25.5 24.7 24.1 -
2014-6-18 13:00:0023.5 19.6 24.1 23.4 1,005.7 0 79 75 112 1.6 99 1.9 81 2.1 81 2.1 122 3.6 15582 10406 28.3 33.1 28.2 26.9 25.5 24.4 23.8 -
2014-6-18 12:00:0024 19.5 24.7 23.9 1,006.2 0 76 74 186 0.6 129 0.9 124 1.6 68 2.3 120 3.9 13816 7756 33.6 36.6 32.6 27.3 24.8 23.7 23.4 -
2014-6-18 11:00:0024.3 19.6 24.4 22.7 1,006.1 0 75 75 66 0.7 82 0.9 94 1.7 98 2 83 3.8 19571 9493 34.7 34.9 28 25.7 23.9 23.3 23.1 -
2014-6-18 10:00:0022.7 19.1 22.9 22.3 1,006.4 0 80 79 84 2 100 1.7 93 1.8 82 2.3 92 4 23250 13049 28.9 29.2 27.5 24.6 23.3 22.9 23 -
2014-6-18 9:00:0022.3 19.1 22.3 21.5 1006 0 82 80 90 2 79 1.5 73 2 70 2.4 53 3.8 19382 12708 27.3 27.3 25.1 23.6 22.7 22.6 22.9 -
2014-6-18 8:00:0021.6 18.8 21.6 20.7 1,005.9 0 84 84 57 1.4 74 1.3 74 1.8 59 2.5 83 4 33462 6193 25.3 25.3 22.7 22.7 22.3 22.5 22.9 -
2014-6-18 7:00:0020.7 19.4 20.8 20.2 1,005.4 0 92 91 88 1.7 93 1.4 66 1.2 58 1.4 56 2.6 11929 8498 22.7 23 21.6 22.1 22 22.4 22.9 -
2014-6-18 6:00:0020.2 19 20.2 19.8 1,005.1 0 93 92 8 0.9 19 1 18 1.1 21 1.1 20 1.8 19420 12086 21.6 21.7 21 21.8 22 22.5 23 -
2014-6-18 5:00:0019.9 19.2 19.9 19.7 1,004.9 0 96 95 354 0.5 17 0.9 31 1 51 1.3 39 2 13654 10881 21 21.1 20.9 21.8 22.1 22.7 23.1 -
2014-6-18 4:00:0019.8 19.1 19.9 19.7 1,004.9 0 96 96 41 1.7 43 1.1 51 1.4 48 1.6 34 2.7 11524 6497 21 21.2 21 21.9 22.2 22.7 23.2 -
2014-6-18 3:00:0019.9 19.4 20.3 19.8 1,004.7 0 97 93 51 0.5 39 0.8 47 1.4 44 2.2 60 3.4 7473 5035 21 21.3 21 22 22.4 22.9 23.3 -
2014-6-18 2:00:0020.2 19 20.3 20.1 1,004.7 0 93 93 43 1.4 33 1.2 42 1.2 53 1.4 36 2.9 31647 12841 21.3 21.4 21.2 22.1 22.5 23 23.4 -
2014-6-18 1:00:0020.3 19.5 20.3 20.1 1,004.2 0 95 94 52 1.4 58 1.1 53 1.1 32 1.3 29 2.1 17122 9226 21.4 21.6 21.3 22.3 22.6 23.1 23.5 -
2014-6-18 00:00:0020.1 19.4 20.2 20 1,003.8 0 96 95 19 0.8 40 0.9 41 1.1 45 1.4 50 1.9 10140 9467 21.5 21.6 21.4 22.4 22.7 23.2 23.6 -
2014-6-17 23:00:0020.1 19.4 20.3 20 1,003.8 0 96 95 73 1.3 56 1.2 43 1.4 36 2.1 30 3.2 10655 8330 21.5 21.6 21.2 22.5 22.9 23.4 23.7 -
2014-6-17 22:00:0020.2 19.5 20.6 20.2 1,003.7 0 96 94 38 2.4 42 2.1 51 1.8 38 1.8 38 3.5 9200 7518 21.5 22.1 21.4 22.8 23.2 23.6 23.8 -
2014-6-17 21:00:0020.5 19.5 20.7 20.5 1,003.5 0 94 93 38 1.4 41 1.4 39 1.8 49 2 26 3.6 10310 7926 22.1 22.3 22 23.1 23.4 23.8 23.9 -
2014-6-17 20:00:0020.7 19.5 20.9 20.6 1003 0 93 93 61 2.3 50 2.3 49 2.1 42 2.3 23 3.7 8216 8023 22.3 22.7 22.3 23.5 23.7 24 24 -
2014-6-17 19:00:0020.9 19.7 21.5 20.9 1,002.6 0 93 92 27 2.9 40 2.4 43 2.3 37 2.9 43 4.8 9676 8262 22.8 23.6 22.7 23.9 24 24.1 24.1 -
2014-6-17 18:00:0021.5 20.1 22 21.4 1,001.8 0 92 91 31 2.3 21 2.7 30 2.6 35 2.7 34 4.7 11675 8661 23.6 24.8 23.6 24.4 24.2 24.2 24.1 -
2014-6-17 17:00:0021.8 20.6 22 21.7 1,001.6 0 93 91 31 2.1 44 2.1 41 1.8 40 2.1 51 3.5 13234 11080 24.7 26 24.7 24.7 24.3 24.1 24 -
2014-6-17 16:00:0021.8 20.8 21.8 21.4 1,001.5 0 94 93 38 0.7 43 1.2 43 1.7 38 2.6 52 4.3 18569 3116 25.8 26 25.2 24.8 24.2 24 23.9 -
2014-6-17 15:00:0021.5 20.8 21.7 21.4 1,001.4 0 96 94 26 2.5 26 2.6 45 2.1 50 2.4 25 3.9 4583 4449 25.2 25.9 24.8 24.7 24.1 23.9 23.8 -
2014-6-17 14:00:0021.4 20.9 22 21.4 1,001.2 0 97 93 50 1.8 38 1.6 46 1.8 56 2.6 55 4.5 5354 4133 25 26.5 24.6 24.6 24.1 23.8 23.8 -
2014-6-17 13:00:0021.9 21.2 21.9 21.5 1,001.2 0 96 95 55 2 58 1.9 59 1.8 68 2 87 3.8 12366 7547 26.1 26.1 25.1 24.6 23.9 23.7 23.7 -
2014-6-17 12:00:0021.5 21 21.8 21.4 1,001.3 0.2 97 97 85 1.8 74 2 73 1.6 64 2.5 53 4.1 11552 5103 25.8 25.9 24.2 24.3 23.7 23.6 23.7 -
2014-6-17 11:00:0021.8 21.5 21.9 21.6 1,001.4 0.6 98 97 94 1.5 81 1.8 86 1.7 71 2.3 74 3.8 11520 5583 24.8 25.9 24.3 24 23.5 23.5 23.6 -
2014-6-17 10:00:0021.7 21.4 21.7 21.2 1,001.3 0.4 98 98 69 2 88 2.1 77 1.9 48 2 77 3.2 7192 3736 26 26 23.2 23.6 23.2 23.4 23.6 -
2014-6-17 9:00:0021.3 21 21.5 21.2 1,001.4 0 98 97 64 1.3 44 1.9 42 1.8 59 3.1 53 6.1 7636 7534 23.2 24 23.2 23.4 23.2 23.3 23.6 -
2014-6-17 8:00:0021.5 21.5 21.5 21.2 1,000.9 0 100 100 70 1.5 65 2.2 63 2.6 30 2.9 70 4.5 10708 5984 24 24.5 22.9 23.2 23 23.3 23.6 -
2014-6-17 7:00:0021.4 21.4 22 21.3 1,000.6 0.7 100 100 38 1.6 33 2.6 31 3 36 3.3 23 6.2 6644 1901 22.8 22.8 22.5 22.9 23 23.3 23.6 -
2014-6-17 6:00:0022 22 22.2 22 1,000.2 0.7 100 100 5 2.6 359 3.3 359 3 2 3.2 12 5.2 2269 1960 22.8 22.8 22.6 23 23 23.4 23.7 -
2014-6-17 5:00:0022.1 22.1 22.4 22.1 999.6 0.3 100 100 337 1.5 354 1.7 5 1.8 9 2.1 24 3.2 4130 846 22.7 22.8 22.6 23 23.1 23.4 23.7 -
2014-6-17 4:00:0022.4 22.4 22.5 22.3 999.5 5.5 100 100 23 2 24 1.4 29 1.8 29 1.8 44 2.7 2045 451 22.6 22.9 22.6 23.1 23.2 23.5 23.8 -
2014-6-17 3:00:0022.4 22.4 22.5 22.4 999.5 0.4 100 100 351 1.3 12 1.5 32 1.5 35 1.6 54 2.8 1106 645 22.9 22.9 22.8 23.1 23.1 23.4 23.7 -
2014-6-17 2:00:0022.5 22.5 22.5 22.3 999.5 0.1 100 100 118 1.3 96 1.2 78 1.1 89 2.1 79 3.6 817 808 22.9 22.9 22.8 23.2 23.2 23.6 23.9 -
2014-6-17 1:00:0022.4 22.4 22.4 22.2 999.8 0.1 100 100 57 1.8 89 1.9 96 1.8 116 2.6 113 4.2 1812 1583 22.8 22.8 22.7 23.1 23.2 23.6 23.9 -
2014-6-17 00:00:0022.2 22.2 22.3 22.2 1,000.5 0.1 100 100 110 3.3 104 2.2 100 2 118 2.9 119 6.1 1676 1411 22.7 22.8 22.6 23.2 23.3 23.6 24 -
2014-6-16 23:00:0022.2 22.2 22.3 22.1 1,001.1 0.2 100 99 125 2 130 2.8 129 2.6 104 3.8 113 7.4 2626 2058 22.7 22.7 22.5 23.1 23.3 23.7 24 -
2014-6-16 22:00:0022.1 22.1 22.2 22 1,001.9 0 100 98 111 3 114 3.1 114 3.3 131 3.8 106 8.5 3074 2711 22.5 22.6 22.4 23.2 23.4 23.8 24.1 -
2014-6-16 21:00:0022 21.8 22 21.9 1,002.2 0 99 98 126 5.2 139 3.1 128 3.5 111 4 125 7.3 5000 2564 22.5 22.5 22.4 23.2 23.5 23.9 24.2 -
2014-6-16 20:00:0021.9 21.6 22.2 21.9 1,001.9 0 98 94 133 2.4 106 3.4 105 3.3 116 4.7 114 8.8 3214 2998 22.5 22.6 22.4 23.3 23.6 24.1 24.3 -
2014-6-16 19:00:0022.2 21.4 22.8 22.1 1,002.1 0 95 87 166 3.1 127 3.1 124 4.2 125 5.2 119 9.8 4567 4177 22.6 23 22.5 23.5 23.8 24.2 24.4 -
2014-6-16 18:00:0022.8 20.7 22.8 22.5 1,001.8 0 88 85 129 5.7 130 4.5 131 5 125 5.8 120 10.3 10023 9453 22.9 23.6 22.9 23.8 24 24.3 24.5 -
2014-6-16 17:00:0022.7 20 22.7 22.3 1002 0 85 82 151 5 138 4.2 128 4.3 126 5.3 144 11.3 12718 10816 23.5 24 23.5 24.1 24.2 24.4 24.6 -
2014-6-16 16:00:0022.4 20.3 22.4 21.5 1,001.8 0 88 88 98 5.1 119 5 126 5.4 126 5.4 110 10.7 14678 3273 23.7 24 23.6 24.3 24.4 24.5 24.6 -
2014-6-16 15:00:0021.6 21.1 22.7 21.6 1,002.4 0 97 91 124 6 128 3.4 127 3.8 131 6.2 128 11.5 3202 2614 24 25.3 23.9 24.6 24.6 24.6 24.7 -
2014-6-16 14:00:0022.7 21.2 23.8 22.7 1,002.7 0 91 87 105 4.4 127 6.1 134 5.8 131 6.2 129 12 8073 3533 25.3 25.5 24.5 24.9 24.7 24.7 24.7 -
2014-6-16 13:00:0023.7 21.6 24.2 23.7 1003 0 88 84 128 4.4 124 5.6 128 4.5 130 6.1 135 10.6 7310 7272 25.6 26.8 25.6 25.1 24.7 24.6 24.6 -
2014-6-16 12:00:0023.9 21.8 23.9 23.6 1,003.6 0 88 87 106 4.9 117 4.2 118 4.3 111 5.3 122 10 8565 6164 26.2 27.4 25.8 25.2 24.7 24.6 24.6 -
2014-6-16 11:00:0023.6 21.3 23.8 22.8 1,004.2 0 87 85 86 5.6 96 4.4 97 4.9 100 4.9 77 8.9 6878 5825 26.8 28.5 26.4 25.4 24.7 24.5 24.5 -
2014-6-16 10:00:0022.9 20.2 23.8 22.7 1,004.5 0 85 81 91 5.8 91 5.3 90 4.9 97 5.8 76 12.6 6523 5969 26.3 29.1 26.3 25.2 24.5 24.3 24.4 -
2014-6-16 9:00:0023.6 20.3 23.7 23.1 1,004.6 0 82 82 75 6.8 90 5.4 92 4.9 84 5.8 91 10.8 7056 6132 28.6 28.6 25.3 24.6 24 24.1 24.4 -
2014-6-16 8:00:0023.2 21.3 23.2 22.8 1,005.1 0 89 89 80 3.7 90 4.4 90 5 87 5.3 91 9.6 6797 5319 25.5 25.5 23.6 23.8 23.7 24 24.4 -
2014-6-16 7:00:0022.9 21.7 22.9 22.7 1,005.2 0 93 91 87 4.3 83 3 84 3.7 82 4.3 70 7.5 5674 5213 23.8 23.8 22.7 23.5 23.6 24.1 24.5 -
2014-6-16 6:00:0022.7 21.5 22.8 22.4 1,005.2 0 93 93 41 2.2 79 3.7 82 3.8 82 3.8 76 7.4 5721 4153 22.8 22.8 22.4 23.3 23.7 24.2 24.6 -
2014-6-16 5:00:0022.5 21.7 22.5 22.3 1,005.4 0 95 94 103 2.4 78 2.4 82 2.6 85 3.4 75 6.1 4223 3999 22.4 22.5 22.2 23.3 23.8 24.3 24.8 -
2014-6-16 4:00:0022.4 21.6 22.6 22.3 1,004.7 0.1 95 93 79 2.9 88 2.5 86 2.8 91 3.7 93 6.4 4613 4271 22.3 22.5 22.2 23.4 23.9 24.5 24.9 -
2014-6-16 3:00:0022.5 21.5 23 22.5 1,004.7 0 94 90 114 3.6 104 3 101 3 100 3.2 117 5.9 5041 4785 22.4 22.6 22.4 23.6 24 24.6 25.1 -
2014-6-16 2:00:0022.9 21.2 23.1 22.8 1,004.8 0 90 83 88 2.8 112 2.4 118 2.6 118 3.3 111 6.2 5930 5694 22.5 22.6 22.4 23.7 24.2 24.8 25.2 -
2014-6-16 1:00:0023.1 20.1 23.1 22.7 1,005.3 0 83 76 124 2.5 115 2.4 119 2.5 118 2.7 122 4.9 7946 7508 22.6 22.6 22.4 23.9 24.5 25.1 25.4 -
2014-6-16 00:00:0022.7 18.3 22.7 22.3 1,005.7 0 76 75 117 1.1 123 2 112 1.9 108 2.8 103 5 8819 7482 22.5 22.5 22.3 24.1 24.7 25.3 25.6 -
2014-6-15 23:00:0022.4 18.2 23.1 22.3 1006 0.1 77 72 91 3 106 2.7 102 2.3 72 3.1 88 5.2 7622 6937 22.6 23 22.5 24.4 25 25.6 25.8 -
2014-6-15 22:00:0022.5 18.9 23.4 22.4 1,006.9 0.2 80 77 90 4.5 90 2.9 92 2.3 54 2.6 90 4.5 8759 6334 23 23.4 23 24.8 25.4 25.9 26 -
2014-6-15 21:00:0023.4 19.3 24 23.4 1,007.1 0 78 75 65 2.6 52 3 54 2.7 69 2.8 82 4.4 9040 7181 23.3 24.1 23.3 25.3 25.8 26.2 26.2 -
2014-6-15 20:00:0024 20.3 24.5 24 1007 0 80 79 54 1.9 54 1.6 59 1.7 54 2.2 26 3.5 7488 6640 24.1 24.8 24.1 25.9 26.3 26.5 26.4 -
2014-6-15 19:00:0024.5 21.2 24.9 24.4 1,006.3 0 82 75 31 2.2 29 1.7 42 1.1 142 1.9 137 2.9 7390 6714 24.8 25.6 24.8 26.5 26.7 26.8 26.5 -
2014-6-15 18:00:0024.9 20.6 25.9 24.8 1,005.7 0 77 58 128 2.3 154 1.9 133 1.8 129 2.3 83 3.6 10236 8768 25.6 26.8 25.6 27.2 27.2 27 26.6 -
2014-6-15 17:00:0025.9 16.7 26.8 25.9 1,005.8 0 57 54 148 1.7 126 1.6 128 2.4 131 2.9 129 5.1 20062 9112 26.9 29.9 26.9 28 27.7 27.2 26.6 -
2014-6-15 16:00:0026.8 20.2 27.4 26.7 1,005.4 0 67 59 113 1.4 154 2 137 1.9 115 2.6 110 4.6 11256 9151 29.7 32.7 29.6 28.7 27.9 27.2 26.6 -
2014-6-15 15:00:0027.3 18.6 27.4 26.9 1,005.7 0 59 58 124 2.8 122 2.6 118 1.9 121 2.7 111 4.5 12780 6566 32.6 33.4 31 29.2 28 27 26.4 -
2014-6-15 14:00:0027.5 21.5 28 26.9 1,005.9 0 70 57 137 2.4 142 2.6 148 2.4 103 2.8 122 5 8442 5358 33.5 38.2 33.1 29.7 27.8 26.7 26.2 -
2014-6-15 13:00:0027 22 27.5 26.8 1,006.4 0 74 66 167 1.8 146 1.8 149 2 168 2.8 159 4.8 5345 4863 33.4 34.5 32.7 28.8 27.1 26.3 25.8 -
2014-6-15 12:00:0027.5 20.6 27.5 26.6 1,007.5 0 66 65 154 1.2 141 1.7 127 1.7 84 3.2 83 5.1 5027 4641 33.9 34.3 30.5 28.3 26.7 26.1 25.8 -
2014-6-15 11:00:0026.6 19.7 26.8 25.5 1,007.7 0 66 66 93 4.3 81 3.2 76 3 76 3 75 5.2 4980 3862 30.5 32 27.9 27.3 26.1 25.8 25.7 -
2014-6-15 10:00:0025.5 21.4 25.7 24.7 1008 0 78 77 100 2.9 90 2.7 93 2.2 65 2.6 65 4.1 3924 2905 27.8 28.7 26.8 26.5 25.8 25.6 25.7 -
2014-6-15 8:00:0024.8 23.4 24.9 24.6 1,008.5 0 92 89 29 2.5 41 2.4 47 1.7 19 2 10 3 2271 2240 26 26.5 25.8 25.7 25.5 25.6 25.8 -
2014-6-15 7:00:0024.6 23 24.6 23.7 1,007.5 0 91 91 114 0.6 91 0.7 110 0.7 110 0.7 112 1.2 2790 2522 25.9 26.1 24.6 25.4 25.3 25.6 25.9 -
2014-6-15 6:00:0023.7 22.7 23.7 23.3 1,006.8 0.1 94 93 54 0.5 66 0.4 47 0.4 92 1.1 95 1.9 2745 2104 24.6 24.6 23.7 25.1 25.4 25.8 26.1 -
2014-6-15 5:00:0023.4 22.4 23.7 23.3 1,006.7 0.1 94 92 105 0.8 104 0.7 70 0.7 151 1.7 152 2.9 2552 2092 23.8 24 23.7 25.1 25.5 26 26.2 -
2014-6-15 4:00:0023.7 22.5 24.1 23.6 1,006.9 0 93 88 122 1.1 120 0.7 88 1.1 50 1.5 42 2.3 2654 2472 23.9 24.3 23.9 25.4 25.8 26.3 26.5 -
2014-6-15 3:00:0024 22.1 24.3 24 1,006.7 0 89 86 115 0.7 119 1.1 107 1.2 100 1.2 119 1.8 3029 3029 24.2 24.5 24.1 25.7 26.1 26.5 26.7 -
2014-6-15 2:00:0024.2 22.1 24.5 24.2 1,006.8 0 88 85 117 0.7 86 0.9 81 1 50 1.6 48 2.4 3708 3581 24.4 24.6 24.4 25.9 26.3 26.7 26.9 -
2014-6-15 1:00:0024.5 21.8 25 24.5 1007 0 85 79 55 1.6 46 1.6 49 1.4 47 1.5 52 2.3 4215 4047 24.7 24.8 24.6 26.2 26.7 27.1 27.1 -
2014-6-15 00:00:0024.9 21.2 25.1 24.8 1,007.2 0 80 78 100 0.6 90 0.8 85 1.3 99 1.6 84 2.4 4834 4623 24.8 25 24.8 26.5 27.1 27.4 27.4 -
2014-6-14 23:00:0025.1 21.2 25.3 25 1,007.4 0 79 79 118 1.8 104 1.6 98 1.6 103 2.1 111 3.5 5174 4520 25 25.3 24.9 26.9 27.5 27.8 27.7 -
2014-6-14 22:00:0025.3 21.6 25.6 25.3 1,007.7 0 80 73 103 1.6 111 1.6 117 1.7 119 2.1 128 4.1 4992 4992 25.3 25.4 25.2 27.3 28 28.2 28 -
2014-6-14 21:00:0025.5 20.3 26.2 25.4 1,007.4 0 73 64 124 1.6 124 1.9 120 2 120 2.1 128 3.6 6768 6678 25.4 25.6 25.1 27.9 28.7 28.8 28.3 -
2014-6-14 20:00:0026.2 19.1 27.7 26 1,007.2 0 65 56 86 2.2 105 1.4 100 1.6 109 2.1 96 3.2 8332 5522 25.6 26.9 25.6 28.9 29.5 29.3 28.6 -
2014-6-14 19:00:0027.7 18.1 28.4 27.7 1,006.9 0 56 56 153 1.4 148 1.4 130 2 128 3.2 154 5.4 8555 6256 26.9 29.8 26.9 30.3 30.5 29.8 28.8 -
2014-6-14 18:00:0028.4 20.2 30.6 28.4 1,006.7 0 61 50 130 3.5 134 2.4 140 2 97 3.5 115 5.1 6897 5030 29.8 34.8 29.8 32 31.4 30.2 28.8 -
2014-6-14 17:00:0030.7 19.1 31.1 30.7 1,006.7 0 50 46 100 4.1 100 3.5 90 3.4 90 4.3 91 6.3 10480 7368 34.9 37.8 34.9 33.5 32.1 30.3 28.6 -
2014-6-14 16:00:0031 19.4 32.3 31 1,006.3 0 50 46 90 7.4 100 4.2 90 4.2 90 4.2 90 7.4 9451 6332 36.2 43.1 36.2 34.6 32.6 30.2 28.2 -
2014-6-14 15:00:0032.1 19.7 32.6 31.7 1,006.4 0 48 41 167 1.4 150 1.1 150 1.8 172 3 143 4.6 9260 6475 43.2 46 43.2 36 32.5 29.7 27.7 -
2014-6-14 14:00:0032.2 18.8 32.5 31.9 1,006.5 0 45 37 278 1.5 215 2 213 2.3 201 2.9 204 4.4 8316 7126 46.2 46.9 46 35.8 31.8 28.9 27 -
2014-6-14 12:00:0031.1 19.8 31.3 30.6 1,007.1 0 51 49 194 2.2 209 2.2 213 2.2 212 2.9 203 3.8 5346 4175 46.3 47.2 42.7 33.5 29.5 27.1 25.7 -
2014-6-14 11:00:0031.2 20.8 31.2 29.3 1,007.4 0 54 53 282 1.8 305 2.1 300 1.1 215 2.4 214 3.7 5097 4312 46.3 46.4 40.5 31.9 28 26 25.1 -
2014-6-14 10:00:0029.3 21 29.3 26.7 1,007.8 0 61 60 84 0.7 185 1.6 168 1.6 198 2.2 187 3.4 4377 2877 43.7 44.2 37 29.9 26.4 25.1 24.7 -
2014-6-14 8:00:0025.4 22.3 25.4 23.3 1,007.8 0 83 83 137 0.7 117 0.6 148 0.6 50 0.8 36 1.2 2352 1680 30.2 30.2 25.3 24.9 24.1 24.3 24.6 -
2014-6-14 7:00:0023.4 21.8 23.4 22.2 1,007.6 0 91 91 12 0.5 46 1 47 0.8 25 1.2 21 1.9 1647 1333 25.4 25.4 23 23.9 23.8 24.2 24.7 -
2014-6-14 6:00:0022.3 21.5 22.3 21.8 1,007.4 0 95 95 59 0.8 15 1.1 24 1.1 33 1.3 38 1.9 1359 1317 23 23 22.1 23.4 23.8 24.4 24.8 -
2014-6-14 5:00:0021.9 21.2 22 21.6 1,007.1 0 96 95 322 0.5 333 0.5 343 0.8 31 1.1 15 1.6 1402 1188 22.1 22.2 21.9 23.3 23.9 24.6 25 -
2014-6-14 4:00:0021.7 21.2 21.7 21.4 1,006.7 0 97 96 32 1.4 33 1 33 1.1 33 1.1 16 1.5 1286 1191 21.9 21.9 21.2 23.3 24 24.8 25.3 -
2014-6-14 3:00:0021.4 20.7 21.8 21.4 1,006.9 0 96 94 21 0.5 21 0.6 14 0.6 28 1.1 37 1.7 1251 1243 21.3 21.6 21.3 23.5 24.4 25.1 25.5 -
2014-6-14 2:00:0021.7 20.7 22 21.7 1,006.6 0 94 92 23 0.5 29 0.8 37 0.9 35 1.1 36 1.7 1450 1417 21.6 22 21.6 23.9 24.7 25.4 25.8 -
2014-6-14 1:00:0022 20.6 22.5 22 1,007.2 0 92 88 23 0.8 21 0.9 38 1.1 28 1.4 39 1.7 9372 4767 22 22.3 21.9 24.3 25.1 25.7 26 -
2014-6-14 00:00:0022.5 20.6 23.1 22.5 1,007.6 0 89 83 41 1.2 43 1.3 24 1.4 28 2 18 2.5 1915 1915 22.3 22.8 22.3 24.7 25.5 26.1 26.3 -
2014-6-13 23:00:0023.2 20 23.8 23.1 1,007.9 0 82 77 28 2.1 29 1.6 28 2 28 2 26 3 2722 2722 22.8 23.3 22.8 25.3 26 26.5 26.6 -
2014-6-13 22:00:0023.8 19.5 24.6 23.8 1,007.9 0 77 74 7 1 20 1.4 27 1.4 25 1.9 29 2.6 3778 3370 23.3 24.1 23.3 25.9 26.6 26.9 26.8 -
2014-6-13 21:00:0024.6 19.9 25.8 24.6 1,007.5 0 75 72 54 1.5 32 1.6 33 1.6 34 2.1 34 3.2 3450 3259 24.1 25.2 24.1 26.6 27.2 27.4 27.1 -
2014-6-13 20:00:0025.7 20.5 26.9 25.7 1,006.9 0 73 57 22 1.3 34 1.9 36 2.1 36 2.2 44 3.9 3352 3339 25.1 26 25.1 27.4 27.8 27.8 27.4 -
2014-6-13 19:00:0026.9 17.7 27.6 26.9 1,006.4 0 57 55 61 0.9 36 2 44 2 47 2.9 45 4.9 8162 7081 26 27.7 26 28.3 28.6 28.3 27.6 -
2014-6-13 18:00:0027.5 17.9 28.4 27.5 1,005.9 0 56 55 55 3.1 40 2.7 46 2.7 41 3.8 27 6.8 7042 4428 27.8 29.2 27.8 29.4 29.4 28.7 27.6 -
2014-6-13 17:00:0028.4 19.3 30.5 28.4 1,005.5 0 58 53 64 4.2 52 4.2 42 3.5 27 4.4 38 7.4 4564 4029 29.3 33 29.3 30.9 30.3 29 27.6 -
2014-6-13 16:00:0030.5 19.5 31.3 30.5 1,005.1 0 52 44 24 3.6 37 3.9 25 3.7 25 3.7 48 7.1 5632 5632 32.4 39.9 32.4 32.5 31 29.1 27.3 -
2014-6-13 15:00:0031.4 18.7 31.7 30.7 1,004.9 0 47 44 218 1.8 199 1.5 254 1.9 219 3.2 199 4.5 10341 8204 40 43.6 40 34.1 31.2 28.7 26.9 -
2014-6-13 14:00:0031.3 18.3 31.5 30.7 1,005.2 0 46 41 304 3.1 271 1.7 261 2 285 3.5 267 5.8 12085 7073 43.4 45 43.4 34.3 30.6 27.9 26.2 -
2014-6-13 13:00:0031.1 18.5 31.3 30.1 1,005.7 0 47 45 249 2.1 261 3 269 2.4 286 3.2 291 5.3 6997 6317 44.8 45.6 44.5 33.7 29.7 27.1 25.6 -
2014-6-13 12:00:0030.6 18.7 30.6 29.2 1,006.5 0 49 48 277 2.8 254 2.8 267 2.5 269 3.3 238 5.3 7553 5983 45.4 45.5 43.1 32.6 28.5 26.1 24.9 -
2014-6-13 11:00:0029.3 18.7 29.3 28 1,006.6 0 53 53 275 1.8 259 1.6 258 2 252 2.6 268 5.3 7329 5203 42.6 43.9 40.6 30.8 27 25.2 24.5 -
2014-6-13 9:00:0026 21 26 24.4 1,006.8 0 74 74 218 2.4 211 3.3 221 2.2 217 2.8 207 4.2 3689 2833 37.4 37.4 31.2 26.3 24.2 23.7 23.8 -
2014-6-13 8:00:0024.7 20.8 24.7 23.1 1,006.7 0 79 77 189 2.7 217 1.7 250 1.9 262 2.7 276 4.3 3481 2980 31.1 31.1 25.1 24.1 23.1 23.3 23.7 -
2014-6-13 7:00:0023 20.2 23.1 22.2 1,006.6 0 84 84 218 2.3 212 2.3 231 2.1 231 2.1 241 3.7 3021 2959 24.9 24.9 21.6 22.7 22.7 23.3 23.9 -
2014-6-13 6:00:0022.2 20.1 22.3 21.6 1,006.2 0 88 87 269 1.9 241 1.2 248 1.3 220 3.1 228 3.8 3377 3258 21.8 21.8 20 21.9 22.5 23.3 24 -
2014-6-13 5:00:0021.7 19.4 21.9 21.6 1,006.1 0 87 85 219 1.9 216 3.2 219 3 216 3.2 211 4.8 3482 3398 20.1 20.1 19.9 21.8 22.7 23.6 24.3 -
2014-6-13 4:00:0021.8 19.2 22.2 21.8 1006 0 85 83 219 5.5 224 3.3 218 2.8 219 3.4 219 5.5 3790 3790 20 20.1 20 22 22.9 23.9 24.5 -
2014-6-13 3:00:0022 19.4 22.2 19.5 1,005.9 0 85 76 188 3.4 210 2.9 221 2.4 231 2.6 220 4.5 4042 4042 20.1 20.1 19.6 22.2 23.2 24.2 24.8 -
2014-6-13 2:00:0019.4 17.7 19.7 19.4 1,005.9 0 90 89 217 2.1 211 1.7 207 1.8 207 1.8 218 3.2 6590 4996 19.6 20 19.6 22.4 23.6 24.6 25.1 -
2014-6-13 1:00:0019.5 18.2 20.1 19.4 1,006.1 0 92 85 115 0.6 106 0.7 117 0.7 117 0.7 113 0.9 5094 4954 19.9 20.3 19.9 22.9 24 24.9 25.4 -
2014-6-13 00:00:0020.1 17.5 20.5 20 1,006.3 0 85 84 4 0.3 13 0.3 0 0 31 0.6 28 0.8 5946 5200 20.3 20.8 20.3 23.4 24.5 25.4 25.7 -
2014-6-12 23:00:0020.5 17.7 21.2 20.4 1,006.9 0 84 79 80 0.1 69 0.1 68 0.2 155 1.3 154 1.6 5570 3767 20.7 21.4 20.7 24 25.1 25.9 26.1 -
2014-6-12 22:00:0021.2 17.6 22.1 21.2 1,006.9 0 80 72 159 1.4 169 1.1 180 1.3 181 1.3 55 1.8 6132 6132 21.3 22.1 21.3 24.7 25.7 26.4 26.4 -
2014-6-12 21:00:0022 17.2 22.9 22 1,006.7 0 74 71 68 0.5 64 0.7 55 0.9 60 1.4 68 2.3 7495 6771 22.1 23 22.1 25.5 26.4 26.9 26.7 -
2014-6-12 20:00:0022.8 17.5 23.9 22.8 1,005.9 0 72 66 44 1.3 48 1.2 60 1.3 43 2.4 64 3.9 7340 7028 23 24.2 23 26.4 27.3 27.4 27 -
2014-6-12 19:00:0024 17.3 25.3 23.9 1,005.4 0 66 60 73 2 45 1.6 44 2 43 3.4 45 6.7 8380 7575 24.2 27 24.2 27.7 28.3 27.9 27.2 -
2014-6-12 18:00:0025.1 17.1 26.5 25.1 1005 0 61 57 47 3.4 39 3.3 48 2.6 37 4.1 15 6.4 8853 8236 27.2 31.6 27.2 29.3 29.1 28.2 27.1 -
2014-6-12 17:00:0026.6 17.7 28.1 26.5 1,004.9 0 58 53 64 3.4 51 4 50 3.7 33 4.6 41 7.9 10476 9020 31.8 34.7 31.8 30.9 29.7 28.3 26.9 -
2014-6-12 16:00:0028.4 17.9 29.3 28.1 1,004.6 0 53 50 352 3.5 37 4.3 22 3.3 11 4 48 7.1 13360 9969 33.6 42.2 33 32 30.2 28.2 26.7 -
2014-6-12 15:00:0029.2 18.6 29.2 28.2 1,004.7 0 53 51 24 4.1 11 3.8 7 3.5 8 3.9 43 7.9 9847 9208 42.2 42.5 38.7 32.8 29.8 27.7 26.2 -
2014-6-12 14:00:0028.1 18.2 28.7 26.7 1005 0 55 52 302 3.6 318 3.2 8 3.3 347 3.5 15 7.1 11382 6867 40.3 43.4 35.6 32.4 29.2 27.1 25.8 -
2014-6-12 13:00:0026.6 18.7 27.5 26 1,005.3 0 62 56 317 2.4 300 2.3 284 2.5 293 3.2 308 5.7 7516 6379 38.6 46 37.7 31.9 28.7 26.6 25.3 -
2014-6-12 12:00:0027 18.6 27.6 26 1,005.8 0 60 56 354 1.5 322 1.5 341 3 19 3.4 349 5.4 8256 6746 38.7 44.4 35.9 30.7 27.9 25.8 24.7 -
2014-6-12 11:00:0027 18.3 27.1 26 1,006.1 0 59 57 353 2.6 344 2.9 353 2.7 349 4.1 354 6.8 8968 7054 42.6 45 39.8 30.5 26.7 24.9 24.2 -
2014-6-12 10:00:0026 18.9 26.2 24.6 1,006.1 0 65 63 328 1.2 7 1.7 342 2.5 350 3.5 13 6.7 7703 6902 41 41.5 32.8 28 25.2 24.1 23.9 -
2014-6-12 9:00:0024.7 19.1 24.8 23.6 1,006.2 0 71 69 334 3.6 326 2.8 356 3.4 7 3.9 356 6.3 8434 5893 35.1 36.2 29.9 25.9 24 23.5 23.7 -
2014-6-12 8:00:0023.6 19.3 23.6 22.2 1,006.5 0 77 77 353 2.8 333 3 343 2.8 348 3 349 5.7 6318 4436 29.6 29.7 25.1 24 23.1 23.3 23.7 -
2014-6-12 7:00:0022.1 19.6 22.1 20.2 1,006.3 0 86 86 8 1.1 328 1.4 350 1.7 353 2.8 356 4.4 4576 2640 25 25 21.4 22.6 22.6 23.2 23.8 -
2014-6-12 6:00:0020.1 19.6 20.2 19.5 1006 0 97 97 37 2.5 25 2.1 24 2.1 25 2.1 38 3 2837 2099 21.3 21.3 19.9 21.9 22.5 23.4 24 -
2014-6-12 5:00:0019.4 19.2 19.9 19.4 1,005.8 0 99 97 33 0.6 29 0.6 32 0.7 28 1.7 27 2.4 2386 2257 19.8 20.4 19.6 21.9 22.7 23.6 24.1 -
2014-6-12 4:00:0019.8 19.5 20.3 19.8 1,005.5 0 98 94 30 1.4 30 1.7 29 1.8 26 1.9 29 2.9 2795 2775 20.3 20.8 20.2 22.2 23 23.8 24.4 -
2014-6-12 3:00:0020.3 19.6 20.3 19.7 1,005.5 0 96 95 27 1.5 37 1.2 32 1.2 31 1.5 26 2.3 3889 3594 20.8 21.2 20.1 22.5 23.3 24.1 24.7 -
2014-6-12 2:00:0019.7 19.2 20 19.7 1,005.6 0 97 94 27 1.2 30 1.1 38 0.9 36 1.3 32 1.9 4402 4333 20.1 20.2 20.1 22.5 23.6 24.4 24.9 -
2014-6-12 1:00:0019.9 19.1 20.2 19.8 1,005.7 0 95 93 53 0.6 57 0.5 57 0.5 172 0.7 173 0.9 5186 4295 20.2 20.6 20.2 22.9 24 24.8 25.2 -
2014-6-12 00:00:0020.1 18.9 20.4 20.1 1,006.2 0 93 92 79 0.6 95 0.5 91 0.5 60 1.2 69 1.9 5796 5168 20.7 21.2 20.6 23.5 24.5 25.2 25.5 -
2014-6-11 23:00:0020.4 19.1 21.2 20.4 1,006.2 0 92 88 156 0.8 157 0.9 155 1.1 55 1.6 62 2.5 5392 5392 21.1 21.7 21.1 24 25 25.7 25.8 -
2014-6-11 22:00:0021.2 19 21.7 21.1 1,006.4 0 87 87 75 1.1 52 1.5 75 1.4 94 1.8 65 3.3 7786 6292 21.7 22.5 21.7 24.7 25.7 26.2 26.2 -
2014-6-11 21:00:0021.6 19.3 22.9 21.6 1,006.2 0 87 81 94 2 96 1.7 95 1.7 92 2.4 87 4.5 6932 6620 22.5 23.4 22.5 25.5 26.3 26.6 26.4 -
2014-6-11 20:00:0022.9 19.7 24 22.8 1,005.7 0 82 76 74 1.9 88 1.8 89 2.1 97 2.4 76 4.6 8737 8334 23.4 24.9 23.4 26.5 27.1 27.1 26.6 -
2014-6-11 19:00:0023.9 19.6 25.3 23.9 1,005.4 0 77 71 113 1.9 108 1.7 105 2.1 104 2.2 76 3.5 9908 9908 25 28.3 24.9 27.8 28 27.5 26.7 -
2014-6-11 18:00:0025.3 19.7 25.8 25.3 1005 0 71 70 219 1.2 195 1.1 155 1.5 176 2.4 171 3.6 14605 10724 28.3 30.7 28.3 29.2 28.6 27.7 26.7 -
2014-6-11 17:00:0025.8 20.1 27.5 25.8 1,004.7 0 71 59 186 1.9 181 2.8 178 2.3 178 2.3 186 3.7 14142 11528 30.6 35 30.6 30.3 29.1 27.8 26.5 -
2014-6-11 16:00:0026.7 19.1 27.7 26.2 1005 0 63 59 73 0.6 45 1.4 32 1.6 49 2.7 57 5.2 14199 12090 32.5 41.1 32.5 31.2 29.4 27.6 26.2 -
2014-6-11 15:00:0027.6 19.1 27.9 27.1 1,005.3 0 60 58 67 2.4 51 2.1 50 2 16 3.1 14 5.5 22095 10837 41.1 42.9 40 32.3 29.2 27.1 25.8 -
2014-6-11 14:00:0027.3 18.9 27.7 26.8 1006 0 60 58 14 1.7 15 3 13 2.7 34 3.6 29 6.2 13784 11360 39.9 43 37.3 31.5 28.6 26.6 25.3 -
2014-6-11 13:00:0026.9 19.8 27 26.1 1,006.3 0 65 62 61 1.9 47 1.5 53 2.6 50 2.8 66 5.6 23568 10541 42 42.8 36.3 30.7 27.7 25.8 24.8 -
2014-6-11 12:00:0026.7 19.8 26.8 25.3 1,006.8 0 66 65 75 1.6 67 2.1 42 1.9 104 2.8 113 5 15740 10586 42.1 44.1 34.5 29.6 26.8 25.1 24.4 -
2014-6-11 11:00:0025.9 19.5 26 24.7 1,006.9 0 68 67 97 3.4 113 2.5 100 2.8 71 3.3 60 6.1 13402 10390 40.7 43.4 33.6 28.6 25.6 24.4 24 -
2014-6-11 10:00:0024.8 19 25.1 23.4 1,007.1 0 70 70 53 1.1 79 2.3 81 2.7 74 3.1 71 5.9 12824 6912 36.2 38.5 28.3 26.5 24.5 23.9 23.9 -
2014-6-11 9:00:0023.4 20.3 23.4 22.9 1,007.3 0 83 81 30 2.7 56 3.2 54 2.6 57 2.6 60 4.2 8107 4484 28.5 28.6 26.4 24.5 23.7 23.6 23.7 -
2014-6-11 8:00:0023.2 20 23.4 21.6 1,007.1 0 82 81 68 1.3 54 2.1 57 2.7 45 3.2 40 5.1 8823 4579 27.7 28.8 24.2 23.9 23.1 23.3 23.7 -
2014-6-11 7:00:0021.6 20.8 21.6 20.4 1,006.9 0 95 95 12 1.6 49 1.6 45 1.5 52 2 45 3.2 4970 2645 24.4 24.7 21.4 22.7 22.8 23.4 23.9 -
2014-6-11 6:00:0020.3 20.3 20.4 20 1,006.4 0 100 99 44 1.4 24 2 21 1.8 21 1.8 26 3.2 3279 2268 21.5 21.5 20 22.1 22.8 23.5 24.1 -
2014-6-11 5:00:0020.1 20.1 20.4 20 1,005.9 0 100 99 76 0.9 66 0.7 60 0.4 37 0.9 39 1.6 2946 2171 20 21.2 20 22.3 23.1 23.9 24.3 -
2014-6-11 4:00:0020.3 20.1 20.4 20.1 1,005.8 0 99 98 30 0.8 26 0.7 34 1 47 1.2 63 1.8 2395 2141 20.8 20.8 20.3 22.5 23.3 24.1 24.6 -
2014-6-11 3:00:0020.3 20.3 20.7 20.3 1,005.8 0 100 97 23 1.1 46 1.2 68 1.1 42 1.4 84 2.1 2121 2121 20.4 21 20.4 22.8 23.7 24.4 24.8 -
2014-6-11 2:00:0020.7 20.2 21.3 20.6 1006 0 97 94 18 0.5 29 0.7 14 0.7 350 1.8 345 2.9 2646 2517 21 22.1 20.9 23.3 24.1 24.7 25 -
2014-6-11 1:00:0021.2 20.4 21.5 21.2 1,006.5 0 95 93 342 1.1 347 1.4 342 1.5 351 2 353 3.1 3400 3400 22.2 22.5 21.9 23.8 24.4 24.9 25.2 -
2014-6-11 00:00:0021.5 20.5 21.5 21.3 1,007.1 0 94 92 12 1.2 3 1.1 6 1.4 4 1.5 15 2.4 4462 4418 22.5 22.7 22.2 24 24.7 25.3 25.5 -
2014-6-10 23:00:0021.3 20.5 21.3 21 1,007.4 0 95 92 30 1 33 1.3 32 1.3 102 1.5 81 2.7 5186 5014 22.6 22.6 21.6 24.3 25 25.6 25.8 -
2014-6-10 22:00:0021.3 19.9 21.6 21.2 1,007.2 0 92 90 128 0.7 98 1.2 101 1.7 96 1.9 83 3.5 5852 5794 22.1 22.4 21.9 24.6 25.6 26.1 26.1 -
2014-6-10 21:00:0021.6 19.9 21.9 21.5 1,007.3 0 90 86 93 1 87 1.3 86 1.4 94 2.9 111 4.4 7319 6851 22.3 23.2 22.3 25.4 26.3 26.6 26.4 -
2014-6-10 20:00:0021.9 19.6 22.9 21.9 1,006.7 0 87 80 104 2.7 96 2.7 96 2.7 100 4 89 6.3 10937 9673 23.2 24.7 23.1 26.3 27 27.2 26.6 -
2014-6-10 19:00:0022.9 19.5 23.8 22.9 1,006.2 0 81 74 85 2.7 91 4.1 96 3 85 3.8 118 6.2 12379 10112 24.5 27 24.5 27.5 27.9 27.6 26.8 -
2014-6-10 18:00:0023.8 19.1 24.8 23.8 1,005.9 0 75 69 74 6.7 84 4.2 84 3.9 82 4.2 74 6.7 16840 11998 27 30.8 27 29 28.8 27.9 26.8 -
2014-6-10 17:00:0024.7 18.6 25.8 24.7 1,005.7 0 69 67 115 3.6 88 4.1 83 3.7 81 4.1 32 7.2 14432 11691 30.5 33.8 30.4 30.5 29.5 28.2 26.7 -
2014-6-10 16:00:0025.8 19.2 27.5 25.8 1,005.4 0 67 63 87 3.6 94 4 85 3.7 64 4.1 53 7.5 13939 11357 32 40.7 32 31.7 30 28 26.4 -
2014-6-10 15:00:0027.5 19.8 27.9 26.9 1,005.5 0 63 61 74 4.5 77 3.1 70 3.4 47 4.3 78 7.9 16484 11611 40.6 43.4 38.2 32.9 30 27.7 25.9 -
2014-6-10 14:00:0027.5 20.1 28.2 27.3 1,005.6 0 64 62 83 3.6 78 2.7 70 3.7 69 3.9 57 6.7 11715 10796 43.3 45.7 42.2 33.4 29.6 26.9 25.2 -
2014-6-10 13:00:0027.2 19.8 27.9 26.7 1006 0 64 63 83 1.7 67 2.5 72 3 74 3.4 63 7.5 13535 10278 44.5 46.6 41.4 32.8 28.6 26 24.6 -
2014-6-10 12:00:0026.8 19.9 27.1 25.7 1,006.4 0 66 65 49 1.6 52 2.5 74 2.8 92 3.1 112 5.6 13791 9992 45.4 45.6 42.9 31.4 27.1 24.9 23.9 -
2014-6-10 11:00:0025.8 20.1 25.8 24.6 1,006.9 0 71 71 87 4.2 82 3.2 92 2.5 78 3.1 66 5.2 13728 7669 42.9 43.4 35.9 28.9 25.3 23.9 23.5 -
2014-6-10 10:00:0024.9 20.4 24.9 22.7 1,006.9 0 76 76 48 3.3 79 2.7 70 2.2 91 3.7 86 6.1 6702 6702 39.7 39.7 28.3 26.1 23.8 23.3 23.4 -
2014-6-10 9:00:0022.7 20.2 22.7 22.2 1,007.1 0 86 85 104 1.5 87 2.9 90 2.8 85 4 80 6.5 7469 5395 28 28.3 26.9 24 23 23 23.3 -
2014-6-10 8:00:0022.2 19.9 22.2 20.8 1,006.6 0 87 87 109 1.4 82 2.8 76 3.1 61 3.8 71 6.1 5847 4247 27.1 27.1 21.9 22.7 22.5 22.9 23.4 -
2014-6-10 7:00:0020.8 20 20.8 20.2 1,006.7 0 95 94 39 3.1 53 2.6 55 3 56 3.2 54 5.9 4431 2844 21.9 21.9 20.9 22 22.4 23 23.4 -
2014-6-10 6:00:0020.3 19.6 20.3 20.1 1,006.6 0 96 94 35 1.4 55 1.6 60 1.5 57 1.8 63 3 2639 2363 20.9 20.9 20.5 21.9 22.5 23.2 23.7 -
2014-6-10 5:00:0020.2 19.4 20.4 20.1 1,006.1 0 95 93 42 1.2 62 1.3 64 1.6 83 2.2 99 3.7 5107 4757 20.5 20.7 20.5 22.1 22.7 23.4 23.8 -
2014-6-10 4:00:0020.1 19.4 20.4 20.1 1,005.7 0 96 94 110 2.2 94 1.3 93 1.5 100 2.1 106 3.7 5556 5146 20.7 20.9 20.7 22.3 23 23.6 24 -
2014-6-10 3:00:0020.2 19.4 20.7 20.2 1,005.8 0 95 92 96 1.9 100 1.8 95 1.9 96 2.2 92 4 5886 4791 20.8 21.4 20.8 22.6 23.2 23.8 24.2 -
2014-6-10 2:00:0020.7 19.5 21.2 20.6 1,005.8 0 93 89 110 1.2 98 1.5 77 1.2 113 2.3 113 4 7509 7068 21.4 21.8 21.4 23 23.5 24.1 24.4 -
2014-6-10 1:00:0021.2 19.3 21.6 21.1 1,005.8 0 89 86 100 1.7 110 2.2 114 2.3 128 2.5 167 4.9 7261 7059 21.6 22.2 21.5 23.3 23.9 24.4 24.6 -
2014-6-10 00:00:0021.6 19.3 21.7 21.4 1,006.5 0 87 86 101 1.6 133 2.2 128 2.4 130 3.5 122 6.5 9672 7183 22.1 22.6 22.1 23.6 24.2 24.6 24.8 -
2014-6-9 23:00:0021.5 19.6 21.8 21.5 1,006.8 0 89 87 119 2.3 104 2.1 104 2 107 3 121 4.9 7394 7313 22.6 22.8 22.3 24 24.5 24.9 25 -
2014-6-9 22:00:0021.8 19.7 21.9 21.8 1,007.2 0 88 87 128 3.7 113 2.6 104 3 107 3.1 121 5.1 7779 6943 22.8 23.2 22.7 24.4 24.9 25.2 25.2 -
2014-6-9 21:00:0021.8 19.7 22.1 21.8 1,006.8 0 88 87 139 1.6 105 3.4 105 3.1 116 3.5 103 5.8 7213 6657 23.1 23.5 23.1 24.8 25.3 25.6 25.4 -
2014-6-9 20:00:0022 19.9 22.4 22 1,006.4 0 88 86 92 4.4 119 3.4 118 3.5 92 3.7 79 6.4 6942 6826 23.3 24.4 23.3 25.4 25.9 25.9 25.6 -
2014-6-9 19:00:0022.5 20 23.1 22.4 1006 0 86 83 75 4.8 91 3.4 92 3.3 91 3.5 79 6.6 7222 7222 24.4 26.2 24.4 26.3 26.6 26.3 25.8 -
2014-6-9 18:00:0023 20.2 23.5 22.9 1,005.9 0 84 81 134 2.4 92 3.1 91 3.3 93 3.5 83 6.3 9341 8398 26.2 27.4 26.2 27.3 27.2 26.6 25.7 -
2014-6-9 17:00:0023.5 20.1 24.5 23.5 1,005.3 0 81 73 158 2 124 1.9 129 3.1 130 4.1 126 7 8965 8965 27.5 31.3 27.5 28.5 27.9 26.8 25.6 -
2014-6-9 16:00:0024.5 19.6 26 24.5 1,005.6 0 74 68 129 3 123 2.9 120 3.7 112 4.4 142 7.6 10472 9763 31.4 39.8 31.4 30.2 28.4 26.6 25.3 -
2014-6-9 15:00:0025.9 19.8 26.2 25.4 1,005.5 0 69 67 117 3.1 149 3.5 147 4.1 144 5 139 8.1 10562 8674 39.4 40.9 36.8 31 28.1 26.1 24.8 -
2014-6-9 14:00:0025.8 20.6 26.2 25.5 1,005.7 0 73 68 156 3.6 153 3.1 163 4.1 166 4.6 160 7.6 10543 8436 38.5 43.6 37.7 30.6 27.3 25.3 24.3 -
2014-6-9 13:00:0025.9 20.5 25.9 24.9 1,006.1 0 72 68 175 5 161 4.2 155 4 157 4.3 146 7.1 9656 8166 42.1 43 34.7 29.1 26.1 24.7 24 -
2014-6-9 12:00:0025 19.1 25.2 24.3 1007 0 70 68 154 2.8 146 3.5 123 3.7 141 4.3 125 7.5 11040 7495 35.2 37.1 33.6 27.8 25.3 24.1 23.7 -
2014-6-9 11:00:0024.5 19.1 24.7 23.7 1,007.4 0 72 71 139 3.3 131 3.2 134 3 128 4.2 131 6.6 8670 7289 35 36.1 31.4 26.5 24.3 23.5 23.4 -
2014-6-9 10:00:0024 19.5 24 22.7 1,007.1 0 76 76 122 5 142 3.8 129 3.2 135 4 139 6.9 8803 7183 33.8 34.4 26.9 24.9 23.5 23.2 23.3 -
2014-6-9 9:00:0022.8 19.6 22.9 22.3 1,007.3 0 82 81 157 2.8 122 4 134 4 134 4 131 7.4 8093 5874 27.2 27.4 25.2 23.7 22.9 22.9 23.3 -
2014-6-9 8:00:0022.4 19.8 22.4 21.6 1,006.7 0 85 82 135 1.4 133 2.3 138 2.8 133 3.6 129 6.9 6106 4898 25.3 25.3 23.1 22.9 22.4 22.8 23.2 -
2014-6-9 7:00:0021.5 19.6 21.6 20.2 1,006.5 0 89 89 140 2 114 2.5 115 2.5 117 2.7 119 4.9 5130 3549 23.2 23.4 21.1 22.1 22.1 22.8 23.3 -
2014-6-9 6:00:0020.1 19.6 20.2 19.6 1,006.2 0 97 96 129 2.1 102 1.8 101 2 104 2.1 135 3.7 3719 3147 21.2 21.2 19.5 21.4 22.1 22.9 23.5 -
2014-6-9 5:00:0019.6 19.3 20 19.5 1,006.1 0 98 95 93 3.2 99 1.9 98 1.7 98 1.9 103 3.3 3622 3104 19.5 19.8 19.4 21.5 22.4 23.2 23.8 -
2014-6-9 4:00:0019.9 19.1 20.4 19.9 1,005.7 0 95 92 120 1.3 100 1.8 91 1.4 82 1.8 75 3 4350 3999 19.8 20.4 19.8 21.9 22.7 23.5 24 -
2014-6-9 3:00:0020.3 19.1 20.5 20.3 1,005.4 0 93 91 103 2 91 1.6 91 1.6 116 2.1 111 4 6037 5765 20.3 20.5 20.1 22.1 22.9 23.7 24.2 -
2014-6-9 2:00:0020.4 19.1 21.2 20.4 1,005.4 0 92 87 121 1.4 116 1.9 114 1.9 126 2.6 126 4.5 6955 6788 20.2 20.6 20.2 22.4 23.2 24 24.4 -
2014-6-9 1:00:0021.2 18.8 21.4 21.2 1,005.8 0 86 85 125 2.3 132 2.7 126 2.8 139 3.5 133 6.5 9767 8129 20.5 21.3 20.5 22.9 23.7 24.4 24.7 -
2014-6-9 00:00:0021.4 19.3 21.7 21.3 1006 0 88 87 120 2.5 147 2.8 135 3.3 135 3.6 156 6.8 8416 7448 21.2 21.9 21.2 23.4 24.1 24.7 24.9 -
2014-6-8 23:00:0021.7 19.6 22 21.7 1,006.6 0 88 84 143 3.7 147 2.5 131 3.2 125 3.8 136 6.4 7886 7368 21.8 22.7 21.8 23.8 24.5 25 25.2 -
2014-6-8 22:00:0021.7 19.8 21.7 21.5 1,006.7 0 89 89 113 3.7 112 3.1 116 2.5 116 2.5 107 4.5 7618 7052 22.5 22.5 22.1 24.2 24.9 25.4 25.4 -
2014-6-8 21:00:0021.6 19.9 22.3 21.6 1,006.6 0 90 86 64 1.6 104 2.3 107 2.4 110 3.4 125 5.3 7739 6998 22.3 23.3 22.2 24.8 25.5 25.8 25.6 -
2014-6-8 20:00:0022.3 19.8 23.1 22.3 1,005.9 0 86 84 107 3 120 3.7 112 3.2 118 3.9 85 6.7 7246 6808 23.3 24.4 23.3 25.7 26.2 26.3 25.9 -
2014-6-8 19:00:0023.1 20.2 24.1 23.1 1,005.3 0 84 78 97 3.1 112 3.4 119 3.6 110 3.9 119 7.5 7532 7154 24.5 27.3 24.4 26.7 26.9 26.5 25.9 -
2014-6-8 18:00:0024.2 20.1 24.9 24.2 1,004.6 0 78 77 107 3.8 107 4.3 112 4 112 4 114 6.9 11476 8343 27.4 29.5 27.3 27.9 27.5 26.8 26 -
2014-6-8 17:00:0024.7 20.4 25.2 24.7 1,004.7 0 77 76 138 4.2 140 3.6 131 3.3 139 3.7 141 6.4 10989 9029 29.6 31.6 29.5 28.8 27.9 26.8 25.9 -
2014-6-8 16:00:0025.1 21 26.3 25.1 1,004.7 0 78 72 117 3.1 150 2.3 144 3.5 144 3.9 138 6.6 11313 7856 31.5 34.9 31.4 29.6 28.1 26.7 25.6 -
2014-6-8 15:00:0026.3 20.8 26.6 26 1,004.7 0 72 71 90 2 110 2.6 109 2.5 142 3.4 136 5.8 12069 7857 34.9 37.1 34.9 30.3 28 26.4 25.3 -
2014-6-8 14:00:0026 21.2 26.4 25.2 1,004.7 0 75 75 160 3.8 149 2.5 142 3.2 127 3.5 128 5.8 9376 7442 36.6 39.5 35.4 30.1 27.6 26 25 -
2014-6-8 13:00:0025.7 21.6 26.1 25.1 1,005.1 0 78 77 133 2.7 169 3.5 162 3.4 175 4.1 175 7.1 8465 1447 37 38.7 35.2 29.6 27 25.5 24.7 -
2014-6-8 12:00:0025.3 21.2 25.7 25.2 1,005.2 0 78 76 157 1.7 156 2.5 156 2.9 173 4.1 184 6.5 7687 6484 36.1 39.3 34.4 28.7 26.2 24.9 24.3 -
2014-6-8 11:00:0025.6 21.5 25.7 24.5 1,005.7 0 78 78 154 3.6 148 3.5 164 3.1 135 3.2 182 6.2 6623 4901 37.5 38.9 31.8 27.4 25.2 24.4 24.1 -
2014-6-8 10:00:0024.7 22 24.7 23.7 1,005.7 0 85 85 177 2.3 166 2.2 154 2.6 137 3.2 132 6.3 6012 5117 32 32 28 25.6 24.5 24.1 24.1 -
2014-6-8 9:00:0023.7 21.4 23.9 23.4 1,005.1 0 87 87 145 4.3 142 3.4 143 3 143 3 140 5.4 6256 3909 27.8 27.9 26.3 24.9 24.1 23.9 24 -
2014-6-8 8:00:0023.5 21.8 23.6 22.7 1,005.2 0 90 90 105 1.2 116 1.4 125 1.8 105 2.5 95 4 4260 3188 27.5 27.5 25 24.4 23.7 23.8 24 -
2014-6-8 7:00:0022.7 21.9 22.7 21.7 1,004.8 0 95 95 121 0.9 93 1.9 97 1.9 98 1.9 86 3.3 3257 2493 24.9 24.9 22.5 23.5 23.4 23.8 24.1 -
2014-6-8 6:00:0021.8 21.3 21.8 21.4 1,004.3 0 97 97 118 2 115 1.6 112 1.3 91 1.8 85 3.5 2687 2471 22.5 22.6 21.6 23.1 23.5 24 24.4 -
2014-6-8 5:00:0021.4 21.2 21.6 21.4 1,004.1 0 99 98 95 1.9 101 1.6 103 1.5 105 2.1 118 3.3 2524 2375 21.7 22 21.6 23.1 23.7 24.2 24.5 -
2014-6-8 4:00:0021.6 21.4 21.8 21.6 1,004.2 0 99 98 91 1.9 90 1.9 97 1.3 86 2 106 3.5 2514 2334 22 22 21.8 23.3 23.9 24.4 24.7 -
2014-6-8 3:00:0021.8 21.5 22.1 21.8 1004 0 98 97 79 1.7 83 1.2 80 0.8 102 2 98 3.1 2833 2580 21.9 22.3 21.9 23.6 24.2 24.7 24.9 -
2014-6-8 2:00:0022.1 21.6 22.5 22.1 1,004.1 0 97 96 111 1.3 104 1.5 98 1.2 96 1.2 78 2 3215 3100 22.3 23 22.2 23.9 24.5 25 25.2 -
2014-6-8 1:00:0022.3 21.8 22.5 22.3 1,004.3 0 97 97 150 0 146 0.2 135 0.4 121 2.1 126 3.4 3870 3482 22.9 22.9 22.5 24.2 24.8 25.3 25.4 -
2014-6-8 00:00:0022.4 22.1 22.4 22.2 1,003.9 0 98 96 126 2.4 144 1.4 131 1.9 124 2.3 125 4.3 4040 3435 22.7 23 22.6 24.6 25.2 25.7 25.7 -
2014-6-7 23:00:0022.3 22 22.7 22.3 1,003.9 0 98 95 123 2.3 133 2.6 121 1.9 117 2.7 114 4.3 3856 3539 23 23.5 23 25 25.7 26 25.9 -
2014-6-7 22:00:0022.6 21.8 23.1 22.6 1004 0 95 92 135 1.8 142 1.7 125 1.9 128 2.8 104 5.1 4283 4230 23.4 24 23.4 25.6 26.3 26.5 26.2 -
2014-6-7 21:00:0023.1 21.7 23.7 23.1 1,003.6 0 92 90 118 3.5 132 3.6 131 2.6 131 2.6 151 5.1 5563 4257 24 24.7 24 26.4 26.9 27 26.5 -
2014-6-7 20:00:0023.8 22.1 24.6 23.7 1,003.2 0 90 81 141 1.7 116 2.7 118 2.5 123 2.9 113 5.8 4683 4683 24.7 25.9 24.6 27.3 27.7 27.5 26.7 -
2014-6-7 19:00:0024.6 21.1 25.8 24.6 1,002.4 0 81 79 116 3.5 115 2.1 116 2.7 104 3.6 98 6.1 6744 6248 25.9 28.7 25.9 28.6 28.7 28 26.9 -
2014-6-7 18:00:0025.7 22.2 26.9 25.7 1,001.8 0 81 76 139 2.2 142 2.5 136 3 143 3.9 140 6.1 7219 6722 28.7 32.4 28.7 30.2 29.5 28.3 26.8 -
2014-6-7 17:00:0026.9 22.3 27.9 26.9 1,001.3 0 76 73 152 4.4 143 3.7 145 3.7 151 3.7 133 6.6 7012 6983 32.5 35.9 32.5 31.7 30.2 28.4 26.7 -
2014-6-7 16:00:0027.9 22.6 28.6 27.6 1,001.3 0 73 65 161 4.3 153 2.7 156 3.2 160 3.5 159 5.6 7973 6770 35.6 40.8 35.2 32.7 30.6 28.3 26.4 -
2014-6-7 15:00:0028.6 21.9 28.8 28.3 1,001.3 0 67 66 143 3.2 142 2.7 160 2.6 168 3.4 176 5.2 7881 6622 40.8 43.2 40.8 33.9 30.6 27.9 25.9 -
2014-6-7 14:00:0028.3 21.3 28.7 28 1,001.6 0 66 62 174 5 177 4 169 3.2 179 4 176 6 7981 5737 43.3 45.4 43.3 33.9 30 27.1 25.2 -
2014-6-7 13:00:0028.5 22.5 28.5 27.7 1002 0 70 70 187 5.1 182 3.9 174 3.1 180 3.2 187 5.1 6479 5327 45.4 45.7 44.6 33.5 29.1 26.2 24.6 -
2014-6-7 12:00:0027.7 22.9 27.8 26.6 1,002.8 0 75 72 177 2 177 2.7 175 3 182 3.6 187 4.9 6339 5524 44.8 45.7 38.2 32 27.6 25.2 23.9 -
2014-6-7 11:00:0027.1 22.3 27.1 26.2 1,003.2 0 75 74 181 2.1 198 2.6 193 2.9 194 2.9 221 4.3 6930 5580 43.1 43.8 38.5 30.3 26.2 24.2 23.4 -
2014-6-7 10:00:0026.2 22.1 26.3 24.8 1,003.5 0 78 78 158 1 167 1.5 145 1.4 146 2.9 122 4.2 5682 5434 37.8 40.1 34.2 27.9 24.7 23.5 23.1 -
2014-6-7 9:00:0024.9 21.8 25.1 23.9 1,003.5 0 83 82 156 2.6 150 2.4 142 2.9 142 2.9 142 4.7 6101 5445 34.8 35.6 30.5 25.7 23.6 22.9 22.8 -
2014-6-7 8:00:0024 21.5 24 22.8 1,003.9 0 86 86 113 2.5 117 2.1 135 2.6 136 2.9 130 4.7 7225 3373 30.6 30.6 25.5 23.8 22.6 22.6 22.8 -
2014-6-7 7:00:0022.7 21.5 22.7 20.9 1,003.7 0 93 93 133 1.8 136 1.9 123 1.3 103 2 106 3 3480 2382 25.4 25.5 21.3 22.3 22.1 22.4 22.8 -
2014-6-7 6:00:0020.8 20.5 20.9 20.5 1,003.4 0 98 97 113 1.3 102 1.2 101 1.2 101 1.7 106 2.5 2372 2281 21.3 21.5 20.8 21.7 22 22.5 22.9 -
2014-6-7 5:00:0020.5 20.2 20.6 20.4 1,003.2 0 98 97 86 1.4 100 1.6 98 1.4 101 1.7 88 2.7 2393 2364 21 21 20.6 21.7 22.1 22.7 23.1 -
2014-6-7 4:00:0020.5 20 20.8 20.4 1,003.2 0 97 95 93 2.4 104 1.6 98 1.6 98 1.6 107 3 2686 2649 20.6 20.7 20.3 21.8 22.3 22.9 23.3 -
2014-6-7 3:00:0020.7 20.2 21.2 20.7 1003 0 97 94 110 1.9 107 1.6 103 1.5 93 1.8 142 3.3 2962 2861 20.5 20.8 20.5 21.9 22.5 23.1 23.5 -
2014-6-7 2:00:0021.1 20.3 21.2 20.9 1,003.5 0 95 93 100 0.8 134 1.7 125 1.8 137 2.5 128 5.2 3983 3857 20.6 20.7 20.4 22.1 22.8 23.4 23.7 -
2014-6-7 1:00:0021 19.8 21 20.5 1,003.6 0 93 93 135 3.2 123 3 123 2.4 119 2.4 124 4.5 4423 3817 20.8 20.8 20.7 22.4 23.1 23.7 24 -
2014-6-7 00:00:0020.5 19.7 20.6 20.3 1004 0 95 95 126 2.1 122 2.1 123 1.9 113 1.9 97 3.8 3951 2743 20.7 21.1 20.7 22.8 23.5 24 24.2 -
2014-6-6 23:00:0020.3 19.6 20.7 20.3 1,004.3 0 96 93 134 1.3 105 1.6 101 1.7 101 2 123 3.7 2846 2654 21 21.5 21 23.2 23.9 24.4 24.4 -
2014-6-6 22:00:0020.7 19.7 21.1 20.6 1,004.8 0 94 91 106 1.7 111 1.8 107 2 99 2.3 93 3.9 3089 3029 21.4 22 21.4 23.8 24.5 24.9 24.7 -
2014-6-6 21:00:0021.1 19.6 21.6 21 1,004.5 0 91 90 129 1.6 100 2.1 101 2 119 3.1 112 6.1 3504 3463 21.9 22.8 21.9 24.5 25.1 25.3 25 -
2014-6-6 20:00:0021.6 20.1 22.4 21.6 1,004.2 0 91 87 105 5.4 117 3.1 121 2.6 129 2.6 105 5.4 3527 3431 22.8 24.1 22.8 25.4 25.8 25.7 25.1 -
2014-6-6 19:00:0022.4 20.3 23.8 22.4 1,003.7 0 88 82 157 2.1 134 2.3 131 2.4 114 3 93 5.3 5191 4534 24.1 26.8 24.1 26.6 26.6 26 25.2 -
2014-6-6 18:00:0023.9 20.6 25.3 23.9 1,003.3 0 82 75 97 2.7 115 3 116 2.6 149 3.2 142 5.1 6667 6283 26.9 30.8 26.9 28 27.3 26.2 25.1 -
2014-6-6 17:00:0025.2 20.5 25.7 25.1 1,003.1 0 75 75 200 2.4 150 2.3 136 2.3 137 3.2 121 5.4 8066 6544 30.7 34.5 30.7 29.2 27.7 26.2 24.9 -
2014-6-6 16:00:0025.6 21.1 25.8 25.3 1,003.3 0 76 76 133 2.7 142 2.7 151 2.8 166 4.2 176 6.5 7348 7061 34.1 37.8 32.9 29.8 27.7 25.9 24.6 -
2014-6-6 15:00:0025.4 21.1 25.6 24.4 1,003.6 0 77 76 157 3.2 160 3.7 165 3.6 158 4.3 169 7.3 8427 7263 36.5 39.7 33.2 29.9 27.3 25.5 24.4 -
2014-6-6 14:00:0024.4 20.7 25.5 24.3 1,004.1 0 80 77 170 4.6 160 3.3 158 4.3 159 4.5 146 7.3 7734 6541 32.8 39.3 30.9 29.3 26.8 25.2 24 -
2014-6-6 13:00:0024.4 21.1 25.5 24.2 1,004.7 0 82 78 179 3.9 166 3.7 165 3.7 163 4.1 161 6.6 6840 5341 32.7 38.7 31.8 29.1 26.8 24.8 23.5 -
2014-6-6 12:00:0025 21.3 25.5 24.6 1,004.8 0 80 78 191 3.6 186 3.5 185 3.5 192 3.6 180 5.2 5774 5426 36.5 42.3 35.2 29.6 26.3 24.1 23 -
2014-6-6 11:00:0024.9 21.6 25.5 23.7 1,005.3 0 82 80 188 2.4 194 3.2 196 3.4 194 3.5 195 5.1 5952 4420 40.6 42.9 31 28.7 25 23.2 22.5 -
2014-6-6 10:00:0023.7 21 25.9 23.7 1,005.5 0 85 70 171 1.2 179 3 189 2.9 181 3.1 175 5.4 5091 4295 31.1 38.4 31.1 26.9 23.9 22.5 22.1 -
2014-6-6 9:00:0025.9 20.5 25.9 23.5 1,005.1 0 72 72 112 3.3 108 1.8 102 1.7 102 1.7 112 3.3 6932 3634 37.5 37.7 29.8 25 22.5 21.8 21.8 -
2014-6-6 8:00:0023.5 20.4 23.6 21.9 1,005.4 0 83 83 69 0.9 67 1.1 50 1 80 2 62 2.8 4684 3475 30.1 30.2 25.2 22.5 21.4 21.3 21.7 -
2014-6-6 7:00:0021.9 20.2 21.9 19.3 1,005.4 0 90 90 91 1.8 84 1.1 87 1.7 88 1.9 92 2.6 3620 2332 25.2 25.2 20.5 21 20.8 21.3 21.8 -
2014-6-6 5:00:0018.5 18.5 18.8 18.3 1,005.3 0 100 98 63 0.8 51 0.7 53 0.7 61 1 53 1.2 2254 2060 18.2 18.7 18.1 20.1 20.9 21.7 22.2 -
2014-6-6 4:00:0018.7 18.5 19.4 18.7 1,004.7 0 99 98 86 0.7 70 0.6 60 1 49 1.5 49 2.6 2297 2297 18.7 19 18.6 20.5 21.1 21.9 22.3 -
2014-6-6 3:00:0019.3 19.1 19.9 19.3 1,004.7 0 99 95 349 0.7 357 0.6 1 0.5 139 1 203 1.3 4600 4550 18.9 19.2 18.9 20.7 21.4 22.1 22.6 -
2014-6-6 2:00:0019.9 19.1 20.3 19.9 1,004.7 0 95 94 148 0.9 150 1 136 1 153 1.9 156 3.2 4788 4788 19.2 19.5 19.1 21 21.7 22.4 22.7 -
2014-6-6 1:00:0020 19.5 20 19.6 1005 0 97 95 152 3.2 150 2 156 1.8 156 1.8 152 3.2 7046 4680 19.5 19.6 19.3 21.3 22.1 22.7 23 -
2014-6-6 00:00:0020 19.3 20.7 19.9 1,005.6 0 96 92 107 0.7 105 0.8 99 0.7 91 1.5 93 2.3 6571 6194 19.6 20.2 19.6 21.8 22.4 23 23.2 -
2014-6-5 23:00:0020.7 19.4 20.9 20.7 1,005.9 0 92 92 85 1.1 101 0.8 100 1 157 1.8 145 3.1 12454 6614 20.2 20.8 20.2 22.2 22.8 23.2 23.3 -
2014-6-5 22:00:0020.9 20.1 21.4 20.9 1,005.8 0 95 92 128 0.9 138 1.3 135 1.2 140 2 128 3.6 7290 6786 20.7 21.3 20.7 22.8 23.3 23.6 23.5 -
2014-6-5 21:00:0021.4 20.4 21.5 21.2 1,005.7 0 94 92 126 1.6 144 2 146 2.1 149 2.2 151 3.9 13022 8431 21.4 22.1 21.3 23.4 23.8 23.9 23.7 -
2014-6-5 20:00:0021.4 20.2 22.3 21.4 1005 0 93 86 149 2.6 148 1.7 147 1.8 147 1.8 152 4 8932 8008 22.1 23.3 22.1 24.2 24.4 24.2 23.7 -
2014-6-5 19:00:0022.3 19.8 23.7 22.3 1,004.9 0 86 81 113 1.5 125 1.4 132 1.5 131 2.2 139 3.4 9489 8459 23.3 26.5 23.3 25.3 25.1 24.5 23.7 -
2014-6-5 18:00:0023.7 20.2 24.9 23.7 1,004.3 0 81 73 156 2 159 1.1 157 1.6 149 2.2 159 3.9 10703 7891 26.6 29.3 26.6 26.5 25.5 24.4 23.5 -
2014-6-5 17:00:0025 19.4 25.3 24.3 1,004.2 0 71 68 142 4.2 157 2.5 95 1.7 200 2.4 142 4.2 8577 6015 29.3 33.2 29 27.3 25.6 24.2 23.3 -
2014-6-5 16:00:0024.4 20.3 25.1 24.2 1,004.4 0 78 71 215 2.5 220 2.3 218 2.3 194 2.7 207 4.3 6665 5419 32.4 33.4 30.8 27.2 25.2 23.9 23 -
2014-6-5 15:00:0024.6 19.7 24.9 24.1 1,004.7 0 74 73 62 1.3 75 0.8 72 1.5 69 2.4 59 4.2 8563 6139 32.7 35.1 31.7 27.1 24.7 23.3 22.7 -
2014-6-5 13:00:0023 19.4 23.4 23 1,005.4 0 80 76 202 1.5 205 1.3 221 0.9 55 1.5 64 2.8 6968 5677 28 29 27.7 24.8 23.4 22.5 22.1 -
2014-6-5 12:00:0023.4 18.9 23.8 22.5 1,005.7 0 76 75 66 0.7 44 0.8 46 1.1 9 2.3 12 4.1 5681 5681 29.1 31 28.2 24.7 22.9 22.2 21.9 -
2014-6-5 11:00:0022.5 19.1 23.2 22.5 1006 0 81 77 60 2.5 61 2.2 50 2.2 7 2.2 312 4.2 6919 5965 28.4 30.2 26.7 23.8 22.4 21.8 21.7 -
2014-6-5 10:00:0022.5 18.9 22.6 21.4 1,006.3 0 80 79 35 1.7 341 2.1 345 1.6 353 2 1 3.7 11793 7226 26.6 28 24.5 22.9 21.7 21.5 21.6 -
2014-6-5 9:00:0021.4 18.8 21.5 20.9 1006 0 85 84 315 1.2 323 1.3 355 1.6 340 1.9 353 3.3 13031 7288 24.4 24.4 23 21.9 21.3 21.3 21.6 -
2014-6-5 8:00:0020.8 18.7 20.8 20.2 1,005.5 0 88 88 354 1.9 340 1.4 333 1.5 345 2.1 288 3.1 10048 7843 22.9 22.9 21.2 21.3 21.1 21.3 21.6 -
2014-6-5 7:00:0020.3 18.4 20.3 19.7 1,005.7 0 89 89 1 2.8 332 2.2 336 1.8 336 1.8 345 3.3 9458 6679 21.3 21.3 20.3 20.9 20.9 21.3 21.7 -
2014-6-5 6:00:0019.8 18.1 19.8 19.4 1005 0 90 90 327 1.5 325 1.5 321 1.1 356 1.3 352 2.1 10448 3921 20.4 20.4 19.9 20.7 20.9 21.4 21.8 -
2014-6-5 5:00:0019.5 18.2 19.6 19.2 1,004.3 0 92 91 349 1 358 1.2 355 1.4 331 1.5 343 2.5 8386 6439 19.9 20 19.1 20.7 21 21.5 21.9 -
2014-6-5 4:00:0019.5 18.2 19.8 19.5 1,003.5 0 92 91 329 1.3 13 0.6 27 1.1 41 2.6 41 4.3 8080 4836 20 20.3 20 20.8 21.1 21.5 21.9 -
2014-6-5 3:00:0019.9 19.1 20 19.8 1,003.8 0 95 93 5 1.7 22 2.6 29 1.9 323 2.6 308 3.9 5526 5032 20.2 20.4 20.2 21 21.3 21.7 22.1 -
2014-6-5 2:00:0019.9 18.9 20.1 19.9 1,003.9 0 94 92 322 3.1 326 2.2 323 2.5 323 2.5 315 3.9 6879 3578 20.3 20.4 20.2 21 21.4 21.8 22.2 -
2014-6-5 1:00:0020 19 20.1 19.9 1,004.4 0 94 92 332 3.8 331 2.6 333 1.9 323 2.1 332 3.8 5924 5374 20.3 20.4 20.3 21.1 21.5 21.9 22.2 -
2014-6-5 00:00:0019.9 18.7 19.9 19.6 1,004.6 0 93 92 330 1.6 324 1.5 337 1.9 349 2.3 349 3.7 7503 6447 20.3 20.4 19.8 21.2 21.6 22.2 22.4 -
2014-6-4 23:00:0019.6 18.6 19.9 19.4 1005 0 94 91 341 3.4 338 2.3 349 2.3 356 2.6 5 4.4 7510 5917 19.9 19.9 19.4 21.2 21.9 22.4 22.6 -
2014-6-4 22:00:0019.9 18.4 20.5 19.8 1,005.1 0 91 87 7 2.9 6 2.4 6 2.6 3 2.8 354 4.6 7659 6149 19.7 20.3 19.6 21.7 22.3 22.7 22.8 -
2014-6-4 21:00:0020.5 18.4 21.6 20.5 1,004.7 0 88 82 331 2.9 346 2.3 351 2.6 8 3.4 351 5.7 10465 7054 20.3 21.6 20.3 22.3 22.8 23 22.9 -
2014-6-4 20:00:0021.6 18.6 22.2 21.5 1,004.3 0 83 81 10 3.2 22 3.4 20 3 8 3.5 355 6.2 14676 8186 21.6 22.6 21.5 23.1 23.3 23.2 23 -
2014-6-4 19:00:0022.2 18.8 23.4 22.2 1,003.9 0 81 75 20 1.9 5 2.3 3 2.7 358 3.9 354 6.7 18240 9374 22.6 24.4 22.6 23.7 23.7 23.4 22.9 -
2014-6-4 18:00:0023.4 18.7 24.4 23.4 1,003.2 0 75 69 4 3.6 349 3.9 358 4 350 4.5 351 7.8 10135 3173 24.5 27.2 24.5 24.7 24.1 23.4 22.9 -
2014-6-4 17:00:0024.1 18.7 25 24 1,002.8 0 72 67 8 2.1 352 3.6 352 3.4 349 4.6 359 7.6 9677 7070 26.6 30.2 26.3 25.3 24.2 23.3 22.6 -
2014-6-4 16:00:0024.7 18.4 25.1 24.1 1,002.8 0 68 65 332 3.6 328 2.1 337 3.1 325 4.3 348 7.2 18223 8191 29.3 31.6 28 25.5 24 23.1 22.5 -
2014-6-4 15:00:0024.7 17.9 24.7 23.4 1,002.8 0 66 66 285 2.6 331 3.9 335 3.2 312 4.1 339 6.2 14988 10271 30.2 31.4 28.1 25.2 23.6 22.8 22.3 -
2014-6-4 14:00:0023.4 18.3 23.4 22 1,003.3 0 73 73 317 3.7 318 3.2 316 2.8 348 4.5 334 7.7 21916 7732 29.2 29.2 25 24.5 23.4 22.6 22 -
2014-6-4 13:00:0022.9 18 24.4 22.9 1,003.3 0 74 69 333 4.6 348 4.2 355 4.2 352 4.6 8 7.8 8497 4810 26.8 36.6 26.8 25.4 23.1 22 21.7 -
2014-6-4 12:00:0023.6 18.7 23.7 21.2 1004 0 74 73 8 4.2 355 3 335 3.5 321 4.4 307 8.1 8860 6378 34.3 36.1 23.7 23.7 22.1 21.6 21.5 -
2014-6-4 11:00:0021.6 18 22.6 21.5 1,004.6 0 80 77 321 3.7 306 3.3 318 3.3 322 4.5 357 7.3 8002 6506 24.7 29.5 24.7 23.1 21.9 21.4 21.3 -
2014-6-4 10:00:0021.7 17.9 22 21.2 1,004.3 0 79 77 331 5.8 319 3.8 332 4 320 4.4 320 7.3 9271 6126 26.3 29.6 24 22.4 21.4 21.1 21.1 -
2014-6-4 9:00:0021.8 18 21.9 21.4 1,004.1 0 79 77 349 3.5 348 4.7 335 4.1 344 4.3 353 7.9 7484 5260 26.6 27.2 24.3 22 20.9 20.7 20.9 -
2014-6-4 8:00:0021.7 17.9 21.7 20.7 1,003.9 0 79 77 329 2.7 339 3.6 346 3.7 336 4.1 355 6.4 6786 5759 25.6 25.7 22.2 21.2 20.4 20.5 21 -
2014-6-4 7:00:0020.6 17.6 20.6 20 1,003.8 0 83 82 332 2.7 327 2.1 312 3 309 3.5 307 6.6 5932 4767 22 22 19.9 20.1 19.9 20.4 20.9 -
2014-6-4 6:00:0020 17.2 20 19.8 1,003.6 0 84 83 293 2.7 316 2.5 316 2.4 301 3.6 289 6.8 5214 5032 19.8 19.8 18.7 19.5 19.8 20.4 21 -
2014-6-4 5:00:0019.9 16.9 20 19.8 1,003.4 0 83 82 296 3.7 302 3.4 303 3.1 300 3.3 302 5.6 5516 5041 18.7 18.8 18.7 19.5 19.9 20.5 21.1 -
2014-6-4 4:00:0020 17 20 19.9 1,003.2 0 83 82 291 2.4 298 2.9 299 2.8 308 3.9 311 6.3 5196 4740 18.7 18.8 18.6 19.5 20 20.6 21.3 -
2014-6-4 3:00:0019.9 17.1 20.1 19.8 1,003.2 0 84 83 323 1.9 304 3.3 307 3.4 301 4.6 309 7.9 5086 4796 18.6 18.6 18 19.5 20 20.7 21.3 -
2014-6-4 2:00:0019.8 17.2 20.2 19.7 1,003.3 0 85 85 285 2.2 295 3.3 297 3.3 291 3.8 283 8.1 5310 3656 18.2 18.7 18 19.5 20.2 20.9 21.5 -
2014-6-4 1:00:0020 17.8 20.2 19.7 1,003.7 0 87 85 296 3.3 293 3.2 290 3.3 290 3.4 295 6.5 4484 4046 18.7 18.8 18.2 19.7 20.3 21 21.5 -
2014-6-4 00:00:0020.2 17.8 20.3 20 1,003.9 0 86 84 294 4.3 288 3.2 285 3 285 3.2 283 6.3 4785 4379 18.8 19.1 18.6 20 20.6 21.2 21.7 -
2014-6-3 23:00:0020.1 17.1 20.2 19.9 1,004.3 0 83 81 253 1.6 286 2.6 295 2.7 296 3.2 307 6.3 6051 5751 18.6 19.4 18.6 20.2 20.8 21.4 21.8 -
2014-6-3 22:00:0020.1 16.7 20.1 19.8 1,004.4 0 81 81 299 2.8 295 3 296 3.1 300 4 287 6.8 6446 5595 19.4 19.6 19.4 20.5 21 21.5 21.9 -
2014-6-3 21:00:0019.9 17.1 20 19.8 1,004.5 0 84 83 312 3.6 298 2.7 294 2.9 294 3.4 304 5.5 6247 5986 19.6 20 19.6 20.8 21.2 21.7 22 -
2014-6-3 20:00:0020 17 20 19.9 1,004.3 0 83 83 300 2.9 295 2.5 307 2.5 321 3.7 335 5.9 7006 6329 20 20.3 19.9 21.1 21.4 21.8 22.1 -
2014-6-3 19:00:0019.9 17.3 20.4 19.9 1,004.1 0 85 84 312 4 324 3.5 324 3.3 332 3.4 322 6.3 7590 5630 20.3 21.2 20.3 21.4 21.6 21.9 22.1 -
2014-6-3 18:00:0020.4 17.6 20.4 19.9 1,003.5 0 84 83 310 1.9 333 2.9 332 2.9 331 4.9 322 8.4 6767 4807 21.2 21.5 20.9 21.7 21.8 22 22.2 -
2014-6-3 17:00:0020 17.8 21.3 20 1,003.2 0 87 79 343 5.4 315 5.9 335 4.4 353 4.8 310 10.2 4406 3813 21.1 23.1 21.1 22 21.9 22 22.1 -
2014-6-3 16:00:0020.9 17.7 21.9 20.7 1,003.1 0 82 75 292 3.6 302 2.7 310 2.8 318 5.3 301 10.4 9506 7296 23.1 24.1 21.8 22.2 22 22 22.1 -
2014-6-3 15:00:0021.8 17.4 21.9 21.4 1,003.2 0 76 74 263 4.9 319 4.5 303 3.4 314 3.9 322 6.8 11362 8247 24 24.1 22.3 22.3 22 22 22.1 -
2014-6-3 14:00:0021.6 17.6 21.9 21.4 1,003.1 0 78 74 322 3.3 325 2.2 319 3.1 301 4.4 306 7.1 11511 11140 23.4 24.2 22.4 22.1 21.9 21.9 22.1 -
2014-6-3 13:00:0021.7 17.1 21.7 21.2 1,003.1 0 75 75 300 3 309 3.6 304 3.8 299 4.6 291 7.8 12313 9863 23.9 23.9 22 22.1 21.8 21.9 22.1 -
2014-6-3 12:00:0021.5 17.3 21.6 21.3 1,003.2 0 77 74 302 5.4 296 5.3 293 4.1 294 5.2 303 9.1 12054 9696 22.8 24.2 22.6 22.2 21.9 21.9 22 -
2014-6-3 11:00:0021.5 17.1 21.5 21 1,003.4 0 76 76 295 4.9 288 5.5 291 4.8 293 5.3 308 9.1 11112 8002 23.9 24 22.5 22.1 21.8 21.8 22 -
2014-6-3 10:00:0021.1 17.3 21.5 21 1,003.4 0 79 76 298 9.1 298 5.6 289 4.8 289 4.9 298 9.1 9265 7463 23.5 25.7 23 22.2 21.6 21.7 21.9 -
2014-6-3 9:00:0021 17.4 21.4 20.6 1,003.2 0 80 77 305 5.6 289 4.6 299 3.9 304 5.2 291 9.6 8157 7036 23.1 24.5 22.1 21.7 21.4 21.5 21.8 -
2014-6-3 8:00:0021.3 17.3 21.5 20.5 1,003.2 0 78 77 296 9.3 297 5.3 300 4.6 298 5.2 296 9.3 9543 7433 24.5 25 22.2 21.6 21 21.3 21.8 -
2014-6-3 7:00:0020.5 17.1 20.5 19.9 1,003.2 0 81 81 281 3.6 300 5.7 297 4.9 297 4.9 290 9.3 7848 5667 22.2 22.2 19.7 20.6 20.8 21.4 21.9 -
2014-6-3 6:00:0019.9 17.1 20 19.6 1,003.2 0 84 83 284 4.4 293 3.5 301 4 306 4.5 301 7.7 6293 5842 19.7 19.7 19.2 20.3 20.8 21.4 22 -
2014-6-3 5:00:0019.8 17 19.8 19.6 1,003.2 0 84 83 317 2 317 2.7 316 3 307 4.7 310 7.9 7468 7457 19.3 19.4 19.2 20.3 20.9 21.6 22.2 -
2014-6-3 4:00:0019.7 16.7 19.9 19.7 1,002.9 0 83 82 285 4.7 309 3.5 308 4.8 305 5.5 315 9.2 9709 7522 19.3 19.5 19.2 20.4 21 21.8 22.3 -
2014-6-3 3:00:0019.8 17 19.9 19.7 1003 0 84 82 308 5.8 307 4.1 302 3.9 296 4.2 332 7.2 10515 6912 19.4 19.6 19.4 20.6 21.2 21.9 22.5 -
2014-6-3 2:00:0019.8 17 20 19.7 1,003.2 0 84 80 305 2 303 3.5 303 3.7 303 4.8 308 7.3 14065 11358 19.5 19.6 19.4 20.7 21.4 22.1 22.6 -
2014-6-3 1:00:0019.9 16.7 20.2 19.9 1,003.3 0 82 79 292 3.5 306 5 304 4.9 304 4.9 302 8.2 11097 11097 19.5 19.8 19.5 21 21.6 22.3 22.8 -
2014-6-3 00:00:0020 16.2 20.1 19.6 1,003.8 0 79 77 312 3.6 301 2.6 302 3.5 304 4.6 308 7.5 18048 18048 19.8 19.8 19.6 21.2 21.8 22.5 22.9 -
2014-6-2 23:00:0019.7 15.6 20.2 19.7 1,004.2 0 77 77 318 3.4 297 3.9 299 4 310 5.1 333 9.3 49892 17177 19.8 20.4 19.8 21.6 22.2 22.8 23.1 -
2014-6-2 22:00:0020.3 16.9 20.4 20.2 1004 0 81 81 319 3.3 313 3.7 314 3.3 306 4.2 323 7 21406 13831 20.4 20.7 20.3 21.9 22.5 23 23.3 -
2014-6-2 21:00:0020.4 18 20.6 20.2 1,003.4 0 86 85 318 7.1 306 3.7 305 3.7 305 5.3 304 9.4 15360 4256 20.6 21.2 20.6 22.3 22.8 23.2 23.5 -
2014-6-2 20:00:0020.2 19.4 20.7 20.2 1,002.5 0.2 95 91 314 3.7 302 4.6 301 4.2 302 4.8 309 8.4 5282 2665 21.1 21.5 21.1 22.7 23.1 23.5 23.5 -
2014-6-2 19:00:0020.8 19.3 22 20.8 1,001.6 0 91 79 309 4.3 304 4.1 303 4.5 285 5.3 301 9.8 3635 2628 21.4 22.3 21.3 23.1 23.5 23.7 23.7 -
2014-6-2 18:00:0022.1 18.1 22.8 22.1 1,001.5 0 78 76 284 3.9 289 5.7 285 5.3 301 6 301 11.5 9088 5909 22.2 24.1 22.2 23.8 24 23.9 23.7 -
2014-6-2 17:00:0022.8 18.6 23.7 22.8 1,001.3 0 77 73 311 2.6 295 4.9 297 5.5 295 6.5 309 10.3 10409 7135 24.1 27 24.1 24.6 24.3 24 23.7 -
2014-6-2 16:00:0023.6 18.7 23.8 23.3 1001 0 74 73 292 8.7 297 5.5 293 6 292 6.1 288 10.6 7745 6371 26.8 27 24.7 25 24.5 24 23.6 -
2014-6-2 15:00:0023.6 18.9 25.5 23.6 1,000.8 0 75 71 302 5.3 296 5.3 298 5.5 299 5.9 293 10.4 8509 6542 24.8 32.4 24.8 25.7 24.8 23.9 23.4 -
2014-6-2 14:00:0025.6 19.7 25.9 24.6 1,000.3 0 70 70 249 4.5 276 5 272 5.4 270 5.9 280 9.3 8809 6686 32.9 35.6 30.4 26.5 24.4 23.5 23.2 -
2014-6-2 13:00:0024.6 20.5 24.6 23.7 1,000.6 0 78 77 256 5.3 266 6.1 270 5.6 269 5.6 271 8.9 8006 5264 30.6 30.6 26.4 25.1 23.7 23.2 23 -
2014-6-2 12:00:0024 20.5 24.7 22.4 1,000.8 0 81 79 265 5.3 279 4.2 281 3.9 269 5.4 269 8.6 5644 3408 27.8 31.9 23.4 24.8 23.2 22.9 22.9 -
2014-6-2 11:00:0022.5 21 23 22.4 1,001.1 0 91 89 288 4.4 284 2.8 277 3.9 267 5.5 285 9.1 3416 3187 23.5 25.1 23.5 23.3 22.9 22.8 22.9 -
2014-6-2 10:00:0022.8 21.1 22.9 22.3 1,000.8 0 90 90 251 5.1 267 3.6 269 3.9 265 4.9 263 8 4869 2911 25.1 25.1 23.3 23.2 22.7 22.7 22.8 -
2014-6-2 9:00:0022.5 21.5 22.8 22.5 1,000.7 0 94 91 287 4.7 270 3.4 271 3.9 273 5.1 281 8.8 4059 2978 23.5 23.5 22.9 22.8 22.5 22.6 22.8 -
2014-6-2 8:00:0022.6 21.2 23.3 22.5 1,000.7 0 92 89 272 3.4 278 2.9 275 4.2 271 5 256 8.3 3511 2983 22.9 23 22.6 22.7 22.5 22.7 22.9 -
2014-6-2 7:00:0023.3 21.6 23.5 23.3 1,000.4 0 90 89 290 4.3 275 4.6 274 4.2 269 5.5 244 9.1 4735 3274 23 23.3 22.8 22.7 22.4 22.6 22.8 -
2014-6-2 6:00:0023.4 21.8 23.4 23.1 999.9 0 91 91 240 2.9 260 4.1 267 3.6 262 4 254 6.5 3368 3174 23 23 21.8 22.3 22.3 22.7 23 -
2014-6-2 5:00:0023 22 23.2 23 999.5 0 94 92 266 2.8 272 3 271 3.5 269 3.8 282 6.5 3756 2740 21.8 21.8 21.3 22.2 22.4 22.7 23 -
2014-6-2 4:00:0023.1 22.8 23.3 23 999.1 0 98 98 271 4.2 270 3.7 270 3.7 270 3.7 279 6.2 3217 1740 21.8 22.5 21.8 22.5 22.6 22.8 23 -
2014-6-2 3:00:0023.1 22.9 23.1 22.9 999.1 0 99 99 239 2.2 226 1.9 235 2.1 226 2.6 228 4.6 1848 1829 22.4 22.5 22 22.6 22.6 22.9 23.1 -
2014-6-2 2:00:0022.9 22.9 23 22.9 999 0 100 99 203 2.6 221 2.2 227 2.7 225 3 231 5.2 2070 2070 22.2 22.7 22.2 22.7 22.6 22.8 23 -
2014-6-2 1:00:0023 22.8 23 22.8 999.3 0 99 99 190 1.7 202 2.7 204 2.8 211 2.9 209 4.3 2698 2698 22.5 22.7 22.5 22.8 22.7 22.9 23.2 -
2014-6-2 00:00:0022.8 22.6 22.9 22.7 999.8 0.1 99 98 197 1.8 206 2.2 202 2.3 199 3.2 198 4.7 3304 2757 22.5 22.6 22.4 22.7 22.7 22.9 23.1 -
2014-6-1 23:00:0022.7 22.5 22.8 22.6 1000 0 99 97 193 2.2 175 2.8 172 3 163 3.3 139 6.1 5359 5210 22.5 22.5 22.4 22.7 22.7 23 23.2 -
2014-6-1 22:00:0022.7 22.4 22.7 22.6 1,000.4 0 98 96 165 2 164 3.4 160 3.2 165 4.5 164 7.4 6729 6178 22.4 22.5 22.4 22.7 22.8 23 23.2 -
2014-6-1 21:00:0022.7 22 22.7 22.5 1,000.5 0 96 96 173 3.4 165 4.6 163 4.3 156 4.4 131 7.9 10095 8457 22.4 22.6 22.4 22.8 22.8 23.1 23.3 -
2014-6-1 20:00:0022.6 22.3 22.6 22.3 1,000.3 0 98 97 149 3.1 161 4.5 158 4 154 5.1 163 8.6 8272 7238 22.5 22.6 22.5 22.9 22.9 23.2 23.3 -
2014-6-1 19:00:0022.4 22.1 22.4 22.2 1,000.2 0 98 96 167 2.6 168 4.2 162 4.6 156 5.1 149 8.5 8374 7504 22.5 23 22.5 23 23 23.2 23.4 -
2014-6-1 18:00:0022.2 21.9 22.3 22 1000 0 98 96 153 4.4 156 5.4 155 4.8 154 5.8 141 10.4 30378 21164 22.9 23.8 22.9 23.2 23 23.1 23.3 -
2014-6-1 17:00:0022 21.8 22.3 21.8 1,000.6 0 99 97 125 4.5 152 5.1 151 5.1 149 5.7 150 11.1 25571 10044 23.8 24.4 23.2 23.2 22.9 23.1 23.4 -
2014-6-1 16:00:0022.2 22 22.2 21.7 1,001.3 1.2 99 99 173 3.7 145 4.5 148 5.6 148 5.7 151 10.8 10933 4715 24.4 24.4 22.4 22.9 22.8 23.1 23.4 -
2014-6-1 15:00:0021.7 21.7 21.7 21.2 1,002.3 8.3 100 99 154 3.7 162 4 161 4.2 154 4.7 143 8.2 5878 1087 22.5 22.5 21.8 22.6 22.8 23.2 23.5 -
2014-6-1 14:00:0021.4 21.4 22 21.3 1,002.8 4.4 100 97 189 6.6 153 4.9 155 4.6 135 6 122 12.1 2036 476 21.9 22.5 21.7 22.8 23 23.4 23.6 -
2014-6-1 13:00:0021.9 21.7 22.2 21.9 1003 1.1 99 96 153 8.2 143 5.2 147 4.9 147 6.5 131 11 9705 2332 22.5 22.9 22.3 23 23.1 23.3 23.6 -
2014-6-1 12:00:0022 21.7 22.3 21.9 1,003.5 1.8 98 95 181 4.1 152 7.1 151 6.1 153 6.4 142 11.6 11173 539 22.9 23.4 22.5 23.1 23.2 23.4 23.7 -
2014-6-1 11:00:0022.4 21.4 22.4 21.9 1,004.2 0.1 94 94 145 6.4 155 6.5 153 6 144 6.3 159 11.3 9417 5774 23 23.4 22.8 23.2 23.2 23.4 23.7 -
2014-6-1 10:00:0022.2 21.4 22.2 21.9 1,004.9 0 95 95 139 3.3 144 4.7 148 5 150 6.3 143 10.9 7329 5431 23.3 23.3 22.5 23.1 23.1 23.5 23.8 -
2014-6-1 9:00:0022 21.2 22.1 21.8 1,005.2 0 95 94 150 5.2 148 6.1 153 5.5 149 6.1 124 11.2 7799 5462 22.6 23 22.5 23 23.1 23.5 23.9 -
2014-6-1 8:00:0021.9 21.2 21.9 21.6 1,005.5 0 96 94 158 5 155 4.2 151 5.1 146 6.5 117 11.5 7308 6739 22.6 22.7 22.1 22.8 23.1 23.6 24 -
2014-6-1 7:00:0021.5 20.8 21.6 21.2 1,005.8 0.1 96 95 143 5.3 152 5.7 149 5.3 144 5.7 148 11.1 8752 3913 22.2 22.3 21.6 22.8 23.2 23.7 24.1 -
2014-6-1 6:00:0021.3 20.5 22.1 21.3 1,006.1 2 95 89 118 8.2 135 5.5 139 5.1 139 5.1 142 11 4632 1216 21.6 22.1 21.4 22.9 23.4 23.9 24.3 -
2014-6-1 5:00:0022 20.1 22.3 22 1,006.3 0 89 88 163 3.5 141 4.2 141 4.6 149 5 141 8.3 10004 8837 22 22.2 22 23.1 23.5 24.1 24.4 -
2014-6-1 4:00:0022.2 20.1 22.5 22.2 1,006.7 0 88 86 158 2.4 148 4.7 149 5.2 146 5.5 154 9.5 9616 9616 22.1 22.3 22.1 23.2 23.7 24.3 24.6 -
2014-6-1 3:00:0022.4 20.1 22.7 22.4 1,007.4 0 87 86 154 6 149 5.1 153 5 154 5.3 161 9.3 13749 11230 22.3 22.4 22.3 23.4 23.9 24.5 24.7 -
2014-6-1 2:00:0022.7 20.2 22.7 22.3 1,007.6 0 86 86 178 6.4 157 4.5 155 4.5 155 4.5 154 8.5 16877 6357 22.3 22.6 22.2 23.6 24.1 24.7 25 -
2014-6-1 1:00:0022.4 20.9 22.5 22.3 1,008.3 0 91 89 142 5.8 140 3.4 145 3.5 141 4.2 152 8.2 7519 7472 22.4 22.5 22.3 23.8 24.4 24.9 25.2 -
