2014-7-1 1:00:0022.1 19.5 22.2 22.1 1,009.6 0 85 85 84 1.7 101 1 99 0.8 73 1 86 2.2 5884 5717 21.3 21.5 21.3 21.8 22.5 23 23.3 -
2014-7-1 00:00:0022.2 19.6 22.3 22.2 1,010.2 0 85 85 336 0.7 46 0.4 48 0.5 102 1 87 2.7 5505 5534 21.4 21.5 21.4 21.9 22.6 23.1 23.4 -
2014-6-30 23:00:0022.3 19.7 22.5 22.3 1,010.5 0 85 83 321 1 300 0.6 303 0.6 99 1.1 126 2.9 5549 5689 21.5 21.7 21.5 21.9 22.8 23.3 23.5 -
2014-6-30 22:00:0022.5 19.5 22.6 22.5 1011 0 83 83 302 1.7 308 0.7 299 0.9 92 0.9 97 2.8 5570 5286 21.7 21.8 21.6 22.1 23 23.4 23.6 -
2014-6-30 21:00:0022.6 19.8 22.6 22.5 1,010.7 0 84 84 103 1.6 68 0.7 93 0.9 93 1 215 2.3 4893 4667 21.8 21.9 21.8 22.3 23.2 23.6 23.7 -
2014-6-30 20:00:0022.6 19.8 23 22.6 1,010.5 0 84 81 41 1.9 19 0.6 356 0.6 88 1.2 105 2.9 3827 3852 21.8 22.2 21.8 22.6 23.5 23.8 23.8 -
2014-6-30 19:00:0023 19.6 23.4 23 1,009.9 0 81 78 73 1.8 47 0.9 44 0.8 272 1.3 17 3.6 3530 3573 22.2 23.3 22.2 23.1 23.9 24 23.9 -
2014-6-30 18:00:0023.4 19.3 23.7 23.4 1,009.7 0 78 73 58 1.5 38 1 266 1.5 267 1.6 256 3.7 4015 3970 23.3 23.3 22.6 23.5 24.2 24.2 24 -
2014-6-30 17:00:0023.7 18.8 24.9 23.7 1,009.5 0 74 63 337 1.6 339 1.1 46 1 96 1.3 88 3.5 5162 5287 22.5 24.2 22.5 23.9 24.6 24.5 24.1 -
2014-6-30 16:00:0024.9 17.4 26.2 24.9 1,009.6 0 63 50 90 1.9 70 1.1 58 0.9 295 1.5 235 4.1 7890 8225 24.2 26.1 24.2 24.6 25.1 24.6 24.1 -
2014-6-30 15:00:0026.2 15 27.2 26.2 1,009.5 0 50 49 77 1.8 90 1.5 92 1.3 273 1.8 276 3.9 20810 19497 26.1 29.3 25.8 25.8 25.6 24.6 24 -
2014-6-30 14:00:0027.2 15.6 27.3 27 1,009.9 0 49 46 91 2.1 88 1.5 81 1.1 108 2 127 3.8 15359 16860 28.4 31.6 28 27.2 25.7 24.4 23.8 -
2014-6-30 13:00:0027.3 14.7 27.3 26.8 1,009.7 0 46 44 53 1.7 17 0.9 79 1.2 282 2.2 286 4 18754 18180 29.5 33.1 28.9 27.5 25.5 24.1 23.6 -
2014-6-30 12:00:0027.1 15.2 27.1 25.4 1,010.1 0 48 46 308 2.7 320 1.4 264 1.6 272 1.7 258 3.5 19358 19958 32.7 33.5 28.1 27.1 24.5 23.6 23.4 -
2014-6-30 11:00:0025.3 17 25.3 24 1,010.2 0 60 59 240 1.1 252 0.9 241 0.7 270 2 276 3.4 15286 14671 29.4 30.5 24.2 25 23.8 23.5 23.4 -
2014-6-30 10:00:0024 15.8 24 23.1 1,010.1 0 60 60 271 2.7 276 2.2 274 1.7 270 1.7 284 3.5 14187 17130 24.4 25.7 24.4 24 23.6 23.4 23.4 -
2014-6-30 9:00:0023 20 23.2 22.9 1,009.6 0 83 83 305 1.9 288 1.2 305 0.9 325 1.2 248 2.8 5046 4446 24.8 24.8 23.6 23.7 23.4 23.3 23.4 -
2014-6-30 8:00:0023.3 22.3 23.3 23.1 1,009.9 0.4 94 93 356 0.3 7 0.3 53 0.6 230 0.9 256 2 2828 2490 23.5 23.6 22.8 23.3 23.2 23.3 23.4 -
2014-6-30 7:00:0023.1 22.1 23.3 23.1 1,009.8 0.3 94 91 112 1.5 99 0.7 9 0.6 286 0.6 326 1.6 2758 2334 23 23 22.5 23 23.2 23.3 23.4 -
2014-6-30 6:00:0023.3 21.9 23.4 23.2 1,009.6 0.2 92 90 8 0.3 - 0.2 344 0.4 72 0.8 127 2.4 2108 2528 22.5 22.6 22.3 22.8 23.2 23.4 23.5 -
2014-6-30 5:00:0023.2 21.5 23.4 23.2 1,008.8 0 90 90 101 0.8 86 0.7 58 0.6 101 0.7 71 1.5 3658 3421 22.6 22.6 22.5 22.9 23.3 23.5 23.5 -
2014-6-30 4:00:0023.4 21.7 23.8 23.4 1,009.1 0.1 90 86 67 0.5 71 0.4 92 0.5 89 0.6 75 1.3 3544 3651 22.5 22.6 22.5 23 23.4 23.5 23.6 -
2014-6-30 3:00:0023.8 21.3 24 23.8 1,008.8 0 86 83 36 0.3 - 0.2 82 0.5 78 0.8 86 1.7 4090 4211 22.5 22.8 22.5 23.1 23.5 23.6 23.7 -
2014-6-30 2:00:0023.9 20.8 24.3 23.9 1,008.6 0 83 81 274 0.8 - 0.2 296 0.3 78 0.7 81 1.3 4357 4608 22.7 23 22.7 23.1 23.5 23.7 23.8 -
2014-6-30 1:00:0024.3 21 24.4 24.3 1,007.9 0 82 79 91 1 101 0.8 103 0.5 289 0.8 290 2 4865 4936 23 23.3 23 23.2 23.7 23.8 23.9 -
2014-6-30 00:00:0024.4 20.7 24.6 24.4 1,008.2 0 80 78 303 1.1 319 0.8 355 0.6 100 0.8 262 1.9 4867 4890 23.1 23.4 23.1 23.3 23.8 24 24 -
2014-6-29 23:00:0024.7 20.8 24.8 24.7 1,008.6 0 79 75 335 1 0 0.6 10 0.4 94 0.9 123 4 4140 4074 23.3 23.5 23.2 23.4 24 24.1 24.1 -
2014-6-29 22:00:0024.8 20.1 25 24.8 1,008.7 0 75 74 105 1.4 66 0.9 17 0.5 18 1.1 255 2.6 4910 5037 23.4 23.6 23.4 23.7 24.2 24.3 24.2 -
2014-6-29 21:00:0025 20.9 25.5 25 1,008.5 0 78 74 126 0.9 122 0.8 91 0.8 103 1.2 85 2.2 3456 3302 23.5 23.9 23.4 23.9 24.6 24.6 24.3 -
2014-6-29 20:00:0025.5 20.5 26.7 25.5 1,007.6 0 74 69 112 1.5 118 0.9 106 1.2 103 1.4 96 2.8 5069 5348 23.9 24.4 23.9 24.5 25 24.8 24.4 -
2014-6-29 19:00:0026.7 20.3 27.8 26.7 1007 0 68 66 31 1.1 39 0.7 76 0.8 103 1.1 97 3 5657 4456 24.5 25.7 24.5 25.2 25.5 25 24.4 -
2014-6-29 18:00:0027.8 20.9 28.7 27.8 1,006.4 0 66 61 83 1.1 93 0.7 75 0.8 85 1.1 92 2.3 5209 5350 25.6 27.6 25.6 26 25.9 25.2 24.4 -
2014-6-29 17:00:0028.7 20.4 29.1 28.7 1,006.2 0 61 57 304 1.8 300 1.2 334 0.7 278 1.7 270 3.4 3577 3668 27.7 29.4 27.7 26.8 26.3 25.2 24.3 -
2014-6-29 16:00:0029.1 20.3 29.5 29.1 1,006.3 0 59 57 275 2.2 273 1.2 292 1.2 84 1.6 78 3.7 3644 3600 28.9 30.6 28.8 27.5 26.5 25.2 24.2 -
2014-6-29 15:00:0029.4 20.3 29.4 29 1,006.3 0 58 57 344 1.3 340 0.7 277 1 268 1.7 280 3.8 3588 3397 30.5 31.6 30.1 28.2 26.6 25 24 -
2014-6-29 14:00:0029.3 20.2 29.3 28.6 1,006.8 0 58 57 261 2.3 264 1.6 255 1.3 273 2 268 3.8 3185 3272 31.6 33.7 30.8 28.7 26.4 24.7 23.7 -
2014-6-29 13:00:0028.6 20.3 28.7 28.3 1,007.1 0 61 58 314 1.8 291 0.8 126 1.2 280 2.2 275 3.9 3260 3200 31.1 34.1 30.6 28.6 26.1 24.2 23.4 -
2014-6-29 12:00:0028.4 20.2 28.4 26.8 1,007.4 0 61 60 302 1.9 307 1.5 293 1.4 271 1.9 292 3.4 3330 3671 34.1 35.5 30.7 28.3 25.2 23.7 23.2 -
2014-6-29 11:00:0026.8 19.9 26.8 25.9 1,007.7 0 66 65 266 1.4 276 0.7 332 0.9 195 1.4 111 2.9 5283 5168 30.4 30.8 27.1 26.3 24.3 23.3 23 -
2014-6-29 10:00:0025.9 19.1 25.9 25.1 1008 0 66 64 47 0.5 80 0.3 85 0.6 274 1 122 2.3 7130 7235 27.9 28 27.1 25.1 23.7 23 22.9 -
2014-6-29 9:00:0025.1 19 25.1 23.9 1,007.8 0 69 65 258 1.3 262 1 276 0.9 270 1.7 287 3.4 6466 6769 27.1 27.4 25.5 24.4 23.1 22.8 22.8 -
2014-6-29 8:00:0023.9 19 23.9 22.9 1,007.5 0 74 72 263 1.2 265 1.1 285 0.8 282 1.1 278 1.7 4943 4850 25.4 25.7 23.2 23.1 22.6 22.7 22.8 -
2014-6-29 7:00:0022.9 19.5 22.9 22.4 1,007.3 0 81 79 300 0.9 315 0.5 306 0.4 285 0.5 267 1.2 4578 4603 23.1 23.1 22 22.3 22.5 22.7 22.9 -
2014-6-29 6:00:0022.4 19.6 22.4 22.4 1,007.2 0 84 83 290 0.5 299 0.4 293 0.3 191 0.4 132 1.2 4042 4093 22 22 21.5 22 22.4 22.8 23 -
2014-6-29 5:00:0022.3 19.5 22.3 22.3 1,006.8 0 84 81 132 0.6 143 0.3 215 0.3 268 0.4 208 0.9 3874 3841 21.5 21.5 21.4 21.9 22.5 22.9 23 -
2014-6-29 4:00:0022.3 19.1 22.4 22.3 1,006.6 0 82 81 - 0.2 - 0.1 - 0.1 268 0.6 262 1.3 4273 4348 21.4 21.7 21.4 22 22.7 23 23.1 -
2014-6-29 3:00:0022.5 19.7 22.5 22.5 1,006.6 0 84 83 10 0.3 - 0.2 - 0.2 260 0.7 236 1.3 4481 4364 21.7 21.8 21.6 22.2 22.8 23.1 23.2 -
2014-6-29 2:00:0022.5 20 22.9 22.5 1,006.7 0 86 83 262 0.8 258 0.8 257 0.7 257 0.7 265 1.3 4241 3987 21.6 21.9 21.6 22.3 23 23.2 23.3 -
2014-6-29 1:00:0022.9 19.9 23.5 22.9 1,007.2 0 83 82 268 0.8 274 0.4 276 0.4 311 0.7 268 2.4 4273 4445 21.9 22.4 21.9 22.6 23.2 23.4 23.4 -
2014-6-29 00:00:0023.5 20.4 23.7 23.5 1,007.7 0 83 83 309 1.1 303 0.6 297 0.7 268 1.1 266 3 4570 4699 22.4 22.9 22.3 22.9 23.4 23.5 23.5 -
2014-6-28 23:00:0023.7 20.6 24 23.7 1008 0 83 83 55 1.6 3 0.6 278 0.6 281 1.3 263 3.6 5213 5112 22.9 23.1 22.9 23.1 23.6 23.7 23.6 -
2014-6-28 22:00:0024 20.9 24.4 24 1,008.1 0 83 80 264 0.7 258 0.5 268 0.7 263 1.8 249 4.3 5807 5737 23.1 23.4 23 23.4 23.9 23.8 23.7 -
2014-6-28 21:00:0024.4 20.7 25.1 24.4 1,007.7 0 80 80 271 1.4 273 0.9 276 1 256 1.1 308 3.3 5153 4912 23.4 24 23.4 23.8 24.1 24 23.7 -
2014-6-28 20:00:0025.1 21.8 25.7 25.1 1007 0 82 78 276 1.6 265 1.1 256 1.1 266 1.5 283 3.1 3317 3406 24 24.4 24 24.2 24.4 24.2 23.8 -
2014-6-28 19:00:0025.7 21.6 26.1 25.7 1,006.1 0 78 77 241 1 190 0.5 263 1.6 278 2.1 279 3.6 2857 2843 24.4 25.3 24.4 24.6 24.8 24.3 23.8 -
2014-6-28 18:00:0026.1 21.8 26.5 26.1 1,005.3 0 77 75 260 2 258 0.9 263 1.3 263 1.3 261 2.8 2875 2872 25.3 26.3 25.3 25.3 25.1 24.4 23.8 -
2014-6-28 17:00:0026.5 21.9 27 26.5 1005 0 76 75 271 3.1 303 1.5 279 1.1 267 1.8 267 3.8 2800 2904 26.5 27.8 26 25.8 25.3 24.5 23.7 -
2014-6-28 16:00:0026.9 22.3 27.5 26.7 1,005.1 0 76 73 268 2 250 1.1 282 1.2 277 1.6 261 3.4 2682 2623 27.6 27.6 25.8 26.1 25.5 24.5 23.6 -
2014-6-28 15:00:0027.5 22 27.9 27.5 1,005.6 0 72 68 113 2.2 262 1.7 285 1.5 111 1.6 273 3.2 2546 2414 27.7 28.5 27.7 26.8 25.8 24.4 23.5 -
2014-6-28 14:00:0027.9 21.7 27.9 27.8 1,005.9 0 69 67 61 1.7 102 1.4 105 1.5 269 1.7 128 3.5 2659 2535 28.1 31.2 28.1 27.4 25.9 24.2 23.2 -
2014-6-28 13:00:0027.8 21.6 27.8 27.3 1,005.9 0 69 68 274 1.7 267 1.2 290 1.1 267 1.7 269 2.8 2396 2380 31.3 31.6 29.3 27.9 25.7 23.9 23 -
2014-6-28 12:00:0027.3 21.8 27.3 26.4 1,006.5 0 72 70 293 1.2 307 1 354 0.8 250 2 260 3.1 2539 2442 31.3 33.2 29.6 28 25.1 23.4 22.7 -
2014-6-28 11:00:0026.3 21.7 26.3 25.6 1,006.9 0 76 74 220 1 236 0.9 255 1.2 246 2.3 249 3.4 2925 3036 30.1 31.9 27.9 26.8 24.4 22.9 22.4 -
2014-6-28 10:00:0025.6 21.7 25.6 24.3 1,007.2 0 79 79 250 2.7 250 1.8 270 1.5 259 1.9 246 3.3 3221 3260 30.7 30.9 27.8 26.1 23.4 22.3 22.1 -
2014-6-28 9:00:0024.3 21.2 24.3 22.8 1007 0 83 83 268 1.6 267 1.1 251 1 251 1.5 231 2.7 4197 3881 28.6 29.4 23.9 24.4 22.3 21.9 22 -
2014-6-28 8:00:0022.8 20.7 22.8 21.9 1007 0 88 87 318 0.7 348 0.3 346 0.3 278 1.1 268 2 6643 6843 24.1 24.1 22.5 22.3 21.8 21.8 22 -
2014-6-28 7:00:0021.9 20.2 21.9 21.2 1,006.9 0 90 90 285 0.9 284 0.8 266 0.7 266 0.7 276 1.2 6142 6473 22.5 22.5 21.2 21.5 21.5 21.7 22 -
2014-6-28 6:00:0021.2 20.5 21.2 21 1,006.9 0 96 96 274 0.8 276 0.5 279 0.5 275 0.6 284 1 6083 5156 21.2 21.2 20.3 20.9 21.4 21.8 22.1 -
2014-6-28 5:00:0020.9 20.2 21 20.9 1,006.3 0 96 95 - 0 - 0.1 268 0.3 271 0.4 280 1.1 3991 3785 20.3 20.3 20.1 20.7 21.4 21.8 22.1 -
2014-6-28 4:00:0021 20.2 21.2 21 1006 0 95 95 - 0.2 - 0.2 - 0.1 23 0.3 28 0.6 4349 4541 20.2 20.5 20.2 20.8 21.5 21.9 22.2 -
2014-6-28 3:00:0021.2 20.4 21.2 21.1 1006 0 95 95 57 0.5 45 0.3 7 0.3 266 0.7 259 0.9 4180 4313 20.5 20.7 20.5 21 21.6 22 22.3 -
2014-6-28 2:00:0021.1 20.3 21.1 21.1 1,006.3 0 95 95 260 0.9 267 0.6 264 0.7 264 0.7 262 1 4341 4501 20.5 20.5 20.4 20.9 21.6 22.1 22.4 -
2014-6-28 1:00:0021.1 20.3 21.2 21.1 1,006.5 0 95 94 - 0.1 - 0 - 0.1 289 0.5 269 1 5151 5228 20.4 20.4 20.3 21 21.8 22.2 22.4 -
2014-6-28 00:00:0021.2 20.2 21.5 21.2 1,007.1 0 94 93 279 0.6 278 0.3 281 0.3 275 0.9 280 1.2 5843 5441 20.3 21 20.3 21.2 22 22.3 22.5 -
2014-6-27 23:00:0021.5 20.3 21.8 21.5 1,007.5 0 93 91 270 0.9 269 0.8 275 0.8 282 0.8 297 1.2 6653 6482 20.7 21 20.7 21.5 22.2 22.5 22.6 -
2014-6-27 22:00:0021.8 20.3 22.2 21.8 1,007.4 0 91 90 243 1.2 259 0.8 296 0.5 270 0.8 249 1.6 6340 7513 21 21.5 21 21.7 22.4 22.6 22.7 -
2014-6-27 21:00:0022.2 20.5 22.7 22.2 1,007.1 0 90 89 274 0.5 271 0.4 251 0.3 94 0.9 119 1.7 9650 8644 21.5 22 21.5 22.1 22.6 22.7 22.7 -
2014-6-27 20:00:0022.7 21 22.9 22.7 1,006.8 0 90 89 52 1.4 40 0.6 83 0.8 72 1.1 75 2.8 8747 7977 22 22.5 22 22.5 22.8 22.8 22.7 -
2014-6-27 19:00:0022.9 21.2 23.2 22.9 1,006.4 0 90 88 81 1.5 75 1 69 1 64 1.5 108 2.8 8647 9279 22.5 22.9 22.5 22.8 23 22.9 22.7 -
2014-6-27 18:00:0023.2 21.1 23.6 23.2 1,006.1 0 88 85 61 1.4 63 0.9 79 1 76 2.1 75 3.7 10463 11135 22.9 23.4 22.8 23.1 23.1 22.9 22.7 -
2014-6-27 17:00:0023.6 21.3 23.8 23.6 1,005.8 0 87 83 51 2.3 57 1.1 73 0.9 98 1 79 2.8 9846 12755 23.5 24.2 23.5 23.5 23.2 22.9 22.7 -
2014-6-27 16:00:0023.7 21.2 23.7 23.6 1,005.6 0 86 84 105 2.4 100 1.4 53 0.5 68 1.6 50 2.8 11146 10557 24.3 24.3 23.4 23.5 23.2 22.8 22.6 -
2014-6-27 15:00:0023.7 20.8 23.7 23.3 1,005.5 0 84 84 79 2.1 82 1.5 61 1.4 79 1.5 74 3.7 12700 11126 24.1 25.3 23.6 23.7 23.1 22.7 22.6 -
2014-6-27 14:00:0023.5 21 23.5 23.2 1,005.8 0 86 86 101 2.3 97 1.8 44 0.9 338 1.6 356 3.1 9007 9840 24.5 25.3 23.5 23.5 23 22.6 22.5 -
2014-6-27 13:00:0023.1 21.4 23.1 23.1 1,005.8 0 90 87 76 0.7 67 0.6 64 0.8 84 2.1 80 3.6 9659 10118 23.9 23.9 23.2 23.1 22.9 22.6 22.5 -
2014-6-27 12:00:0023.1 21 23.1 22.8 1,006.1 0 88 88 72 3.2 73 1.5 89 1.2 80 1.7 89 3.7 19350 17593 23.6 24 23 23.3 22.8 22.5 22.4 -
2014-6-27 11:00:0022.8 21.4 22.9 22.7 1,006.4 0.3 92 89 8 1.2 358 0.4 68 1.2 78 2 73 3 18310 15741 23.2 24 22.7 23.1 22.8 22.4 22.3 -
2014-6-27 10:00:0022.9 21.4 22.9 22.3 1,005.9 0 91 89 346 1.5 332 0.9 354 1 8 1.1 349 3.1 13586 14313 24.1 25.5 23.1 23.4 22.5 22.2 22.3 -
2014-6-27 9:00:0022.3 21.3 22.3 21.8 1,005.7 0 94 93 22 1.9 16 0.9 31 0.9 3 1.6 339 3.1 21287 19076 23.2 23.4 22.7 22.5 22.2 22.2 22.3 -
2014-6-27 8:00:0021.8 21.1 21.8 21.5 1,005.6 0.2 96 95 91 1.3 82 0.6 72 1.2 65 1.4 79 2.7 11190 10956 22.7 22.7 22 22.1 22.1 22.1 22.3 -
2014-6-27 7:00:0021.5 21.2 21.5 21.4 1,005.1 0 98 98 49 1.1 85 0.5 57 0.7 23 1.1 351 3.1 12897 14453 22 22 21.6 21.8 22 22.1 22.3 -
2014-6-27 6:00:0021.5 21.2 21.5 21.4 1,004.3 0 98 98 51 0.5 65 0.4 64 0.7 42 0.8 27 2.4 6841 9406 21.6 21.6 21.6 21.8 22 22.1 22.3 -
2014-6-27 5:00:0021.5 21.2 21.5 21.4 1,003.7 0 98 98 336 1.2 357 0.6 50 0.4 91 0.9 88 1.8 9204 7955 21.5 21.5 21.5 21.8 22.1 22.2 22.3 -
2014-6-27 4:00:0021.5 21.2 21.6 21.5 1,003.2 0.1 98 98 113 1.3 107 1 88 0.7 74 1 54 2.2 6010 8016 21.5 21.6 21.5 21.8 22.1 22.2 22.3 -
2014-6-27 3:00:0021.6 21.3 21.7 21.6 1,003.2 0.1 98 98 75 2.1 67 1.5 76 0.8 335 1.3 344 2.2 5929 5128 21.6 21.7 21.6 21.9 22.2 22.2 22.3 -
2014-6-27 2:00:0021.7 21.4 22.1 21.7 1,003.7 0.3 98 98 321 1.8 338 1.2 7 1 7 1 329 3.9 11566 8916 21.7 21.9 21.7 22 22.2 22.2 22.3 -
2014-6-27 1:00:0022.2 21.9 22.2 22.2 1,003.6 3 98 98 78 0.7 84 0.6 60 0.5 20 0.6 328 1.2 3096 2318 22 22 22 22.1 22.2 22.2 22.2 -
2014-6-27 00:00:0022.2 21.9 22.3 22.2 1004 16 98 98 32 0.6 35 0.5 39 0.5 87 0.9 113 1.9 2124 1445 22 22.1 22 22.1 22.2 22.2 22.2 -
2014-6-26 23:00:0022.3 22 22.4 22.3 1004 9.6 98 98 293 0.7 270 0.4 70 0.9 68 1.5 80 3.2 1272 1569 22.1 22.3 22.1 22.2 22.4 22.4 22.5 -
2014-6-26 22:00:0022.5 22.2 22.5 22.5 1,004.4 0 98 97 11 1.3 359 1 4 0.5 68 1.3 74 2 2795 2203 22.3 22.3 22.2 22.3 22.4 22.4 22.5 -
2014-6-26 21:00:0022.5 22.2 22.5 22.5 1,003.9 0.2 98 98 80 1.6 73 1.2 69 1.4 69 1.4 71 2.4 3314 3270 22.3 22.3 22.2 22.3 22.5 22.5 22.5 -
2014-6-26 20:00:0022.4 22.1 22.4 22.4 1,003.9 0.9 98 98 60 0.7 67 0.7 66 0.6 99 0.6 85 1.6 5524 5207 22.3 22.3 22.2 22.4 22.5 22.5 22.5 -
2014-6-26 19:00:0022.4 22.1 22.4 22.4 1,003.8 0.7 98 97 58 1.1 57 0.6 102 0.6 70 1 75 2 7529 7120 22.3 22.6 22.3 22.5 22.6 22.5 22.5 -
2014-6-26 18:00:0022.4 22.1 22.4 22.2 1,003.1 0.2 98 97 - 0.2 - 0.2 347 0.4 337 1.2 341 2.5 5918 8573 22.6 22.6 22.4 22.5 22.5 22.5 22.5 -
2014-6-26 17:00:0022.3 22 22.3 22.1 1,003.2 6.1 98 98 350 1.8 345 1.2 9 0.8 288 1.2 355 1.9 10263 9935 22.4 22.5 22 22.4 22.4 22.4 22.4 -
2014-6-26 16:00:0022.1 21.8 22.1 22 1,003.9 10.9 98 97 264 2.5 271 1.9 299 1.2 73 1.2 47 2.7 1094 1358 22 22.3 22 22.4 22.5 22.4 22.5 -
2014-6-26 15:00:0022.1 21.6 22.1 22.1 1,003.3 2.6 97 97 63 0.9 63 0.8 66 1 85 1 61 2.9 4391 6948 22.2 22.8 22.2 22.6 22.6 22.5 22.5 -
2014-6-26 14:00:0022.1 21.6 22.1 22.1 1,003.3 4.8 97 97 45 1.4 80 0.7 112 0.9 71 1.1 67 2.1 6629 6718 22.7 22.7 22.4 22.6 22.6 22.5 22.4 -
2014-6-26 13:00:0022.1 21.6 22.2 22.1 1004 3.3 97 97 105 0.3 - 0.2 67 0.6 92 1.1 88 2.4 4228 3152 22.5 23.2 22.5 22.7 22.5 22.3 22.3 -
2014-6-26 12:00:0022.2 21.7 22.2 22 1,004.2 0.9 97 97 84 2.4 77 1.5 85 0.9 69 1 70 2.4 9308 8941 23 23.2 22.5 22.7 22.3 22.2 22.3 -
2014-6-26 11:00:0022 21.5 22 21.8 1,004.8 3.7 97 97 37 1 10 0.7 54 0.6 98 1 95 2.2 7909 10124 22.6 22.7 21.9 22.4 22.2 22.2 22.2 -
2014-6-26 10:00:0021.8 21.3 22.1 21.8 1,005.2 3.7 97 96 3 0.6 344 0.8 9 0.6 88 1.2 121 2.6 1828 3120 21.9 22.9 21.9 22.2 22.1 22.1 22.2 -
2014-6-26 9:00:0021.9 21.4 22 21.5 1,004.5 4.9 97 97 284 0.9 244 0.5 140 0.6 107 1.3 132 3.2 12855 13057 22.6 22.7 21.7 22.1 21.9 22 22.2 -
2014-6-26 8:00:0021.5 21.2 21.5 21.3 1,005.3 1.4 98 97 63 0.7 61 0.5 60 0.7 70 1.1 115 2.2 6676 4372 21.7 21.8 21.4 21.7 21.8 22 22.3 -
2014-6-26 7:00:0021.3 20.8 21.3 21.2 1005 0.1 97 97 76 1.5 78 1.1 67 1.1 79 1.2 12 2.5 6105 5821 21.4 21.4 21.2 21.5 21.8 22 22.3 -
2014-6-26 6:00:0021.1 20.8 21.1 21.1 1,004.9 0 98 97 88 0.9 80 0.5 96 0.7 75 1.1 105 2.1 3871 3609 21.2 21.2 21 21.4 21.7 22 22.3 -
2014-6-26 5:00:0021.1 20.6 21.1 21 1,004.8 0.1 97 97 116 1.1 92 0.7 77 0.9 75 1.3 72 2.7 2917 2776 21 21 21 21.3 21.7 22 22.4 -
2014-6-26 4:00:0021 20.5 21 20.9 1,004.7 0.1 97 97 59 1.5 66 1 77 1 79 1.2 104 2.8 6307 6985 21 21 20.8 21.2 21.7 22.1 22.4 -
2014-6-26 3:00:0020.9 20.4 20.9 20.7 1,004.5 1.1 97 97 67 1.4 70 1 68 1.1 72 1.2 73 2.4 6218 10683 20.8 20.8 20.7 21.2 21.7 22.1 22.4 -
2014-6-26 2:00:0020.7 20.2 20.7 20.5 1005 0.2 97 97 65 1.8 66 1.1 74 1 73 1.2 76 3.1 6955 7178 20.8 20.8 20.7 21.2 21.7 22.2 22.5 -
2014-6-26 1:00:0020.5 20 20.5 20.4 1,005.7 0.3 97 97 74 1.1 70 1.2 74 1 73 1.2 91 2.9 9108 8189 20.7 20.7 20.5 21.2 21.8 22.2 22.6 -
2014-6-26 00:00:0020.4 19.9 20.4 20.2 1,006.4 0.2 97 97 77 1.3 79 0.9 75 1 70 1.2 115 2.7 8018 9008 20.6 20.6 20.4 21.2 21.9 22.3 22.6 -
2014-6-25 23:00:0020.2 19.7 20.3 20.1 1,006.8 0.9 97 96 84 1.9 83 0.8 73 0.9 69 1.5 51 2.8 6537 6457 20.5 20.6 20.4 21.2 22 22.4 22.7 -
2014-6-25 22:00:0020.3 19.6 20.8 20.3 1,007.2 0.8 96 96 62 1.8 45 1.3 69 1.5 73 1.7 85 3.6 8539 8498 20.5 21 20.5 21.4 22.1 22.5 22.8 -
2014-6-25 21:00:0020.6 20.1 20.8 20.6 1007 0.5 97 96 77 1.4 72 1.2 57 0.8 69 1.2 104 3 5071 5612 20.9 21 20.8 21.6 22.2 22.6 22.8 -
2014-6-25 20:00:0020.8 20.1 21.1 20.8 1,006.7 4.5 96 96 76 2.2 72 1.1 61 0.7 72 1.3 90 4.5 6115 5034 21 21.2 20.9 21.7 22.4 22.7 22.9 -
2014-6-25 19:00:0021.1 20.4 21.7 21.1 1,006.3 5.5 96 96 53 0.7 60 0.5 81 0.9 72 1.3 95 3.1 3641 5110 21.2 21.8 21.2 22.1 22.7 22.9 23.1 -
2014-6-25 18:00:0021.7 21 21.9 21.7 1,005.6 7.4 96 96 138 1 105 0.8 81 1 76 1 84 2.5 6653 6999 21.8 22.1 21.7 22.4 22.9 23.1 23.1 -
2014-6-25 17:00:0021.9 21.2 22.2 21.9 1,005.4 5.4 96 95 79 1.1 61 0.8 65 0.7 89 1.2 46 2.4 6078 3614 22.1 22.5 22.1 22.8 23.1 23.2 23.2 -
2014-6-25 16:00:0022.2 21.4 22.6 22.2 1,005.7 4.6 95 93 91 1.1 78 0.9 93 1.3 87 1.3 76 2.4 6416 5337 22.4 22.8 22.3 23.1 23.3 23.2 23.2 -
2014-6-25 15:00:0022.6 21.4 22.7 22.6 1,005.6 0.2 93 92 86 1.7 95 1.1 90 0.9 67 1 80 2.3 3664 3628 22.7 23.3 22.7 23.4 23.4 23.3 23.2 -
2014-6-25 14:00:0022.8 21.4 23.7 22.8 1,006.2 0.8 92 84 46 1.3 348 1 331 0.7 74 1 142 2.6 4935 4907 22.7 23.6 22.7 23.6 23.5 23.2 23.1 -
2014-6-25 13:00:0023.7 20.8 24.1 23.7 1,006.5 0 84 81 36 1.5 52 1.1 29 0.9 77 1 167 2.2 6785 9586 23.4 24.6 23.3 23.8 23.5 23.2 23.1 -
2014-6-25 12:00:0024.1 20.8 24.1 23.8 1,006.9 0 82 79 87 1.9 78 1.3 94 0.9 65 1.7 75 4.3 11014 10931 24.3 25.2 23.9 23.8 23.3 23 23.1 -
2014-6-25 11:00:0023.9 20.4 23.9 23.4 1,007.3 0 81 80 63 2.1 56 1.3 63 1.8 63 1.8 50 3.2 10788 10919 23.9 24.2 23 23.3 23.1 23 23 -
2014-6-25 10:00:0023.4 20.3 23.4 23.2 1,007.2 0 83 82 257 2.6 266 1.7 354 1 261 1.3 279 2.8 12168 10986 23.3 24 23.2 23.1 23 22.9 23 -
2014-6-25 9:00:0023.2 20.3 23.2 22.9 1,007.4 0 84 84 312 1.2 337 0.5 29 0.8 65 1.2 98 3.1 10485 10067 23.9 23.9 22.9 23 22.8 22.9 23 -
2014-6-25 8:00:0022.9 20.6 22.9 22.7 1,006.8 0 87 85 108 1 266 0.8 26 0.8 52 1 139 2.7 8328 8621 22.8 22.8 22.5 22.6 22.7 22.8 23.1 -
2014-6-25 7:00:0022.7 20.2 22.7 22.6 1,006.3 0 86 86 331 1.4 64 0.9 334 0.7 99 1.3 67 3.2 9648 7289 22.6 22.7 21.7 22.3 22.5 22.9 23.1 -
2014-6-25 6:00:0022.5 20.2 22.5 22.5 1,006.4 0 87 84 84 0.9 106 0.5 39 0.7 37 0.8 107 3.1 11467 10364 21.7 21.7 21.4 21.9 22.5 22.9 23.2 -
2014-6-25 5:00:0022.5 19.9 22.6 22.5 1,005.9 0 85 84 110 1 110 0.5 50 0.5 88 0.9 117 2.6 12996 12263 21.5 21.6 21.4 21.9 22.6 23.1 23.3 -
2014-6-25 4:00:0022.6 19.8 22.8 22.6 1006 0 84 81 65 0.6 66 0.4 0 0.5 34 0.6 93 1.9 14462 14522 21.4 21.5 21.4 21.9 22.7 23.2 23.4 -
2014-6-25 3:00:0022.8 19.4 23.1 22.8 1,005.7 0 81 78 26 0.6 333 0.5 50 0.6 96 1 116 2.2 15010 15012 21.4 21.9 21.4 22.1 22.9 23.3 23.5 -
2014-6-25 2:00:0023.1 19.5 23.2 23 1,006.1 0 80 79 138 1.6 122 0.9 149 0.7 90 1.1 101 3.3 21901 18518 21.8 22 21.8 22.3 23.1 23.5 23.7 -
2014-6-25 1:00:0023.2 20.2 23.3 23.2 1,006.6 0 83 82 55 0.5 44 0.3 59 0.4 86 0.8 108 2 14138 13993 21.9 22.1 21.9 22.5 23.3 23.7 23.8 -
2014-6-25 00:00:0023.3 20.1 23.6 23.3 1,006.7 0 82 80 7 1.1 344 0.9 64 0.7 92 1.1 98 2.7 15514 15978 22 22.2 21.9 22.6 23.5 23.9 23.9 -
2014-6-24 23:00:0023.6 19.9 23.9 23.6 1007 0 80 80 96 1.2 107 0.8 91 0.8 83 1 124 2.3 13663 14412 22.2 22.5 22.2 22.9 23.8 24.1 24.1 -
2014-6-24 22:00:0023.9 20.4 24.4 23.9 1,007.3 0 81 81 112 1.4 101 0.9 43 0.8 27 1.1 110 2.8 15288 15083 22.5 23.2 22.5 23.3 24.2 24.3 24.2 -
2014-6-24 21:00:0024.4 20.9 24.8 24.4 1,006.8 0 81 81 327 1.6 333 1.1 38 1 83 1.4 322 3.9 8995 9172 23.2 23.4 23.2 23.8 24.5 24.6 24.3 -
2014-6-24 20:00:0024.8 21.3 25.5 24.8 1,006.1 0 81 76 21 1.4 349 1.1 7 0.9 43 1.2 0 3 7244 3594 23.4 24.2 23.4 24.2 25 24.9 24.5 -
2014-6-24 19:00:0025.5 21.4 26.5 25.5 1,005.9 0 78 73 269 1.5 288 1 307 0.9 11 1.2 45 2.7 7853 7776 24.2 25.2 24.2 25 25.5 25.2 24.5 -
2014-6-24 18:00:0026.5 21.3 27.4 26.5 1,005.3 0 73 67 308 1.8 4 1.3 5 1.1 89 1.4 73 3.3 11161 11125 25.3 26.9 25.3 25.8 26.1 25.4 24.6 -
2014-6-24 17:00:0027.5 20.8 27.6 27.5 1,004.9 0 67 64 132 3.1 102 1.9 80 1.1 88 1.6 114 3.3 15204 14844 26.9 27.9 26.9 26.8 26.6 25.6 24.6 -
2014-6-24 16:00:0027.6 20.4 28.3 27.6 1,004.9 0 65 64 111 2.3 103 1.3 92 1.4 74 1.6 349 4.7 14541 12999 27.5 29.4 27.5 27.6 27.1 25.7 24.5 -
2014-6-24 15:00:0028.3 20.8 28.8 28.3 1,005.1 0 64 60 95 2.9 88 1.5 82 1.4 99 1.9 108 3.9 9601 9171 29.2 31.7 29.2 28.8 27.7 25.7 24.2 -
2014-6-24 14:00:0028.9 20.1 28.9 28.4 1,005.5 0 59 59 86 3.9 92 3 66 1.5 80 1.9 125 5.1 10895 10206 31.5 34.3 31.5 30.4 28 25.4 23.8 -
2014-6-24 13:00:0028.5 20.2 29 28.5 1,005.9 0 61 60 93 2.3 97 1.7 85 1.6 84 1.7 249 3.8 9710 7835 33.4 37.6 33.2 31.4 27.7 24.7 23.4 -
2014-6-24 12:00:0028.6 20.1 28.8 27.2 1,006.6 0 60 60 67 2.4 37 1.5 140 1.1 318 1.9 176 3.9 8893 8406 37.1 37.9 34.6 31.2 26.4 23.9 22.9 -
2014-6-24 11:00:0027.1 20.2 27.1 26 1007 0 66 65 351 1.2 64 1.2 61 1.5 281 2 267 3.7 7853 9194 35.8 35.8 28.7 28.1 24.9 23.2 22.6 -
2014-6-24 10:00:0026 21.2 26 24.9 1,007.4 0 75 73 100 1.8 104 1.2 104 1.3 93 1.7 107 3.6 8409 7793 32.6 33.1 28.4 27 23.8 22.6 22.4 -
2014-6-24 9:00:0024.9 20.8 24.9 23.9 1,007.1 0 78 78 114 2.9 94 1.4 351 1 103 1.3 114 2.9 8408 8006 29 29 25.1 24.4 22.8 22.2 22.2 -
2014-6-24 8:00:0023.9 21 23.9 22.6 1,007.1 0 84 84 126 1.7 123 1 79 0.8 0 0.8 288 2.1 5217 5246 25.5 25.8 23.4 23.2 22.1 22 22.2 -
2014-6-24 7:00:0022.6 21.1 22.6 21.6 1,006.9 0 91 91 115 0.6 101 0.4 75 0.5 84 0.9 82 1.6 4481 4535 23.4 23.4 21.4 21.9 21.7 21.9 22.2 -
2014-6-24 6:00:0021.6 20.8 21.6 21.3 1,006.7 0 95 95 128 0.8 142 0.6 126 0.5 99 0.6 114 1.4 3607 3454 21.4 21.4 20.4 21.1 21.5 21.9 22.3 -
2014-6-24 5:00:0021.3 20.6 21.3 21.3 1,006.7 0 96 95 86 0.4 105 0.4 105 0.5 89 0.5 121 1.3 2144 2222 20.4 20.5 20.4 20.9 21.6 22 22.3 -
2014-6-24 4:00:0021.3 20.5 21.5 21.3 1,006.5 0 95 94 53 0.5 - 0.2 - 0.2 99 0.5 139 1.3 2381 2533 20.5 20.5 20.5 21 21.7 22.1 22.4 -
2014-6-24 3:00:0021.5 20.5 21.7 21.5 1,006.4 0 94 93 89 0.6 107 0.6 103 0.5 105 0.6 133 1.2 3227 2688 20.5 20.8 20.5 21.1 21.8 22.2 22.5 -
2014-6-24 2:00:0021.7 20.7 21.8 21.6 1,006.8 0 94 93 85 0.9 84 0.5 102 0.5 106 0.7 125 1.3 3196 3325 20.8 20.9 20.8 21.3 21.9 22.3 22.5 -
2014-6-24 1:00:0021.7 20.5 22 21.7 1,007.1 0 93 91 - 0.1 - 0.2 66 0.4 100 0.6 26 1.8 3748 3783 21 21.1 20.9 21.4 22.1 22.4 22.6 -
2014-6-24 00:00:0022 20.5 22.1 22 1,007.5 0 91 90 59 0.8 64 0.6 59 0.4 56 0.7 117 2.1 3400 3620 21.1 21.4 21.1 21.6 22.2 22.5 22.7 -
2014-6-23 23:00:0022.2 20.5 22.4 22.2 1,008.1 0 90 88 93 1.1 67 0.7 79 0.4 74 0.7 83 1.5 4095 4175 21.2 21.4 21.2 21.7 22.3 22.6 22.7 -
2014-6-23 22:00:0022.4 20.3 22.5 22.4 1,008.5 0 88 86 57 1 20 0.6 8 0.6 64 0.9 121 2.5 4627 4618 21.3 21.4 21.1 21.8 22.4 22.7 22.8 -
2014-6-23 21:00:0022.6 20.1 23.2 22.6 1,008.2 0 86 83 343 0.6 320 0.4 323 0.4 86 1 84 2.6 5958 6281 21.2 21.6 21.2 22 22.7 22.9 22.9 -
2014-6-23 20:00:0023.1 20.1 23.7 23.1 1,007.5 0 83 78 320 1 7 0.5 38 0.5 319 0.9 97 2.1 9107 9325 21.6 22.1 21.6 22.4 23 23 22.9 -
2014-6-23 19:00:0023.7 19.6 24.2 23.7 1,006.8 0 78 74 94 0.4 71 0.4 12 0.6 330 1.3 111 2.8 12941 12072 22.2 23.3 22.2 23 23.4 23.2 22.9 -
2014-6-23 18:00:0024.2 19.7 24.7 24.2 1,006.4 0 76 73 95 1.7 45 0.5 351 0.7 278 1.4 88 2.6 9750 10260 23.3 25.1 23.3 23.7 23.6 23.2 22.9 -
2014-6-23 17:00:0024.7 19.8 24.7 24.2 1,005.9 0 74 73 290 1.7 317 1 72 0.9 86 1 74 2.3 14196 13337 25.3 26.5 24.8 24.4 23.6 23 22.8 -
2014-6-23 16:00:0024.2 19.5 24.2 23.9 1,006.5 0 75 75 218 1 278 0.7 313 0.8 100 0.9 292 2.8 11908 11055 24.8 25.3 24.1 24 23.5 22.9 22.7 -
2014-6-23 15:00:0023.9 19.8 23.9 23.7 1,006.6 0 78 77 78 1.5 91 1.1 310 0.8 64 1 56 2.4 10070 10963 25.3 25.3 24.3 24 23.3 22.8 22.6 -
2014-6-23 14:00:0023.7 20 23.7 22.9 1,006.9 0 80 79 55 1 65 0.9 59 1 281 1.2 278 2.4 8277 7948 25.1 26.8 23.2 23.9 22.9 22.6 22.6 -
2014-6-23 13:00:0022.9 20.2 23.1 22.9 1008 0.1 85 83 277 1 295 0.6 344 0.5 337 1.2 345 2.9 7890 8286 23.2 23.4 22.9 23.1 22.8 22.6 22.5 -
2014-6-23 12:00:0023.1 20.4 23.3 23.1 1,007.1 0 85 81 302 1.7 333 1 338 0.9 66 1.2 130 2.8 7193 8207 23.3 24.5 23.2 23.2 22.7 22.5 22.5 -
2014-6-23 11:00:0023.1 20.4 23.1 22.6 1,008.1 0 85 82 88 0.9 94 0.5 26 0.9 97 1 65 2 7132 7215 23.7 23.7 23.3 22.9 22.5 22.3 22.4 -
2014-6-23 10:00:0022.6 20.3 22.6 22.1 1,008.6 0 87 86 - 0.2 - 0.2 39 0.5 41 1 81 2.5 6378 6740 23.3 23.3 22.5 22.5 22.3 22.3 22.4 -
2014-6-23 9:00:0022.4 20.5 22.4 22.2 1,008.2 0.2 89 86 283 0.9 274 0.5 341 0.6 25 1.1 125 2.7 7773 7024 22.5 22.5 22 22.2 22.1 22.2 22.4 -
2014-6-23 8:00:0022.3 20 22.3 21.9 1,008.2 0 87 86 350 1.3 10 0.7 22 1 72 1.4 128 3.3 8387 7741 22.3 22.9 22.1 22.1 22 22.1 22.4 -
2014-6-23 7:00:0021.9 19.6 21.9 21.5 1,007.5 0 87 87 69 1.2 62 0.9 66 0.8 77 0.9 119 2 8187 8030 22.2 22.3 21.1 21.5 21.8 22.1 22.4 -
2014-6-23 6:00:0021.5 19.6 21.5 21.3 1,007.6 0 89 88 75 0.3 - 0.2 67 0.3 79 0.9 351 1.6 7011 6834 21.1 21.1 20.6 21.1 21.7 22.1 22.5 -
2014-6-23 5:00:0021.3 19.6 21.3 21.2 1,007.5 0 90 89 302 0.9 307 0.6 333 0.4 25 0.9 10 1.8 6497 6570 20.6 20.6 20.5 21.1 21.8 22.2 22.6 -
2014-6-23 4:00:0021.4 19.5 21.4 21.4 1,007.1 0 89 89 56 1.1 72 0.8 23 0.9 7 0.9 333 2 6686 6523 20.6 20.8 20.6 21.2 21.9 22.3 22.6 -
2014-6-23 3:00:0021.4 19.5 21.5 21.4 1007 0 89 88 81 1.1 80 0.7 96 0.8 57 0.8 88 2.1 6820 6636 20.8 20.8 20.7 21.2 22 22.4 22.7 -
2014-6-23 2:00:0021.5 19.4 21.6 21.5 1,007.7 0 88 86 350 0.3 - 0.1 - 0.1 28 1 339 2 8624 8708 20.7 20.8 20.7 21.4 22.1 22.5 22.8 -
2014-6-23 1:00:0021.6 19.2 21.9 21.6 1,007.7 0 86 86 342 0.9 340 0.8 342 0.7 90 0.9 73 1.8 10336 10338 20.8 21.1 20.8 21.5 22.3 22.7 22.9 -
2014-6-23 00:00:0021.9 19.5 22.2 21.9 1,008.5 0 86 86 336 1.1 347 0.9 350 0.8 70 0.9 326 1.8 6617 6144 21.1 21.5 21.1 21.8 22.5 22.8 23 -
2014-6-22 23:00:0022.2 19.7 22.4 22.2 1009 0 86 85 113 1.8 97 1.5 71 0.9 335 0.9 188 2.1 5901 6199 21.5 21.6 21.4 21.9 22.6 22.9 23 -
2014-6-22 22:00:0022.4 19.8 22.6 22.4 1,009.1 0 85 83 53 0.4 35 0.4 29 0.6 70 1.2 77 2.9 8665 8781 21.5 21.6 21.4 22 22.8 23.1 23.1 -
2014-6-22 21:00:0022.6 19.4 23 22.6 1,008.6 0 82 80 72 0.9 75 0.6 85 1 71 1.1 85 3.2 13246 13806 21.6 21.9 21.6 22.3 23 23.2 23.2 -
2014-6-22 20:00:0023 19.6 23.5 23 1,008.2 0 81 78 82 1.5 58 1 59 0.7 63 1.4 79 3.1 16401 15411 21.9 22.6 21.9 22.8 23.4 23.4 23.3 -
2014-6-22 19:00:0023.5 19.4 24 23.5 1,008.1 0 78 74 69 2.2 61 1.4 69 1.1 74 1.1 83 2.7 12823 13313 22.6 23.3 22.6 23.2 23.7 23.5 23.3 -
2014-6-22 18:00:0024 19.5 24.6 24 1,007.7 0 76 74 80 1.8 79 1.3 87 1 96 1.4 37 3.4 16474 16872 23.4 24.6 23.4 23.9 23.9 23.6 23.2 -
2014-6-22 17:00:0024.6 19.9 25.1 24.6 1,007.4 0 75 72 76 1.4 76 0.9 66 1.3 93 1.5 69 3.5 17449 9449 24.6 25.2 24.5 24.4 24.1 23.5 23.2 -
2014-6-22 16:00:0025.2 19.6 25.4 24.9 1,007.3 0 71 67 125 2.3 116 0.8 29 0.8 71 1.4 61 2.8 14715 16809 25.3 26.2 25.2 24.8 24.1 23.5 23.1 -
2014-6-22 15:00:0024.9 19.1 24.9 24.6 1,007.4 0 70 69 138 0.5 115 0.7 68 1.4 63 1.8 66 3.2 18409 18902 25.6 25.6 24.2 24.5 24 23.4 23 -
2014-6-22 14:00:0024.9 19.5 25.1 24.6 1,007.9 0 72 69 74 0.8 82 0.9 80 1.5 73 1.9 80 3.8 16893 17595 24.5 27 24.5 25.1 24.1 23.2 22.9 -
2014-6-22 13:00:0024.6 19.7 24.6 24.4 1,007.6 0 74 73 54 1 50 0.6 76 0.8 73 1.5 93 3 13000 15666 26.7 27.2 26.1 25.2 23.8 23 22.7 -
2014-6-22 12:00:0024.4 19.5 24.4 23.3 1,008.2 0 74 74 105 1.9 108 1.4 96 1 63 1.4 57 2.5 17612 14343 26.4 27.5 25 24.8 23.2 22.7 22.6 -
2014-6-22 11:00:0023.3 19.7 23.3 22.9 1,008.7 0 80 79 58 2.3 53 1.7 65 1.6 74 1.8 80 3.5 14580 14971 24.9 24.9 23.3 23.3 22.8 22.5 22.5 -
2014-6-22 10:00:0023 19.6 23 22.4 1,008.4 0 81 81 132 2 109 1.4 75 1.3 66 1.8 72 3.4 13570 12904 24.3 24.4 23.1 23.1 22.5 22.4 22.5 -
2014-6-22 9:00:0022.4 19.6 22.5 21.7 1008 0 84 82 75 1.9 73 1.3 67 1.2 87 1.3 72 2.8 15423 17189 23 24.7 23 22.8 22.3 22.2 22.4 -
2014-6-22 8:00:0021.7 19.4 21.7 21 1,008.1 0 87 87 142 0.8 150 0.7 100 0.6 75 1.6 60 3.1 17362 19727 23 23 21.4 21.8 21.9 22.2 22.5 -
2014-6-22 7:00:0021 19.8 21 20.7 1,007.7 0 93 91 68 1.7 60 1 62 0.9 74 1 76 2.1 20476 18048 21.5 21.5 20.9 21.4 21.8 22.2 22.5 -
2014-6-22 6:00:0020.7 19.5 20.9 20.7 1,007.7 0 93 91 86 1.1 97 0.3 65 0.7 68 1.7 22 2.6 21953 18537 20.9 20.9 20.7 21.3 21.9 22.2 22.6 -
2014-6-22 5:00:0020.9 19.7 21.2 20.9 1,006.6 0.1 93 92 72 2 62 1.6 71 1.7 57 1.7 69 3.4 17944 15595 20.8 21.2 20.8 21.4 22 22.3 22.6 -
2014-6-22 4:00:0021.2 20.5 21.2 21 1,006.7 0 96 96 60 1.8 71 1 73 1.1 73 1.1 78 3.8 12865 8469 21.2 21.2 21.1 21.5 22 22.3 22.6 -
2014-6-22 3:00:0020.9 20.4 20.9 20.9 1,006.4 0 97 97 324 0.8 343 0.4 51 0.4 64 1 51 1.8 6790 7378 21 21 21 21.5 22 22.4 22.7 -
2014-6-22 2:00:0020.9 20.4 20.9 20.9 1,006.2 0 97 97 0 0.4 21 0.3 58 0.4 62 0.8 98 2 5826 8298 21 21.1 21 21.5 22.1 22.5 22.8 -
2014-6-22 1:00:0020.9 20.4 20.9 20.8 1,006.3 0 97 96 119 0.5 125 0.3 88 0.5 63 0.8 75 1.8 11613 11665 21.1 21.1 21 21.6 22.2 22.5 22.8 -
2014-6-22 00:00:0020.9 20.4 21 20.8 1,006.7 0.1 97 96 22 0.8 32 0.5 53 0.8 71 1 69 1.7 6327 9043 21 21.1 21 21.7 22.3 22.6 22.9 -
2014-6-21 23:00:0021 20.3 21.3 21 1,006.6 0.7 96 96 60 1.6 68 0.9 81 0.8 79 0.9 106 2.5 13725 12228 21.1 21.3 21.1 21.8 22.4 22.7 22.9 -
2014-6-21 22:00:0021.3 20.8 21.6 21.3 1,006.5 2.2 97 96 95 0.5 96 0.4 80 0.6 59 1.2 337 2 8319 9069 21.3 21.5 21.3 22 22.5 22.7 22.9 -
2014-6-21 21:00:0021.6 20.9 21.9 21.6 1,006.4 2.3 96 96 54 1.7 55 1.2 58 1.2 56 1.3 60 2.6 8908 4782 21.4 21.7 21.4 22.1 22.7 22.9 23.1 -
2014-6-21 20:00:0021.9 21.2 22.1 21.9 1,005.6 2.3 96 94 63 1.1 69 0.7 78 0.8 72 1.3 62 2.8 4903 6053 21.8 21.9 21.7 22.3 22.8 23 23.1 -
2014-6-21 19:00:0022.1 21.1 22.4 22.1 1,005.1 0.4 94 93 67 1.2 81 1.2 74 1.2 66 1.8 65 3.5 13358 13296 21.9 22.2 21.9 22.6 23 23.1 23.2 -
2014-6-21 18:00:0022.3 21.3 22.5 22.3 1,004.8 0.8 94 93 63 2.1 65 1.3 75 1.6 79 1.6 76 4.5 5748 4546 22.1 22.5 22 22.8 23.2 23.2 23.2 -
2014-6-21 17:00:0022.5 21.5 22.7 22.4 1,004.1 0.1 94 92 80 2.7 81 1.9 62 1.1 72 2.3 86 5.4 4362 4331 22.5 23.2 22.5 23.1 23.3 23.3 23.2 -
2014-6-21 16:00:0022.7 21.5 22.9 22.7 1,003.6 0.5 93 92 72 2.4 78 1.8 80 1.6 86 1.9 82 3.9 4868 5065 23.1 23.2 22.8 23.3 23.4 23.3 23.2 -
2014-6-21 15:00:0022.9 21.4 23.1 22.8 1,003.4 0.1 91 91 86 2.8 85 1.5 84 1.9 84 2.2 98 4.8 6194 7712 23.2 23.8 23.2 23.5 23.4 23.3 23.2 -
2014-6-21 14:00:0023.1 22.3 23.1 22.9 1,003.1 0 95 94 3 1.7 349 1.2 52 1.3 86 2.2 85 5.1 10186 9049 23.8 24.1 23.6 23.7 23.4 23.2 23.2 -
2014-6-21 13:00:0022.9 22.2 22.9 22.7 1,003.1 0.2 96 96 340 2.2 353 1.5 44 1 66 1.4 88 3.2 7848 6493 23.9 23.9 23.4 23.5 23.3 23.2 23.2 -
2014-6-21 12:00:0022.7 22.2 22.8 22.7 1,003.4 10.1 97 97 72 2 78 1.5 67 1.6 73 1.7 77 4.4 12188 9332 23.5 23.7 22.7 23.1 23 23 23.1 -
2014-6-21 11:00:0022.9 22.4 22.9 22.9 1,002.6 9 97 97 82 2 83 1.8 75 1.6 78 1.8 82 3.9 322 978 22.7 22.9 22.7 22.9 23 23 23.1 -
2014-6-21 10:00:0022.9 22.4 22.9 22.8 1,002.9 3.9 97 97 306 1.3 301 1 244 0.6 70 2.2 61 3.8 6539 4049 22.9 23.1 22.7 22.9 22.9 23 23.1 -
2014-6-21 9:00:0022.8 22.3 22.8 22.7 1,003.2 7.9 97 97 110 0.5 100 0.4 45 0.5 70 1.6 78 2.7 1641 2648 22.8 22.8 22.5 22.7 22.9 23 23.1 -
2014-6-21 8:00:0022.7 22.2 22.9 22.7 1,003.1 27.1 97 97 89 1.1 95 0.6 41 0.5 49 1 98 2.7 1638 1350 22.5 22.7 22.4 22.7 23 23.1 23.2 -
2014-6-21 7:00:0023 22.5 23 23 1,002.6 9.1 97 96 188 0.6 179 0.5 119 0.9 66 1.7 68 2.9 3832 1779 22.7 22.8 22.6 23 23.3 23.4 23.4 -
2014-6-21 6:00:0023 22.3 23.1 23 1002 2.9 96 95 73 2.7 66 1.6 64 1.6 63 1.6 39 3 1679 1756 22.7 22.8 22.7 23.1 23.4 23.4 23.5 -
2014-6-21 5:00:0023.1 22.3 23.3 23.1 1,002.2 0.5 95 95 31 1.1 53 1 57 1.1 75 1.7 80 2.5 1826 1962 22.7 23 22.7 23.2 23.5 23.5 23.5 -
2014-6-21 4:00:0023.3 22.5 23.5 23.3 1,002.1 0 95 94 63 2.2 70 1.7 77 1.7 77 1.7 69 3.1 1783 1783 23 23.2 23 23.3 23.6 23.6 23.6 -
2014-6-21 3:00:0023.5 22.7 23.7 23.5 1,002.1 0 95 94 66 0.8 71 0.6 79 0.8 71 1.7 80 2.7 1869 2181 23.2 23.3 23.1 23.5 23.7 23.6 23.6 -
2014-6-21 2:00:0023.7 22.7 24.2 23.7 1,002.5 0.1 94 94 - 0 - 0 64 0.6 80 1.6 79 2.5 2198 1803 23.3 23.5 23.2 23.6 23.8 23.7 23.6 -
2014-6-21 1:00:0024.2 23.2 24.5 24.2 1,002.4 0.7 94 92 77 2 79 1.2 68 1.2 68 1.2 78 2.1 2592 2398 23.5 23.7 23.5 23.8 23.8 23.7 23.7 -
2014-6-21 00:00:0024.5 23.1 24.6 24.5 1,002.7 0 92 91 324 0.6 328 0.4 41 0.7 85 0.9 86 1.5 2873 2921 23.7 24 23.7 23.8 23.9 23.8 23.7 -
2014-6-20 23:00:0024.6 23.2 24.8 24.5 1003 0 92 92 83 1.1 94 0.8 87 1 80 2 75 3.1 3981 4005 24 24.1 23.9 23.9 24 23.9 23.7 -
2014-6-20 22:00:0024.8 23.4 25 24.8 1003 0 92 90 91 1.1 83 0.9 81 1.5 64 1.5 79 2.7 3048 3195 24.1 24.3 24.1 24.1 24.1 24 23.8 -
2014-6-20 21:00:0025 23.2 25.3 25 1,002.7 0 90 89 129 1.1 121 0.9 96 1 65 1.3 66 2.5 4163 4290 24.3 24.4 24.3 24.2 24.3 24 23.8 -
2014-6-20 20:00:0025.3 23.4 25.7 25.3 1,002.1 0 89 88 56 1.6 60 1.1 81 1 68 1.4 73 3.1 4273 4557 24.4 24.9 24.3 24.5 24.5 24.1 23.8 -
2014-6-20 19:00:0025.7 23.6 26 25.7 1,001.9 0 88 86 62 1.5 64 0.8 80 0.9 79 1.4 104 2.8 4155 4081 24.9 25.5 24.9 24.9 24.7 24.1 23.7 -
2014-6-20 18:00:0026.1 23.6 26.2 26.1 1,001.4 0 86 84 66 1.2 70 0.6 86 1 69 1.3 113 2.8 4563 4464 25.5 26.8 25.5 25.4 24.8 24.1 23.7 -
2014-6-20 17:00:0026.1 23.4 26.1 25.4 1,001.2 0 85 84 81 1.4 72 0.8 63 1.2 57 1.2 70 2.4 4717 4929 26.6 28.2 26.6 25.9 24.7 23.9 23.6 -
2014-6-20 16:00:0025.4 23.6 25.4 24.7 1001 0 90 90 44 1.2 55 1.1 59 0.9 77 1.5 82 2.4 5926 5950 28.1 28.3 24.5 25.4 24.3 23.7 23.5 -
2014-6-20 15:00:0024.7 23.5 24.8 24.5 1,001.4 0 93 92 84 1.4 80 0.8 62 0.8 79 1.4 85 2.6 4064 3592 24.6 25.5 24.5 24.7 24.2 23.6 23.4 -
2014-6-20 14:00:0024.5 23.6 24.5 24.1 1,001.6 0 95 94 341 0.7 318 0.3 49 0.6 62 0.8 68 2 4691 4540 25.5 25.6 24.3 24.7 23.9 23.5 23.4 -
2014-6-20 13:00:0024.1 23.4 24.1 23.9 1,002.1 0 96 94 - 0.1 - 0.1 0 0.3 62 0.8 63 2 2634 2432 24.3 24.4 24.1 24.2 23.8 23.5 23.4 -
2014-6-20 12:00:0023.9 23 23.9 23.7 1,001.9 0 95 94 28 0.5 102 0.5 95 0.5 64 0.7 86 1.7 5343 5298 24.4 24.7 24.4 24.2 23.8 23.4 23.3 -
2014-6-20 11:00:0023.7 22.9 23.7 23.3 1,002.6 0 95 95 310 0.6 263 0.4 91 0.4 51 0.7 101 2.5 6888 6843 24.6 24.8 24.4 24.1 23.6 23.3 23.3 -
2014-6-20 10:00:0023.3 22.6 23.3 23.1 1,002.3 0.3 96 95 60 1.4 24 0.8 43 0.6 66 0.9 33 2 11311 10349 24.3 24.4 23.3 23.8 23.4 23.2 23.3 -
2014-6-20 9:00:0023 22.2 23 23 1,002.5 1.8 95 95 127 1 108 0.8 75 0.5 66 1.1 62 2.4 7964 6503 23.4 23.4 23 23.3 23.2 23.2 23.3 -
2014-6-20 8:00:0023 22.2 23.1 23 1,002.8 0.5 95 93 69 0.5 112 0.3 75 0.5 89 1 66 2.5 4028 5179 23 23 22.6 23.1 23.2 23.2 23.3 -
2014-6-20 7:00:0023.1 21.9 23.3 23.1 1,002.7 0.3 93 90 89 1 118 0.8 68 0.7 107 1 20 2.2 5025 4748 22.8 22.8 22.4 23 23.1 23.2 23.3 -
2014-6-20 6:00:0023.3 21.6 23.3 23.3 1,002.5 0 90 87 113 0.9 94 0.7 112 0.7 104 1.3 86 4.3 5082 5255 22.5 22.9 22.4 22.9 23.2 23.3 23.4 -
2014-6-20 5:00:0023.4 21.1 23.4 23.4 1,002.4 0 87 86 88 1.3 117 0.7 111 1.1 99 1.4 135 4 7061 7388 22.9 23.1 22.8 22.9 23.2 23.4 23.4 -
2014-6-20 4:00:0023.4 20.9 23.4 23.3 1,002.2 0 86 86 110 1 110 0.8 85 0.8 92 1.1 121 3.4 8900 8806 22.8 23.1 22.8 23 23.3 23.4 23.5 -
2014-6-20 3:00:0023.4 20.9 23.4 23.3 1,002.3 0 86 86 172 1.3 69 1 33 0.7 107 1.3 148 4.1 8893 8901 23.1 23.1 22.9 23 23.4 23.5 23.6 -
2014-6-20 2:00:0023.4 20.9 23.5 23.4 1,002.7 0 86 85 134 1.1 113 0.9 113 1.2 108 1.4 84 3.7 7792 7846 23 23.1 23 23.1 23.5 23.6 23.6 -
2014-6-20 1:00:0023.5 21 23.5 23.5 1,002.9 0 86 85 45 1.1 81 0.5 65 1 98 1.2 104 3.8 8342 8084 23.1 23.3 23.1 23.2 23.6 23.7 23.7 -
2014-6-20 00:00:0023.5 20.8 23.5 23.5 1,003.4 0 85 84 84 1.3 92 0.9 96 0.7 96 1.3 132 3.8 8931 8870 23.3 23.4 23.2 23.4 23.7 23.8 23.8 -
2014-6-19 23:00:0023.5 20.6 23.5 23.5 1,004.2 0 84 84 189 0.9 126 1 78 1.3 75 1.3 111 3.1 8588 8315 23.4 23.4 23.3 23.5 23.9 24 23.9 -
2014-6-19 22:00:0023.5 20.6 23.8 23.5 1,004.4 0 84 82 58 2.2 28 0.9 26 0.8 62 1.2 36 2.8 10904 10607 23.3 23.7 23.2 23.7 24.2 24.2 24 -
2014-6-19 21:00:0023.9 20.6 24.4 23.9 1004 0 82 79 60 1.5 52 1 64 1.2 73 1.5 341 3.1 11593 10829 23.6 24.2 23.5 24.1 24.5 24.4 24.1 -
2014-6-19 20:00:0024.4 20.5 25.2 24.4 1,003.8 0 79 76 326 1.2 91 0.8 82 1.2 82 1.3 101 4.3 9414 9165 24.2 25.1 24.2 24.7 24.9 24.6 24.2 -
2014-6-19 19:00:0025.2 20.7 25.7 25.2 1,003.4 0 76 73 81 2.2 79 1.3 23 1 104 1.3 103 3.1 8933 10409 25.1 26 25.1 25.3 25.3 24.8 24.2 -
2014-6-19 18:00:0025.7 20.5 26.2 25.7 1003 0 73 71 271 1.4 125 0.7 66 1.1 105 1.6 117 4.5 10525 10954 26 27.6 26 26.1 25.8 24.9 24.1 -
2014-6-19 17:00:0026.2 20.5 26.8 26.2 1003 0 71 69 79 1.3 45 0.9 24 1.1 107 1.5 101 3.3 11478 10975 27.6 30.4 27.6 27.2 26.1 24.9 24 -
2014-6-19 16:00:0026.7 21 27.2 26.7 1,002.4 0 71 68 101 1.3 114 1.1 108 1.5 110 1.8 49 4.9 10917 10212 29.9 31.3 29.2 27.9 26.2 24.7 23.8 -
2014-6-19 15:00:0027 20.6 27.4 26.7 1,003.6 0 68 66 136 1.6 121 1.4 36 1.3 105 1.8 104 5.1 9365 9735 30.2 34.8 30.2 28.2 26 24.4 23.6 -
2014-6-19 14:00:0026.7 20.5 26.7 25 1,004.1 0 69 69 282 1.7 304 0.7 351 1.1 56 1.4 40 3.7 9430 9227 33.5 33.6 27.3 27.5 25.3 24.1 23.5 -
2014-6-19 13:00:0025.1 20.4 25.1 25 1,004.4 0 75 73 94 1.5 148 1 46 1 89 1.3 246 3.2 7109 7109 27.8 27.9 26.8 25.9 25 24 23.4 -
2014-6-19 12:00:0025.1 20.1 25.2 25 1,004.6 0 74 72 125 3.2 155 1.3 101 1 310 1.3 281 3.9 6753 6994 27.8 28.4 27.2 26.4 25.1 23.9 23.2 -
2014-6-19 11:00:0025.2 20.2 25.7 25.2 1,004.7 0 74 71 316 1.4 320 1 309 1.3 94 1.6 114 4.5 6900 6736 27.9 32 27.6 27.1 25.2 23.5 22.9 -
2014-6-19 10:00:0025.6 20.2 25.7 24.6 1,004.7 0 72 70 344 2.4 331 1.8 22 1.5 60 1.5 101 4.2 7030 7243 30.8 36.8 30.8 28 24.4 22.8 22.5 -
2014-6-19 9:00:0024.6 19.7 24.6 23.5 1,004.8 0 74 73 358 1 21 0.7 68 1.3 80 1.7 92 4.4 8991 9133 32.2 33.9 26.5 25.7 22.9 22.3 22.4 -
2014-6-19 8:00:0023.4 19.3 23.4 21.9 1,004.9 0 78 78 64 1.9 83 1.1 90 1.1 84 1.3 122 3 8351 8607 26.9 26.9 23.5 22.8 22 22 22.3 -
2014-6-19 7:00:0021.9 19.5 21.9 21.1 1,005.3 0 86 86 67 1.6 64 0.9 74 1.1 71 1.1 74 2.6 6324 5997 23.5 23.5 21.2 21.5 21.6 22 22.4 -
2014-6-19 6:00:0021.1 19.2 21.1 21 1,005.2 0 89 89 68 1.4 65 1.3 75 1 63 1 62 2.5 4882 4772 21.2 21.2 20 20.8 21.5 22 22.4 -
2014-6-19 5:00:0021 19.1 21.1 21 1,005.1 0 89 88 70 1.4 62 1 60 0.8 76 1.1 45 3 4405 4541 20.1 20.3 19.9 20.7 21.5 22.1 22.5 -
2014-6-19 4:00:0021.1 19 21.1 21 1,004.3 0 88 88 86 1.8 79 0.9 68 0.8 55 1 343 2 5512 5618 20.2 20.3 20.2 20.8 21.6 22.2 22.6 -
2014-6-19 3:00:0021.1 19 21.2 21.1 1,004.4 0 88 87 43 1.3 44 0.7 53 0.6 70 0.8 79 1.6 5374 5417 20.2 20.5 20.2 20.9 21.7 22.3 22.7 -
2014-6-19 2:00:0021.1 18.9 21.2 21.1 1,004.8 0 87 86 68 1.3 64 0.9 62 0.6 72 0.9 86 2 6089 6280 20.4 20.4 20.2 20.9 21.8 22.4 22.7 -
2014-6-19 1:00:0021.2 18.8 21.4 21.2 1,005.1 0 86 85 70 0.6 95 0.5 64 0.5 61 1 47 1.9 7043 6791 20.2 20.6 20.2 21.1 22 22.5 22.8 -
2014-6-19 00:00:0021.4 18.8 21.5 21.4 1,006.1 0 85 84 38 0.6 35 0.6 61 0.7 93 0.9 93 2.7 7761 7944 20.5 20.9 20.5 21.2 22.1 22.6 22.9 -
2014-6-18 23:00:0021.5 18.7 21.8 21.5 1,006.2 0 84 81 21 0.8 35 0.6 53 0.5 85 1 129 2.8 9092 9460 20.6 21 20.6 21.4 22.3 22.8 23 -
2014-6-18 22:00:0021.8 18.4 22.1 21.8 1,006.6 0 81 77 354 0.8 34 0.6 87 0.9 83 1.1 113 3.4 13014 13348 21 21.2 21 21.6 22.5 22.9 23.1 -
2014-6-18 21:00:0022.1 18.1 22.4 22.1 1,005.9 0 78 76 77 0.6 96 0.5 97 0.9 68 1.4 93 2.8 15870 15330 21.2 21.4 21.1 21.8 22.7 23.1 23.2 -
2014-6-18 20:00:0022.4 18 22.9 22.4 1,005.3 0 76 73 73 1 103 0.7 94 0.8 84 1.3 118 3.2 14993 17542 21.4 22 21.3 22.2 23.1 23.3 23.3 -
2014-6-18 19:00:0022.8 17.9 23.1 22.8 1,004.8 0 74 74 90 2.2 91 1.3 97 0.9 102 1.5 91 3.4 16808 18044 22 23.2 22 22.9 23.5 23.4 23.3 -
2014-6-18 18:00:0023.1 18.4 23.7 23.1 1,004.6 0 75 75 51 1.4 78 0.9 59 1 64 1.6 79 4.6 14604 13527 23.2 25.4 23.2 23.8 23.8 23.5 23.3 -
2014-6-18 17:00:0023.7 19 23.8 23.6 1,004.8 0 75 74 73 1.1 71 0.8 43 0.8 66 1.6 66 3.3 10955 10736 25.4 25.7 24.9 24.2 23.8 23.4 23.2 -
2014-6-18 16:00:0023.7 19 24.3 23.7 1005 0 75 70 111 2.4 112 1.5 79 1.3 76 1.7 97 4.3 9977 10738 24.9 27.2 24.6 24.2 23.7 23.3 23.2 -
2014-6-18 15:00:0024 18.9 24 23.8 1,005.2 0 73 71 59 2.4 55 1.8 49 1.4 71 1.5 106 3.2 16632 17142 26.4 26.6 24.4 23.9 23.5 23.2 23.1 -
2014-6-18 14:00:0023.9 18.5 23.9 23.6 1,005.4 0 72 70 88 1.5 80 1.2 63 1.1 54 1.2 95 3 18157 18055 25.2 26 24.6 24 23.5 23.2 23.1 -
2014-6-18 13:00:0023.6 18.3 23.6 23.4 1006 0 72 71 25 1.2 39 1 6 0.7 65 1.3 73 3.2 16444 18114 24.6 25.6 24.3 23.7 23.4 23.1 23 -
2014-6-18 12:00:0023.5 18.4 23.6 23.5 1,006.2 0 73 71 133 2.7 105 1 53 0.9 52 1.2 134 3.1 17451 18561 24.9 25.5 24.7 23.8 23.3 23 22.9 -
2014-6-18 11:00:0023.6 18.3 23.7 23.3 1,006.4 0 72 71 47 1.7 46 1.3 67 1 68 1.8 90 3.7 19527 19308 25.3 26.1 24.9 23.7 23.1 22.8 22.9 -
2014-6-18 10:00:0023.2 18.3 23.2 22.8 1,006.2 0 74 73 81 1.5 65 0.8 68 0.9 67 1.3 120 2.8 15667 14897 25.7 25.7 24.1 23.2 22.7 22.6 22.8 -
2014-6-18 9:00:0022.8 18.1 22.8 21.9 1006 0 75 74 33 0.4 - 0.2 43 0.9 83 1.6 92 3 19633 20056 24.9 24.9 22.5 22.5 22.3 22.5 22.8 -
2014-6-18 8:00:0021.8 18.4 21.8 21.1 1,005.9 0 81 79 50 1 75 0.4 83 0.4 68 1.4 76 2.6 25038 21688 22.8 22.8 21.4 21.8 22.1 22.5 22.9 -
2014-6-18 7:00:0021.1 18.5 21.3 21.1 1,005.6 0 85 85 58 1.3 67 1.3 76 1.2 67 1.7 75 3.3 10562 9701 21.3 21.3 20.8 21.3 22 22.5 22.9 -
2014-6-18 6:00:0021.3 18.7 21.3 21.2 1005 0 85 85 46 2.5 54 1.7 58 1.1 85 1.5 75 2.7 6522 6405 20.9 20.9 20.7 21.3 22.1 22.6 23 -
2014-6-18 5:00:0021.2 19 21.6 21.2 1,004.9 0 87 84 81 2.2 83 1.9 82 1.5 78 1.6 95 2.5 7247 7492 20.7 20.9 20.5 21.4 22.2 22.7 23.1 -
2014-6-18 4:00:0021.6 18.8 21.7 21.6 1,004.8 0 84 83 73 0.9 77 0.6 80 0.9 82 1.3 77 2.1 13905 14190 20.9 21 20.7 21.5 22.3 22.8 23.1 -
2014-6-18 3:00:0021.7 18.7 21.8 21.7 1,004.7 0 83 82 347 1.3 353 0.7 8 0.6 82 1.2 331 2.3 5810 6068 20.9 21.3 20.9 21.6 22.4 22.9 23.2 -
2014-6-18 2:00:0021.9 18.9 21.9 21.9 1,004.7 0 83 82 69 1 59 0.5 76 0.7 103 0.9 70 1.9 5006 4804 21.3 21.3 21.2 21.7 22.5 22.9 23.3 -
2014-6-18 1:00:0021.9 18.7 22 21.9 1,004.2 0 82 81 19 0.8 25 0.3 32 0.7 74 1.3 89 2.5 5814 5853 21.2 21.3 21.2 21.7 22.6 23.1 23.4 -
2014-6-18 00:00:0022 18.6 22.1 21.8 1,003.8 0 81 81 80 1.9 84 1.1 80 0.9 86 1.3 64 2.3 7872 8034 21.3 21.4 21.3 21.9 22.7 23.2 23.5 -
2014-6-17 23:00:0021.8 19 21.9 21.8 1,003.8 0 84 84 102 0.4 - 0.2 86 0.4 348 1.2 342 2.6 8035 7961 21.4 21.5 21.4 22.1 22.9 23.3 23.6 -
2014-6-17 22:00:0021.9 19.5 22.1 21.9 1,003.7 0 86 85 65 0.4 41 0.4 25 0.7 77 2.5 80 4.2 8783 8868 21.5 21.6 21.4 22.2 23 23.5 23.7 -
2014-6-17 21:00:0022.1 19.5 22.7 22.1 1,003.5 0 85 84 74 3.5 70 2.2 79 2.3 79 2.3 79 3.8 7199 5981 21.6 22.1 21.6 22.5 23.3 23.6 23.7 -
2014-6-17 20:00:0022.7 19.9 23 22.6 1,002.9 0 84 84 103 1.7 85 1 87 1.2 345 1.7 327 3.1 4657 4448 22.1 22.4 22.1 22.8 23.5 23.8 23.8 -
2014-6-17 19:00:0023 20.3 23.3 23 1,002.4 0 85 84 1 0.8 56 0.7 81 1.2 81 1.5 80 2.7 4258 4289 22.4 23.2 22.4 23.2 23.8 23.9 23.9 -
2014-6-17 18:00:0023.3 20.6 23.5 23.3 1,001.6 0 85 85 352 1.3 7 0.7 60 1 346 1.3 322 3.1 4129 4081 23.2 23.2 22.4 23.6 24 24 23.9 -
2014-6-17 17:00:0023.5 20.8 24.2 23.5 1,001.5 0 85 83 286 1.2 335 0.5 330 0.9 0 1.4 340 3.4 3996 3752 23.1 24 23 24 24.3 24.1 23.9 -
2014-6-17 16:00:0024.2 21.1 24.6 24.2 1,001.3 0 83 81 17 1.4 18 1 21 0.9 350 1.3 246 2.9 4753 4850 24 26.2 24 24.6 24.5 24.1 23.9 -
2014-6-17 15:00:0024.4 20.9 24.4 23.6 1001 0 81 81 174 1.1 153 0.5 78 0.9 82 1.3 75 3.2 5465 5592 26.4 27.4 23.1 25.3 24.3 23.9 23.8 -
2014-6-17 14:00:0024.1 21 24.2 23.4 1,001.2 0.1 83 83 52 2.2 79 1.2 7 1 271 1.2 64 2.9 6355 6290 24.3 25.9 24.3 24.9 24.1 23.8 23.7 -
2014-6-17 13:00:0023.4 21.3 23.4 23 1,001.2 0.1 88 87 350 1.1 348 0.9 38 1.1 4 1.4 340 3.3 6523 5470 25.3 25.3 22.6 24.1 23.8 23.7 23.7 -
2014-6-17 12:00:0023.2 21.1 23.2 23 1,001.2 0.2 88 86 282 1.1 271 0.9 279 0.9 340 1.9 357 3.7 6803 7215 23.2 23.7 22.4 23.8 23.7 23.7 23.7 -
2014-6-17 11:00:0023.1 20.6 23.3 23.1 1,001.3 0 86 86 350 2.7 352 1.7 342 1.7 344 1.7 341 3.9 7410 7913 22.4 23.3 22.4 23.6 23.7 23.7 23.8 -
2014-6-17 10:00:0023.2 21.3 23.5 23.1 1,001.3 0 89 88 3 1.2 31 0.7 26 1.1 36 1.7 23 3.8 6616 5718 23 23.3 22.6 23.6 23.7 23.7 23.8 -
2014-6-17 9:00:0023.5 21.9 23.8 23.5 1,001.1 0 91 90 92 2.1 87 1.3 48 1.1 347 1.5 339 3.8 3774 3639 23.2 24.1 23.2 23.7 23.7 23.7 23.8 -
2014-6-17 8:00:0023.7 22.1 23.7 23.6 1,000.7 0.2 91 91 336 3.2 329 1.5 10 1.3 346 1.4 7 3.6 11498 8463 23.5 23.5 23.1 23.6 23.7 23.7 23.8 -
2014-6-17 7:00:0023.7 22.5 23.7 23.6 1,000.3 0 93 93 346 2.9 352 2.2 338 1.3 49 1.4 357 3.7 4932 5200 23.1 23.3 23.1 23.5 23.6 23.7 23.8 -
2014-6-17 6:00:0023.7 22.9 23.7 23.6 1,000.1 0.1 95 95 343 1.3 333 1 327 0.6 358 0.9 333 2.2 3601 3374 23.3 23.4 23.2 23.5 23.6 23.7 23.8 -
2014-6-17 5:00:0023.6 22.8 23.6 23.4 999.5 0.1 95 95 - 0.2 - 0.2 282 0.5 333 0.9 348 1.7 2262 2316 23.2 23.2 23 23.4 23.6 23.7 23.8 -
2014-6-17 4:00:0023.4 22.7 23.5 23.4 999.6 0.1 96 95 319 1.4 331 1 329 0.5 35 1 1 3.1 2272 1948 23 23.4 23 23.4 23.6 23.7 23.9 -
2014-6-17 3:00:0023.4 22.6 23.4 23.2 999.4 0 95 95 269 0.8 302 0.5 349 0.3 346 0.9 355 2.1 2435 2433 23.4 23.4 23.1 23.4 23.6 23.8 23.9 -
2014-6-17 2:00:0023.2 22.5 23.2 23.1 999.3 0 96 96 26 0.4 34 0.4 60 0.5 82 1.1 78 2 1717 2048 23.1 23.1 22.9 23.3 23.6 23.8 24 -
2014-6-17 1:00:0023.1 22.4 23.1 23.1 999.8 0 96 95 91 1.4 103 0.8 73 0.7 69 0.9 74 2 1871 1873 22.9 23.1 22.8 23.3 23.7 23.8 24 -
2014-6-17 00:00:0023 22.2 23 23 1,000.6 0 95 95 85 1.1 90 0.9 73 0.8 81 1.1 101 2.2 2369 2146 23.1 23.1 22.9 23.3 23.7 23.9 24.1 -
2014-6-16 23:00:0023 22.2 23 23 1,001.1 0 95 94 59 0.6 79 0.5 51 0.5 68 0.9 66 1.8 2475 2218 22.9 22.9 22.8 23.4 23.7 24 24.1 -
2014-6-16 22:00:0023 22 23 22.9 1,001.8 0 94 93 60 0.7 90 0.3 75 0.8 56 1.2 83 2.2 2869 2974 22.8 22.8 22.6 23.4 23.8 24 24.2 -
2014-6-16 21:00:0022.9 21.7 23 22.9 1002 0 93 92 72 1.7 73 0.9 51 1.1 69 1.6 153 3.6 3044 3360 22.6 22.7 22.6 23.4 23.9 24.1 24.2 -
2014-6-16 20:00:0023 21.6 23.3 23 1,001.6 0 92 87 58 2.1 62 1 61 1.4 60 1.6 48 4.6 4277 4038 22.6 23.3 22.5 23.6 24 24.2 24.3 -
2014-6-16 19:00:0023.3 21 23.6 23.3 1,001.8 0 87 82 36 2.3 30 1 60 1.2 75 1.3 109 3.6 6444 7445 23.4 23.7 23.3 23.8 24.2 24.3 24.4 -
2014-6-16 18:00:0023.6 20.3 23.7 23.6 1,001.6 0 82 80 67 1.8 34 1.1 108 1.4 77 1.6 65 5.8 12635 13864 23.7 24.4 23.7 24 24.4 24.4 24.4 -
2014-6-16 17:00:0023.6 20.3 23.7 23.5 1,001.6 0 82 81 35 1.2 12 0.7 23 1 83 1.6 347 3.4 16924 15986 24.4 24.8 24.2 24.4 24.5 24.5 24.4 -
2014-6-16 16:00:0023.6 20.3 23.6 23.3 1,001.5 0 82 80 43 3.4 68 2.1 70 1.4 90 2 119 7.1 15625 15281 24.6 25.3 24.6 24.6 24.6 24.5 24.5 -
2014-6-16 15:00:0023.3 20.3 23.8 23.3 1,002.2 0 83 83 85 2.2 60 1.7 51 1.1 54 1.6 137 6.9 16200 14543 24.9 25.1 24.3 24.7 24.7 24.5 24.5 -
2014-6-16 14:00:0023.8 20.7 23.9 23.7 1,002.6 0 83 83 58 1.3 92 0.8 105 1.4 68 1.6 116 5.4 10326 11359 25 25.3 24.6 24.8 24.7 24.5 24.5 -
2014-6-16 13:00:0023.9 20.8 24.1 23.9 1,003.3 0 83 80 83 1.4 72 1.5 61 1.6 66 1.7 76 4.8 8190 12568 25 26.4 25 25 24.7 24.5 24.5 -
2014-6-16 12:00:0024 20.5 24.5 24 1,003.7 0 81 78 37 1.4 18 1.2 72 1.5 71 1.7 113 6 18803 16456 25.9 26.1 24.8 24.8 24.6 24.5 24.5 -
2014-6-16 11:00:0024.5 20.6 24.5 24.3 1,004.5 0 79 79 79 1.7 92 1.4 77 1.5 79 1.7 349 7.2 18230 17406 24.9 25.8 24.9 24.7 24.6 24.5 24.5 -
2014-6-16 10:00:0024.4 21.1 24.6 24.3 1,004.5 0 82 80 75 2.9 65 1.7 46 1.3 56 1.8 34 4.8 14273 14009 25 26.1 25 24.8 24.5 24.4 24.5 -
2014-6-16 9:00:0024.6 21.1 24.6 24.3 1,004.8 0 81 81 127 1.8 98 1.1 90 1.2 71 1.9 29 5.6 15038 14519 25.7 26.2 25 24.6 24.4 24.4 24.5 -
2014-6-16 8:00:0024.3 21.2 24.3 24.1 1,005.1 0 83 83 59 1.1 30 0.8 72 1.1 85 1.7 53 3.5 13709 13520 25 25 24 24.1 24.2 24.4 24.6 -
2014-6-16 7:00:0024.1 21.4 24.1 23.9 1005 0 85 85 126 2.7 123 1.9 87 1.3 71 1.3 30 3.8 11689 10572 24.1 24.1 23.9 23.9 24.2 24.5 24.6 -
2014-6-16 6:00:0023.9 21.4 23.9 23.8 1005 0 86 86 103 0.9 71 0.5 60 0.7 80 1.3 98 3.4 10213 10182 23.9 23.9 23.5 23.8 24.3 24.5 24.7 -
2014-6-16 5:00:0023.8 21.5 23.9 23.8 1,004.7 0 87 86 65 0.9 54 0.9 48 0.9 69 1.2 76 4 9368 9639 23.5 23.5 22.8 23.8 24.3 24.6 24.8 -
2014-6-16 4:00:0023.9 21.4 23.9 23.8 1,004.5 0 86 85 80 1.1 87 0.7 85 1 64 1.1 75 2.9 8027 9192 23.2 23.8 23.2 23.9 24.4 24.7 24.9 -
2014-6-16 3:00:0023.9 21.2 24 23.9 1,004.6 0 85 83 40 1.4 67 0.7 66 0.9 66 1.3 85 3.7 9687 10122 23.7 23.8 23.7 24 24.5 24.8 25 -
2014-6-16 2:00:0024 20.9 24 23.9 1,004.9 0 83 82 60 2 67 1.4 73 1 73 1.3 111 3.4 11632 12120 23.8 23.8 23.6 24.1 24.6 25 25.1 -
2014-6-16 1:00:0024 20.9 24 23.9 1,005.4 0 83 82 72 1.9 69 1.3 61 1 75 1.3 62 3.6 8911 9717 23.7 23.9 23.7 24.1 24.8 25.1 25.2 -
2014-6-16 00:00:0024 20.7 24.4 24 1,005.9 0 82 78 68 2.7 85 1.2 86 1 96 1.4 62 3.8 8601 8607 23.7 23.8 23.6 24.2 24.9 25.3 25.4 -
2014-6-15 23:00:0024.4 20.3 24.7 24.4 1,006.4 0 78 71 80 1.2 69 0.8 60 1 106 1.4 152 3.3 11024 11269 23.8 23.9 23.7 24.4 25.2 25.5 25.5 -
2014-6-15 22:00:0024.7 19.1 25.1 24.7 1,006.6 0 71 66 79 2.2 87 1.2 98 1 81 1.3 99 3.9 13449 14270 23.9 24.4 23.9 24.7 25.6 25.8 25.7 -
2014-6-15 21:00:0025.1 18.5 26 25.1 1,006.9 0 67 55 72 1.1 71 0.5 59 1.1 75 1.4 53 3.5 16461 17304 24.4 25.3 24.4 25.2 26 26.1 25.9 -
2014-6-15 20:00:0026 16.3 26.7 26 1,006.7 0 55 53 95 1.4 86 0.9 79 1 80 1.4 73 3 19552 19837 25.3 26.1 25.2 25.9 26.5 26.4 26 -
2014-6-15 19:00:0026.7 16.6 27.5 26.7 1006 0 54 49 94 1.5 86 1.3 85 1.3 62 1.4 87 3.6 17443 16382 26.1 27.5 26.1 26.7 27 26.7 26.1 -
2014-6-15 18:00:0027.5 15.8 28.4 27.5 1,005.6 0 49 45 87 2.3 49 1.5 78 1.2 76 1.7 87 3.1 15789 16796 27.6 29.6 27.6 27.7 27.6 26.9 26.2 -
2014-6-15 17:00:0028.4 15.7 29.3 28.4 1,005.7 0 46 43 48 1.7 50 1.4 64 1.3 53 1.3 278 3.3 15183 15004 29.5 32 29.5 28.7 28.1 27.1 26.2 -
2014-6-15 16:00:0029.3 15.4 29.5 29.3 1,005.2 0 43 42 112 0.9 80 0.7 50 0.8 61 1.6 75 3.7 10688 10350 32 33.3 31.7 29.7 28.5 27.1 26.1 -
2014-6-15 15:00:0029.5 16.7 29.6 29.3 1,005.3 0 46 46 57 1.9 58 1.4 73 1.1 65 1.5 116 3.7 12909 12689 32.8 34 32.4 30.3 28.7 27.1 25.9 -
2014-6-15 14:00:0029.4 18.2 29.9 29.4 1,005.5 0 51 45 25 2 52 1.1 70 1.4 71 1.6 77 4.4 11273 12261 33.3 36.7 33 31.1 28.9 26.9 25.7 -
2014-6-15 13:00:0029.8 17.3 30.2 29.6 1,006.3 0 47 45 104 3.5 105 2.1 69 1.6 86 1.9 109 4.8 11595 10559 36.1 40.2 35.3 31.9 28.7 26.4 25.3 -
2014-6-15 12:00:0029.6 16.4 29.6 29.2 1,007.1 0 45 44 31 1.7 48 1.2 59 1.1 88 1.9 70 4.7 13765 10784 37.4 41.1 35 31.1 27.8 25.7 25 -
2014-6-15 11:00:0029.1 17.6 29.1 26.9 1,007.6 0 50 48 125 2 116 1.2 73 1.3 66 1.9 66 3.8 9396 7316 39.8 42 32.9 30.4 26.2 25 24.8 -
2014-6-15 10:00:0026.9 17.9 26.9 25.9 1,007.8 0 58 58 337 2.2 307 1.1 62 0.8 98 1.4 100 3.5 8122 7025 32.5 32.5 27.4 26.1 25.1 24.8 24.8 -
2014-6-15 9:00:0025.9 19.5 25.9 25.6 1,008.3 0 68 65 59 0.8 68 0.3 86 0.7 93 1.1 83 2.3 6706 6578 27.4 27.5 26.9 25.3 24.9 24.7 24.8 -
2014-6-15 8:00:0025.6 18.8 25.6 25.1 1,008.2 0 66 65 110 1.5 62 1 342 0.8 310 0.9 265 2.5 7379 7811 26.9 27.2 25.7 24.9 24.6 24.7 24.8 -
2014-6-15 7:00:0025.1 18.5 25.1 25 1,007.4 0 67 67 104 1.4 106 0.8 97 0.6 61 0.7 130 1.6 8627 8545 25.8 25.8 23.9 24.1 24.5 24.8 24.9 -
2014-6-15 6:00:0024.9 18.8 25.1 24.9 1,007.4 0 69 66 123 1.2 129 0.7 103 0.5 70 1.3 88 2.5 8369 8556 23.9 24.3 23.5 24 24.6 24.9 25 -
2014-6-15 5:00:0025 18.4 25 24.9 1,007.1 0 67 67 56 1.3 94 0.6 117 0.7 62 1 60 2.3 9885 9543 24 24.1 23.9 24.1 24.7 25 25.2 -
2014-6-15 4:00:0024.9 18.4 24.9 24.9 1007 0 67 66 67 0.9 54 0.6 78 0.8 77 0.8 47 2 8429 8852 23.9 24.1 23.9 24.2 24.8 25.2 25.3 -
2014-6-15 3:00:0024.9 18.4 24.9 24.8 1,006.9 0 67 66 85 1.1 82 0.7 110 0.7 63 0.8 78 1.4 8501 9036 24 24.2 24 24.3 25 25.3 25.4 -
2014-6-15 2:00:0024.8 18 25 24.8 1,007.1 0 66 64 158 1.2 151 0.8 133 0.5 101 0.9 124 2.5 9736 10146 24.1 24.4 24 24.5 25.2 25.5 25.6 -
2014-6-15 1:00:0025 18.2 25.2 25 1,007.1 0 66 66 14 1 343 0.5 101 0.8 98 1.1 134 2.9 10238 9323 24.4 24.7 24.4 24.8 25.5 25.8 25.7 -
2014-6-15 00:00:0025.2 20.2 26 25.2 1,007.4 0 74 67 111 2.4 92 1 94 1.1 107 1.4 124 3.3 5534 5747 24.7 25.1 24.7 25.1 25.8 26 25.9 -
2014-6-14 23:00:0026 19.2 26.5 26 1,007.8 0 66 60 117 2.6 125 1.1 94 1 86 1 117 2.6 6981 7301 25.1 25.4 25 25.4 26.1 26.3 26.1 -
2014-6-14 22:00:0026.5 18.1 27.3 26.5 1,008.2 0 60 57 122 2.3 70 0.8 331 0.8 30 0.9 122 2.3 8135 7348 25.3 26 25.3 25.8 26.5 26.6 26.3 -
2014-6-14 21:00:0027.3 18 28 27.3 1,007.7 0 57 49 23 0.8 38 0.5 34 0.6 338 0.8 289 1.9 7615 7978 25.9 26.4 25.8 26.3 27 26.9 26.5 -
2014-6-14 20:00:0028 16.3 28.9 28 1,007.3 0 49 45 129 2.5 108 1.3 353 0.8 332 0.8 129 2.5 7688 7919 26.2 27.3 26.2 27 27.6 27.3 26.7 -
2014-6-14 19:00:0029 15.9 29.9 29 1,007.2 0 45 40 52 0.6 32 0.6 16 0.8 333 1.1 123 3.3 7573 7513 27.4 29.3 27.3 28 28.3 27.7 26.8 -
2014-6-14 18:00:0029.9 16 30.7 29.9 1007 0 43 40 5 0.8 1 0.4 27 0.6 39 1 98 2.4 8454 7786 29.3 31.6 29.3 29.2 29.1 28 26.9 -
2014-6-14 17:00:0030.8 17.1 31.6 30.8 1,006.7 0 44 42 6 1.3 327 0.8 324 0.8 84 1.3 76 3.1 7783 7888 31.6 33.3 31.6 30.6 29.8 28.3 26.9 -
2014-6-14 16:00:0031.6 17.9 32.7 31.6 1,006.5 0 44 40 338 1.8 334 1.1 32 1.1 92 1.8 100 3.9 7260 7964 32.9 36.1 29.5 31.7 30.5 28.5 26.7 -
2014-6-14 15:00:0032.7 18.1 33 32.6 1,006.3 0 42 36 67 2.9 64 1.7 66 1.4 69 2.1 77 5.2 5933 6021 36.2 38.2 35.3 33.2 31.2 28.5 26.5 -
2014-6-14 14:00:0033 16.8 33.6 33 1,006.2 0 38 35 69 1.3 39 0.7 42 1.5 94 1.8 65 3.7 6194 6339 37.9 47.2 37.3 35.8 31.7 28 26 -
2014-6-14 13:00:0033.5 17.2 33.5 32.7 1,006.8 0 38 36 342 0.8 297 0.7 306 1 1 1.3 315 3.2 6650 6392 46.4 47.2 41.2 36.4 30.8 27.1 25.4 -
2014-6-14 12:00:0032.8 17.4 32.8 31.1 1,007.3 0 40 39 22 0.9 45 0.6 23 1.3 259 1.9 260 3.6 6919 7008 45.7 46.8 42.8 35.2 29.2 26 24.9 -
2014-6-14 11:00:0031.1 16.3 31.1 29.5 1,007.7 0 41 40 243 1.2 196 0.6 32 0.7 251 1.5 277 2.7 8638 9349 42.6 42.6 38.8 31.8 27.4 25.2 24.5 -
2014-6-14 10:00:0029.4 17.6 29.4 27.6 1008 0 49 49 84 1.6 88 1.1 358 1.2 252 1.6 252 2.6 6521 6100 40 40.9 34.6 29.3 25.8 24.5 24.3 -
2014-6-14 9:00:0027.5 18.5 27.5 25.7 1,008.1 0 58 58 237 1 259 0.9 262 1.2 270 1.6 281 2.5 5593 5593 34.7 34.7 27.4 26.3 24.5 24.2 24.2 -
2014-6-14 8:00:0025.7 18.9 25.7 24.7 1,008.3 0 66 66 253 1.4 256 1.2 280 0.9 280 0.9 260 1.7 4847 4847 27.4 27.4 25.2 24.4 24.1 24.1 24.3 -
2014-6-14 7:00:0024.7 19.1 24.7 24.3 1,007.9 0 71 70 232 0.6 260 0.4 278 0.4 345 0.4 127 1 5054 4963 25.2 25.2 23.9 23.8 23.9 24.1 24.3 -
2014-6-14 6:00:0024.3 18.7 24.3 23.9 1,007.8 0 71 70 53 0.4 - 0.2 359 0.3 295 0.4 305 0.9 4907 4523 23.9 23.9 22.9 23.3 23.8 24.2 24.5 -
2014-6-14 5:00:0024 18.4 24 23.9 1,007.4 0 71 70 - 0.2 - 0.2 300 0.4 276 0.4 261 1.1 5355 5447 22.9 22.9 22.5 23.1 23.9 24.4 24.6 -
2014-6-14 4:00:0023.9 18.1 24 23.9 1007 0 70 69 356 0.3 - 0.2 - 0.2 260 0.6 280 1.4 5830 6003 22.7 22.7 22.4 23.2 24.1 24.5 24.7 -
2014-6-14 3:00:0023.9 17.9 24.2 23.9 1,007.1 0 69 69 273 0.5 260 0.3 290 0.4 189 0.5 107 1.2 5983 6012 22.5 22.8 22.5 23.4 24.3 24.7 24.9 -
2014-6-14 2:00:0024.2 18.2 24.6 24.2 1007 0 69 68 55 0.3 - 0.2 340 0.3 89 0.6 113 1.8 5978 5869 22.8 23.2 22.8 23.7 24.6 25 25 -
2014-6-14 1:00:0024.6 18.3 25 24.6 1,007.3 0 68 67 49 0.4 68 0.4 91 0.6 117 0.6 101 1.7 5652 5682 23.2 23.6 23.1 24 24.9 25.2 25.2 -
2014-6-14 00:00:0025 18.9 25.6 25 1,007.9 0 69 65 54 0.5 104 0.4 125 0.5 67 0.8 139 2 5043 5068 23.5 24.2 23.5 24.3 25.2 25.5 25.4 -
2014-6-13 23:00:0025.6 18.5 26.3 25.6 1,008.1 0 65 58 65 0.7 83 0.6 59 0.6 102 1.1 86 1.8 5412 5207 24.2 25 24.2 24.8 25.5 25.7 25.6 -
2014-6-13 22:00:0026.3 17.4 26.7 26.3 1,008.3 0 58 52 119 1.7 120 1.1 102 1.1 99 1.1 117 2.6 5723 6387 25 25.4 24.8 25.2 26 26.1 25.7 -
2014-6-13 21:00:0026.7 16.3 27.3 26.7 1,007.9 0 53 48 84 0.5 70 0.4 40 0.3 312 0.8 277 1.8 9194 8349 25.3 25.9 25.3 25.8 26.4 26.4 25.9 -
2014-6-13 20:00:0027.3 15.7 28.2 27.3 1,007.2 0 49 47 16 0.9 318 0.9 333 0.7 86 0.9 130 2.4 11321 9831 26 27.2 26 26.5 27 26.8 26.1 -
2014-6-13 19:00:0028.2 15.8 28.8 28.2 1,006.8 0 47 45 113 1.5 119 1.1 75 0.7 56 1.1 109 2.6 9549 10680 27.2 28.5 27.2 27.4 27.7 27.1 26.2 -
2014-6-13 18:00:0028.9 16.8 29.8 28.9 1,005.8 0 48 46 262 1.5 276 0.9 260 1 105 1.9 100 3.4 9248 9510 28.5 30.6 28.5 28.6 28.5 27.5 26.3 -
2014-6-13 17:00:0029.9 17 31.1 29.9 1,005.3 0 46 44 52 2.5 127 1.3 100 1.5 71 1.7 26 4.9 10202 9511 30.7 33.4 30.7 30.1 29.4 27.8 26.3 -
2014-6-13 16:00:0031.2 17.5 32 31.2 1,005.1 0 44 37 271 2.4 260 1.3 275 1.2 226 1.8 89 3.3 7513 7298 33.6 35.9 33.6 31.7 30 27.9 26.1 -
2014-6-13 15:00:0031.5 16.3 32.1 31.5 1,005.3 0 40 37 341 1 320 0.7 300 0.7 325 1.3 344 3.2 6677 6842 35.2 39.8 34.7 33 30.6 27.7 25.8 -
2014-6-13 14:00:0031.9 16.2 31.9 31.3 1,005.6 0 39 38 311 1.7 336 1 10 1.2 280 2.1 81 4.3 6333 7175 39.4 44.2 39.2 34.9 30.6 27.2 25.4 -
2014-6-13 13:00:0031.4 17.3 31.4 30 1,006.1 0 43 41 288 1.7 273 1.7 292 1 266 1.8 233 3.5 7591 7187 44.3 45.2 36.6 34.2 29.7 26.6 24.9 -
2014-6-13 12:00:0030 16.8 30.3 29.8 1,006.9 0 45 44 297 2.2 279 1.8 255 1.7 265 1.9 267 4.2 6647 6565 38.2 45.1 38.2 34.3 29.2 25.8 24.3 -
2014-6-13 11:00:0029.8 16.9 29.8 27.9 1,007.1 0 46 44 265 3.1 272 1.2 265 1.8 270 2 255 4.2 9475 7623 43.7 44.4 40.4 33.3 27.5 24.7 23.8 -
2014-6-13 10:00:0027.8 18.8 27.8 26.3 1,007.3 0 58 54 286 1.1 277 0.8 270 1.1 266 2.3 274 5.2 6591 5509 41 41.6 33.1 29.9 25.4 23.8 23.5 -
2014-6-13 9:00:0026.3 17.9 26.3 24.7 1,007.3 0 60 59 267 3 260 2 249 1.9 246 2 239 3.6 5947 5891 32.8 35.8 27.7 26.7 23.8 23.3 23.4 -
2014-6-13 8:00:0024.7 18.2 24.7 23.1 1,007.2 0 67 66 259 1.5 252 1.4 250 1.6 264 2.1 283 3.6 4798 4827 27.5 28.4 25 23.5 22.9 23.1 23.4 -
2014-6-13 7:00:0023 17.9 23 21.7 1007 0 73 71 270 1.1 268 0.9 254 0.9 261 2 262 2.9 6383 6099 24.9 24.9 21.8 22.2 22.6 23.1 23.5 -
2014-6-13 6:00:0021.7 18.3 21.7 21.3 1,006.5 0 81 81 289 1.5 283 1.2 285 0.6 273 1.1 275 1.6 4575 4274 21.8 21.8 20.3 21.6 22.5 23.2 23.6 -
2014-6-13 5:00:0021.4 18.2 21.7 21.4 1,006.4 0 82 80 289 0.8 280 0.7 275 0.7 272 1 253 2.5 4592 4692 20.3 20.5 20.2 21.5 22.7 23.4 23.8 -
2014-6-13 4:00:0021.7 18.1 21.9 21.7 1,006.4 0 80 79 252 0.9 255 0.7 298 0.4 271 1.4 260 3.1 4734 4776 20.5 20.9 20.5 21.7 22.9 23.6 24 -
2014-6-13 3:00:0022 18.2 22.1 22 1,006.5 0 79 76 322 0.7 355 0.5 286 0.7 272 1.5 275 3.9 4943 4853 20.8 21.2 20.8 21.9 23.1 23.8 24.1 -
2014-6-13 2:00:0022 17.6 22.3 22 1,006.4 0 76 75 275 1.7 280 0.8 271 0.9 270 1.6 259 2.8 4455 4727 21 21.5 20.8 22.2 23.4 24.1 24.3 -
2014-6-13 1:00:0022.3 17.7 23 22.3 1,006.7 0 75 74 278 1.9 273 1.6 269 1.3 278 1.3 276 2.7 4360 4239 21.5 21.7 21.4 22.6 23.7 24.3 24.5 -
2014-6-13 00:00:0023 18.1 23.7 23 1,006.9 0 74 68 94 0.8 57 0.5 12 0.4 279 1.1 275 1.8 4966 4933 21.7 22.3 21.7 22.9 24.1 24.6 24.7 -
2014-6-12 23:00:0023.7 17.2 24.3 23.7 1,007.2 0 67 54 27 0.7 188 0.5 265 0.7 94 0.9 275 1.6 6490 6958 22.4 22.6 22.1 23.3 24.4 24.9 24.9 -
2014-6-12 22:00:0024.3 14.4 24.9 24.3 1,007.1 0 54 52 356 1.2 14 0.6 350 0.8 81 1.8 75 3.1 12764 13195 22.6 23.5 22.6 23.8 24.9 25.3 25.1 -
2014-6-12 21:00:0024.9 15.2 24.9 24.5 1,006.9 0 55 55 76 2.4 76 1.6 82 1.7 82 1.8 77 3.3 10726 10346 23.5 23.9 23.4 24.5 25.5 25.6 25.3 -
2014-6-12 20:00:0024.7 17.4 25.7 24.7 1006 0 64 63 255 1.3 273 0.8 310 0.7 274 1.5 255 3 8628 8516 23.9 25.3 23.9 25.4 26.2 26 25.5 -
2014-6-12 19:00:0025.7 18.1 27 25.7 1,005.6 0 63 60 68 0.8 324 0.8 305 1 59 1.4 65 3 8872 9191 25.3 27.7 25.3 26.5 26.9 26.4 25.6 -
2014-6-12 18:00:0027.1 18.9 28.1 27.1 1,004.9 0 61 44 342 0.8 330 0.7 350 1.1 296 1.6 335 4.6 9278 8902 27.6 29.4 27.6 27.6 27.5 26.7 25.7 -
2014-6-12 17:00:0028.1 15.1 28.8 28 1,004.7 0 45 39 258 1.3 266 0.9 326 1.4 20 2.3 258 4.8 11264 11811 29.4 31.8 29.3 28.6 28.1 27 25.7 -
2014-6-12 16:00:0028.8 13.9 29.4 28.8 1,004.4 0 40 39 89 3.6 50 2.3 49 1.7 342 2.1 341 5.4 12946 12141 30.4 31.9 30.4 29.7 28.9 27.3 25.7 -
2014-6-12 15:00:0028.8 14.2 29.2 28.6 1,004.6 0 41 38 3 2 344 1.3 14 2 42 2.6 35 6.6 13008 13282 31.3 35.3 31.1 31.3 29.9 27.3 25.4 -
2014-6-12 14:00:0028.5 14 28.9 28 1005 0 41 40 167 2.4 167 1.4 355 2.3 2 3.1 329 7.2 12183 12291 35.3 44.4 35.3 34.4 30.4 26.9 24.9 -
2014-6-12 13:00:0028 15.3 28.5 27.3 1,005.3 0 46 45 93 4.5 58 2.1 19 2.4 62 2.9 344 6 10732 9927 41.6 46 37.8 34.8 29.6 26 24.4 -
2014-6-12 12:00:0027.5 16.2 27.6 26.8 1,005.8 0 50 50 343 3.8 340 2.3 299 2 24 2.4 44 5.6 9201 8676 42.6 43.3 38.8 33.9 28.2 25 23.8 -
2014-6-12 11:00:0027 15.7 27.1 25.9 1,006.1 0 50 50 55 2.6 51 1.8 14 2.4 4 2.5 37 5.8 10559 9742 39.6 41.5 35.8 31.5 26.4 24.1 23.4 -
2014-6-12 10:00:0025.9 16.7 25.9 24.5 1,006.2 0 57 57 64 2.4 67 1.9 62 2 32 2.1 79 4.4 7616 8440 36.8 37.6 33 28.7 24.7 23.3 23.2 -
2014-6-12 9:00:0024.5 17.5 24.5 23.3 1,006.4 0 65 64 152 1 234 1.1 312 1.1 77 1.4 63 3.5 6393 6437 33.7 34 25.7 25.4 23.2 22.9 23.1 -
2014-6-12 8:00:0023.3 18.4 23.3 22.6 1,006.6 0 74 74 355 2.3 15 1.4 354 1.1 48 1.7 88 3.6 4596 4587 25.6 25.6 23.5 22.8 22.7 22.8 23.1 -
2014-6-12 7:00:0022.6 19 22.6 21.9 1,006.3 0 80 80 307 2.1 313 1.2 14 1.1 45 1.4 359 3.2 4174 4110 23.5 23.5 22 22.1 22.4 22.8 23.2 -
2014-6-12 6:00:0021.9 19.3 21.9 21.5 1006 0 85 84 271 0.8 257 0.5 317 0.6 3 0.6 256 1.4 4892 5074 22 22 20.5 21.6 22.4 22.9 23.3 -
2014-6-12 5:00:0021.5 19.1 21.8 21.5 1,005.7 0 86 84 - 0.1 - 0.1 316 0.3 261 1.1 254 1.3 6235 6357 20.5 20.8 20.5 21.5 22.5 23.1 23.4 -
2014-6-12 4:00:0021.8 19 22.2 21.8 1,005.5 0 84 82 263 1.7 273 1.1 260 1.1 254 1.6 258 2.6 7124 7223 20.8 21.3 20.8 21.8 22.7 23.2 23.5 -
2014-6-12 3:00:0022.2 19 22.3 22.2 1,005.5 0 82 81 263 1.8 255 1.5 255 1.6 269 1.8 270 2.9 7414 7340 21.3 21.7 21.3 22 22.9 23.4 23.7 -
2014-6-12 2:00:0022.2 19 22.4 22.1 1,005.6 0 82 81 280 1 282 0.8 285 0.7 277 1.4 272 2.6 7689 7833 21.3 21.5 21 22 23.1 23.6 23.8 -
2014-6-12 1:00:0022.4 18.8 22.8 22.4 1,005.9 0 80 79 278 1.9 275 1.6 280 1.1 280 1.1 273 2.2 8621 8891 21.5 22.1 21.5 22.4 23.4 23.8 23.9 -
2014-6-12 00:00:0022.8 19 22.9 22.8 1,006.2 0 79 78 337 0.7 327 0.5 273 0.7 272 1 118 2.3 9580 9482 22.1 22.4 22.1 22.8 23.6 24 24.1 -
2014-6-11 23:00:0022.9 19.1 23 22.9 1,006.6 0 79 78 44 0.5 - 0.2 358 0.4 314 0.9 56 2.3 10178 10001 22.4 22.6 22.4 23 23.8 24.2 24.2 -
2014-6-11 22:00:0023 19.2 23.4 23 1,006.3 0 79 76 64 1.5 74 0.9 20 0.8 59 1.3 51 3.5 9863 10804 22.6 22.6 22.2 23.2 24.2 24.5 24.4 -
2014-6-11 21:00:0023.4 18.9 24.2 23.4 1,006.2 0 76 71 290 1.5 329 0.7 60 0.9 98 1.4 81 3.4 13947 14191 22.5 23.1 22.5 23.7 24.6 24.8 24.6 -
2014-6-11 20:00:0024.2 18.6 25.6 24.2 1,005.6 0 71 65 97 1.1 100 1 96 0.9 92 1.4 98 3.4 15916 14643 23.2 24.3 23.1 24.4 25.2 25.2 24.7 -
2014-6-11 19:00:0025.6 18.5 26.3 25.6 1,005.3 0 65 59 67 2.6 67 1.2 93 0.9 69 2 75 3.3 13155 13782 24.3 26.1 24.3 25.3 25.8 25.5 24.8 -
2014-6-11 18:00:0026.3 17.9 26.9 26.3 1,004.7 0 60 55 72 1.1 65 0.8 42 1.1 66 1.8 74 3.8 13788 9225 26.1 27.8 26.1 26.4 26.5 25.8 24.9 -
2014-6-11 17:00:0026.9 17.4 27.2 26.9 1,004.5 0 56 54 54 2.2 63 1.7 50 1.5 49 1.6 73 3.6 18217 15926 27.9 31.3 27.9 27.7 27.1 26 24.9 -
2014-6-11 16:00:0027.1 17 27.8 27.1 1005 0 54 52 15 1.1 165 0.5 103 1 67 2.2 85 4.2 14027 16813 28.8 31 28.2 28.5 27.8 26.2 24.8 -
2014-6-11 15:00:0027.6 17.5 27.6 26.9 1,005.4 0 54 52 60 1.3 36 1 62 1.6 77 2.9 56 4.6 15878 16561 30.9 34.5 30.7 30.4 28.6 26.1 24.5 -
2014-6-11 14:00:0027 17.2 27.6 26.8 1,005.9 0 55 52 77 3.9 78 2.6 83 2.7 83 2.7 90 6.5 19981 18325 33 43.9 33 33.1 28.7 25.4 24 -
2014-6-11 13:00:0026.7 16.9 26.9 26.4 1,006.2 0 55 54 4 1.9 40 1.4 75 2.2 84 2.7 82 4.9 17743 17544 41.2 41.2 35.4 32.1 27.2 24.5 23.6 -
2014-6-11 12:00:0026.4 16.9 26.4 25.5 1,006.6 0 56 55 89 2.2 50 1.5 77 1.5 91 2.7 116 4.5 14782 16679 39.4 40.3 32.6 30.1 25.7 23.8 23.2 -
2014-6-11 11:00:0025.5 17.2 25.5 24.4 1,007.1 0 60 58 44 2.4 60 1.6 66 1.4 77 2 90 4.1 23541 19430 32.9 36.9 28.1 27.4 24.3 23.2 23 -
2014-6-11 10:00:0024.5 17.2 24.6 23.6 1,007.4 0 64 62 58 4.2 56 1.8 23 1.5 74 2.4 80 4.9 19322 20817 29.4 34.1 25.5 25.4 23.3 22.9 22.9 -
2014-6-11 9:00:0023.6 17.4 23.6 23 1,007.1 0 68 67 33 2.9 53 2 77 2.4 76 2.4 78 5.1 13630 14523 25.4 30 24.1 23.5 22.8 22.7 22.9 -
2014-6-11 8:00:0023 17.7 23 22.4 1007 0 72 71 54 1.1 65 0.7 67 1.9 71 2.3 68 3.9 14629 15293 24 24.9 23 22.3 22.3 22.6 23 -
2014-6-11 7:00:0022.4 17.5 22.4 21.9 1,006.6 0 74 74 25 1.9 45 1.6 92 1.4 56 1.9 54 3.3 15112 14739 22.9 22.9 21.4 21.6 22.2 22.7 23 -
2014-6-11 6:00:0021.9 18.1 21.9 21.7 1,006.3 0 79 79 70 2.1 66 1.4 69 1.3 71 1.6 60 2.8 11354 11985 21.4 21.4 20.5 21.3 22.2 22.8 23.2 -
2014-6-11 5:00:0021.8 18.2 22.2 21.8 1,005.9 0 80 80 65 1.5 58 1.3 71 1.5 71 1.5 77 3 12513 11865 20.5 21 20.3 21.4 22.4 23 23.3 -
2014-6-11 4:00:0022.2 18.8 22.5 22.2 1,005.9 0 81 78 53 1 48 0.9 70 0.6 71 1.5 78 2.8 11233 10453 20.9 21.7 20.9 21.7 22.6 23.1 23.4 -
2014-6-11 3:00:0022.6 18.6 22.6 22.3 1006 0 78 76 60 2.8 68 1.5 79 1.3 79 1.3 60 2.8 12341 10686 21.7 21.9 21.2 22 22.8 23.3 23.5 -
2014-6-11 2:00:0022.6 18.2 22.7 22.6 1006 0 76 76 69 1.2 72 1.2 82 1 87 1.9 82 3.2 10972 10798 21.5 22.1 21.5 22.2 23 23.4 23.6 -
2014-6-11 1:00:0022.7 19.1 22.7 22.5 1,006.3 0 80 79 86 1.2 79 1 75 1.5 86 1.8 83 3 8795 8797 22.1 22.2 21.8 22.4 23.2 23.6 23.8 -
2014-6-11 00:00:0022.5 19.3 22.8 22.5 1,006.8 0 82 81 107 1 124 0.8 116 0.6 98 1.2 91 2.2 8188 8216 21.7 22.1 21.7 22.5 23.4 23.8 23.9 -
2014-6-10 23:00:0022.8 19.4 22.9 22.7 1007 0 81 78 88 1.5 84 1.1 100 1.2 93 1.2 46 3.4 8653 8630 22 22.3 21.7 22.7 23.6 24 24.1 -
2014-6-10 22:00:0022.9 18.9 23 22.9 1,007.3 0 78 77 29 0.5 83 0.5 93 1.3 65 1.6 76 4.1 10086 9691 21.9 22.4 21.9 22.9 23.9 24.3 24.3 -
2014-6-10 21:00:0023 18.8 23.2 23 1,007.2 0 77 73 44 1.8 59 0.9 67 1 75 1.5 63 3.3 9776 9825 22.2 22.4 22.2 23.3 24.3 24.6 24.5 -
2014-6-10 20:00:0023.2 18.1 23.8 23.2 1,006.7 0 73 70 123 2.2 117 1.5 70 1.4 78 1.6 79 4.2 11144 12078 22.3 23.1 22.3 23.8 24.9 25 24.6 -
2014-6-10 19:00:0023.8 18.2 24.8 23.8 1,006.3 0 71 65 67 1.3 52 1 57 1.4 55 1.8 137 4.2 15550 14534 23.1 24.8 23.1 24.8 25.6 25.4 24.8 -
2014-6-10 18:00:0024.8 17.8 25.6 24.8 1,005.7 0 65 62 100 2.4 47 0.9 59 1.4 57 2.6 50 6.3 20520 21446 24.8 26.6 24.8 26 26.4 25.8 24.9 -
2014-6-10 17:00:0025.6 17.8 27 25.6 1,005.4 0 62 59 45 2.5 48 1.8 57 2.4 67 2.6 69 5.3 24764 19795 26.6 30.5 26.5 27.5 27.2 26.1 24.9 -
2014-6-10 16:00:0027 18.3 28.5 27 1,005.3 0 59 54 49 2.9 19 1.4 52 1.9 64 2.3 60 5 16271 18190 28.7 32.1 28.3 28.8 28.1 26.3 24.7 -
2014-6-10 15:00:0028.4 19.3 28.4 27.7 1,005.5 0 58 54 47 2 45 1.4 60 1.4 80 2.4 87 5.4 13721 17038 32.2 36.6 30.6 30.7 29 26.2 24.4 -
2014-6-10 14:00:0028.2 19.4 28.2 27.8 1,005.4 0 59 56 60 1.5 58 1 83 1.7 59 2.3 44 6.2 16229 17178 37 44 37 34.3 29 25.5 23.9 -
2014-6-10 13:00:0027.9 19.1 27.9 26.8 1,005.8 0 59 59 98 3.7 89 1.9 89 1.7 82 2 102 4.9 15687 15610 41 42.9 35.6 33.1 27.6 24.5 23.4 -
2014-6-10 12:00:0027 19.4 27 25.4 1,006.2 0 63 62 136 3.6 134 2.1 105 1.9 69 2.1 133 4.8 14370 14791 39.9 42.8 31.5 31.2 25.9 23.6 22.9 -
2014-6-10 11:00:0025.5 19.4 25.5 24.2 1,006.8 0 69 69 41 2.8 44 1.9 65 1.5 64 2 132 4.1 11915 12748 31.9 39.6 31.8 28.2 24.4 22.9 22.7 -
2014-6-10 10:00:0024.1 19.6 24.1 23.1 1,006.8 0 76 75 83 2.9 97 1.9 71 2.2 68 2.3 59 4.3 10851 12044 32 32.6 25.6 24.5 22.9 22.5 22.6 -
2014-6-10 9:00:0023 20.2 23 22.6 1,007.1 0 84 83 109 1.3 94 0.8 71 1 77 1.6 104 3.8 9456 9944 25.5 25.6 22.4 22.8 22.4 22.4 22.6 -
2014-6-10 8:00:0022.6 20 22.6 22 1,006.8 0 85 85 76 2.1 70 1.6 63 1.3 89 1.4 99 3.3 7375 8065 22.6 23 21.4 22.2 22.1 22.3 22.6 -
2014-6-10 7:00:0022 20.1 22 21.8 1,006.5 0.1 89 86 51 1.9 51 0.7 90 0.8 62 1.4 48 2.8 6733 7083 21.5 21.5 21 21.5 22 22.4 22.7 -
2014-6-10 6:00:0021.8 19.4 21.8 21.6 1,006.4 0 86 86 65 0.9 52 0.7 61 0.9 57 1.3 87 2.7 7693 7620 21.2 21.2 21 21.4 22 22.4 22.7 -
2014-6-10 5:00:0021.6 19.3 21.6 21.5 1,005.8 0 87 86 55 1.2 52 1.1 59 1.2 60 1.3 98 2.8 8198 8522 21 21 20.7 21.3 22 22.5 22.8 -
2014-6-10 4:00:0021.5 18.9 21.5 21.4 1,005.6 0 85 85 66 1.7 73 0.9 107 0.7 71 0.8 66 1.7 12919 13291 20.8 20.9 20.6 21.3 22.1 22.6 22.9 -
2014-6-10 3:00:0021.4 18.8 21.5 21.4 1,006.1 0 85 84 69 0.7 69 0.5 53 0.7 98 1.3 104 2.5 13273 12780 20.6 20.7 20.6 21.3 22.2 22.8 23.1 -
2014-6-10 2:00:0021.5 18.7 21.6 21.5 1,005.6 0 84 82 85 1.1 62 0.7 53 0.6 55 1 59 2.2 12258 12356 20.7 20.9 20.7 21.5 22.4 22.9 23.2 -
2014-6-10 1:00:0021.5 18.3 21.7 21.5 1006 0 82 80 76 0.8 67 0.7 73 0.7 52 1.1 43 2.6 12862 13255 20.7 20.8 20.7 21.6 22.6 23.1 23.3 -
2014-6-10 00:00:0021.7 18.1 22 21.7 1,006.4 0 80 79 55 1 60 0.8 52 1 68 1.3 10 2.8 12826 13432 20.8 21.6 20.8 21.9 22.9 23.3 23.4 -
2014-6-9 23:00:0021.9 18.3 22.2 21.9 1,007.1 0 80 80 80 0.7 76 0.7 82 1.2 76 1.7 283 4 10277 11188 21.5 21.7 21.3 22.2 23.1 23.5 23.6 -
2014-6-9 22:00:0022.2 18.8 22.4 22.2 1,007.1 0 81 80 33 1.7 330 1 38 0.9 60 1.4 94 4.1 11323 10384 21.7 22 21.7 22.6 23.4 23.8 23.7 -
2014-6-9 21:00:0022.5 18.9 22.9 22.5 1007 0 80 78 58 2.4 57 1.6 60 1 69 1.6 57 3.5 10840 10550 22 22.2 21.9 22.9 23.8 24 23.9 -
2014-6-9 20:00:0022.9 18.9 23.3 22.9 1,006.6 0 78 76 112 1.4 78 0.7 68 1.3 71 1.5 60 3.2 10038 9827 22.3 22.8 22.3 23.5 24.3 24.3 24 -
2014-6-9 19:00:0023.3 18.8 24.2 23.3 1006 0 76 72 62 1.9 25 1.1 31 1.1 59 1.6 37 4.6 13898 14281 22.8 25 22.8 24.3 24.9 24.5 24 -
2014-6-9 18:00:0024.2 19.1 24.8 24.2 1,005.9 0 73 71 101 3.5 86 1.3 63 1.4 52 1.7 110 3.9 14715 14962 25.1 26.4 24.9 25.4 25.4 24.7 24 -
2014-6-9 17:00:0024.8 19 25.6 24.8 1,005.4 0 70 67 77 3.1 79 1.8 49 1.5 68 1.9 67 4.8 15145 14890 26.5 28.8 26.5 26.4 25.8 24.8 24 -
2014-6-9 16:00:0025.6 19.3 26.1 25.5 1,005.3 0 68 64 55 2.3 76 1.8 69 1.6 69 1.8 70 5 18098 14885 28.5 30 27.8 27.1 26.1 24.8 23.8 -
2014-6-9 15:00:0026.1 18.8 27 26.1 1,005.3 0 64 61 6 1.5 59 1.5 65 1.4 86 1.9 79 4.4 12810 14530 29.9 33.5 29.9 28 26.3 24.5 23.6 -
2014-6-9 14:00:0026.9 19 26.9 26.1 1,005.5 0 62 61 327 2.2 58 1.3 64 1.4 37 1.8 61 4.7 12238 12286 33.3 35.8 30.8 28.7 25.9 24.1 23.3 -
2014-6-9 13:00:0026.5 18.6 26.5 25.7 1006 0 62 60 34 2.5 17 1.3 54 1.7 79 1.8 348 4.1 11117 11023 33.7 35.1 30 27.8 25.1 23.6 23.1 -
2014-6-9 12:00:0026 18.7 26 25.2 1,006.8 0 64 63 99 2.9 138 1.9 86 1.4 58 1.6 128 3.8 10328 9627 31.8 32.1 28.6 26.5 24.4 23.3 22.9 -
2014-6-9 11:00:0025.3 18 25.3 24.3 1,007.3 0 64 63 92 3.3 81 1.7 22 1.1 71 1.4 58 3.8 11224 10699 29 31 27.9 25.7 23.8 22.9 22.7 -
2014-6-9 10:00:0024.2 18.4 24.2 23.5 1,007.2 0 70 67 60 0.7 46 0.4 64 0.9 303 1.6 101 3.8 10982 10204 27.9 29.9 25.8 24.4 23.1 22.6 22.6 -
2014-6-9 9:00:0023.6 18 23.6 22.8 1007 0 71 70 53 0.6 58 0.4 81 0.7 55 1.1 75 2.9 9359 9176 26 26.9 24 23.3 22.5 22.4 22.6 -
2014-6-9 8:00:0022.7 17.8 22.7 22 1,006.9 0 74 74 57 1.2 147 0.5 68 1.2 68 1.6 48 4.6 8199 8693 24.6 25 23.1 22.4 22.1 22.3 22.6 -
2014-6-9 7:00:0022 18.2 22 21.1 1,006.4 0 79 79 62 2.6 107 1.7 71 1.1 69 1.3 67 4.4 6536 7113 23.3 23.3 21 21.6 21.8 22.3 22.7 -
2014-6-9 6:00:0021 18.6 21 20.7 1,006.5 0 86 86 54 2.2 56 1.1 81 0.7 65 0.8 72 2.4 5845 6223 21 21 19.7 20.9 21.7 22.4 22.8 -
2014-6-9 5:00:0020.7 18.6 20.9 20.7 1,006.2 0 88 87 35 0.6 18 0.3 47 0.4 71 1 91 2.1 7305 7504 19.7 19.9 19.6 20.7 21.9 22.5 22.9 -
2014-6-9 4:00:0020.9 18.7 21.2 20.9 1,005.9 0 87 86 356 1.7 30 1.3 69 0.9 70 1.2 151 2.7 8598 8642 19.8 20.1 19.8 20.9 22.1 22.7 23 -
2014-6-9 3:00:0021.2 18.8 21.4 21.2 1,005.6 0 86 84 120 0.4 106 0.3 77 0.6 83 1.2 72 2.5 7465 7419 20.2 20.4 20.1 21.2 22.3 22.9 23.2 -
2014-6-9 2:00:0021.4 18.6 21.7 21.4 1,005.4 0 84 82 99 2.3 118 1.2 101 0.8 86 1.1 65 2.7 8165 9006 20.4 20.9 20.4 21.4 22.5 23 23.3 -
2014-6-9 1:00:0021.7 18.5 21.8 21.7 1,005.8 0 82 81 52 0.8 42 0.6 58 1 75 1.5 122 4.6 10551 9977 20.9 21.1 20.8 21.7 22.7 23.2 23.4 -
2014-6-9 00:00:0021.8 18.6 22.1 21.8 1,006.3 0 82 80 63 1 75 0.7 85 0.6 101 1.3 79 3.3 10078 9393 21.1 21.3 20.9 21.9 22.9 23.4 23.5 -
2014-6-8 23:00:0022 18.4 22.5 22 1,006.8 0 80 78 68 1.5 73 1.1 52 0.9 74 1.4 93 4 10089 9707 21.2 21.9 21.2 22.3 23.2 23.6 23.7 -
2014-6-8 22:00:0022.5 18.7 22.7 22.5 1007 0 79 79 74 1.1 58 0.6 14 0.6 73 1.2 66 2.9 9510 9372 21.8 21.9 21.8 22.6 23.5 23.8 23.8 -
2014-6-8 21:00:0022.7 18.9 23.1 22.7 1,006.7 0 79 77 86 2.8 60 1.9 81 1 67 1.5 85 3.6 8584 8500 21.9 22.6 21.9 23 23.9 24.1 23.9 -
2014-6-8 20:00:0023.1 18.8 23.7 23.1 1,006.1 0 77 77 337 1.8 90 1.4 59 1 74 1.3 142 3.3 9204 9084 22.6 23.1 22.4 23.5 24.3 24.3 24 -
2014-6-8 19:00:0023.7 19.4 24.5 23.7 1,005.4 0 77 73 113 1.7 100 0.7 71 1.1 77 1.8 133 4.1 8679 9058 23 24.5 23 24.2 24.8 24.6 24.1 -
2014-6-8 18:00:0024.5 19.3 25.4 24.5 1,004.7 0 73 71 107 1.2 94 1.4 79 1.6 73 1.6 80 4.2 11849 11460 24.5 26.2 24.5 25.2 25.3 24.7 24.1 -
2014-6-8 17:00:0025.4 19.8 26.3 25.4 1,004.7 0 71 67 59 1.4 69 1.3 69 1.5 68 1.5 27 3.5 9631 9818 26 28.9 26 26.1 25.7 24.8 24.1 -
2014-6-8 16:00:0026.3 19.7 26.7 26.3 1,004.7 0 67 65 63 2.8 55 1.6 58 1.1 70 1.4 86 3.2 11182 10150 28.8 29.6 28.6 26.8 25.8 24.7 24 -
2014-6-8 15:00:0026.7 19.8 26.7 26.5 1,004.8 0 66 65 115 1.6 117 1.1 37 0.9 72 1.3 77 3.2 9233 9987 29.7 30.4 28.4 27.1 25.9 24.6 23.8 -
2014-6-8 14:00:0026.7 19.8 27 26.5 1,004.5 0 66 65 86 1.4 103 0.9 77 1.2 69 1.5 77 3.9 8657 9312 29.6 33.8 28.9 27.4 25.9 24.4 23.6 -
2014-6-8 13:00:0027 20.1 27 25.9 1,004.9 0 66 65 61 1.9 75 1.1 75 1.1 329 1.5 210 3.9 8817 8781 32.9 35.1 29.4 28 25.3 24 23.4 -
2014-6-8 12:00:0025.9 20 25.9 25.3 1,005.2 0 70 67 139 1.6 89 0.9 76 0.8 55 1.4 57 3 7544 7768 29.7 31.6 28.7 26.3 24.6 23.7 23.3 -
2014-6-8 11:00:0025.3 19.4 25.3 24.8 1,005.5 0 70 69 42 1.9 57 1.2 57 0.9 78 1.4 86 3.7 9634 9665 28.7 28.7 27.3 25.3 24.2 23.5 23.2 -
2014-6-8 10:00:0024.8 19.6 24.8 24.3 1,005.7 0 73 72 27 1.7 32 1 23 1.1 83 1.5 71 3.2 9312 8983 28 28.4 27.1 25 23.8 23.2 23.1 -
2014-6-8 9:00:0024.3 19.8 24.3 23.3 1,005.4 0 76 75 97 2.6 93 1.6 80 1.4 78 1.4 89 3.2 5695 5973 27 28.5 24.7 24.3 23.2 23 23.1 -
2014-6-8 8:00:0023.3 20.3 23.3 22.8 1,005.2 0 83 83 80 1.8 81 1.2 51 0.9 45 1 260 2.8 4414 4392 24.6 24.6 23.3 23 22.9 23 23.1 -
2014-6-8 7:00:0022.8 20.7 22.8 22.4 1,005.1 0 88 88 104 0.8 99 0.5 75 0.7 67 1.3 80 2.3 4697 4590 23.3 23.3 22.2 22.6 22.8 23 23.2 -
2014-6-8 6:00:0022.4 20.7 22.5 22.4 1,004.5 0 90 89 73 1.6 136 1 81 0.8 82 1 69 2.3 3761 3916 22.2 22.2 21.5 22.2 22.8 23.1 23.3 -
2014-6-8 5:00:0022.5 20.8 22.6 22.4 1,004.2 0 90 90 98 1.2 102 0.9 77 0.8 66 1.2 80 2.4 4271 4357 21.5 21.5 21.4 22.1 22.9 23.2 23.4 -
2014-6-8 4:00:0022.6 20.9 22.7 22.6 1,003.9 0 90 89 60 2 50 1.5 61 0.9 71 1.1 69 2.2 5048 4886 21.5 21.9 21.5 22.3 23 23.4 23.5 -
2014-6-8 3:00:0022.6 20.9 22.6 22.6 1,004.2 0 90 89 26 0.4 45 0.4 50 0.4 117 0.6 140 1.4 5177 4940 21.9 21.9 21.7 22.4 23.2 23.5 23.6 -
2014-6-8 2:00:0022.6 20.7 22.8 22.6 1,004.3 0 89 88 87 0.5 - 0.2 113 0.6 100 0.8 124 1.8 5814 5700 21.7 21.8 21.6 22.5 23.3 23.7 23.8 -
2014-6-8 1:00:0022.8 20.7 23.1 22.8 1,004.4 0 88 86 116 0.8 100 0.6 65 0.4 337 0.7 283 1.7 6245 6458 21.7 22 21.7 22.7 23.6 23.9 23.9 -
2014-6-8 00:00:0023.1 20.6 23.4 23.1 1,004.2 0 86 85 84 0.9 77 0.7 58 0.5 100 1 88 2.4 6306 6209 22.1 22.4 22 23 23.9 24.1 24.1 -
2014-6-7 23:00:0023.4 20.7 24 23.4 1,004.2 0 85 83 108 2.1 86 1 99 1 31 1.1 64 3.4 6542 6569 22.4 22.9 22.4 23.4 24.2 24.4 24.2 -
2014-6-7 22:00:0024 20.9 24.7 24 1,004.3 0 83 80 208 0.8 273 0.9 334 0.8 308 1.2 47 2.7 6905 6967 22.9 23.4 22.9 23.8 24.6 24.7 24.4 -
2014-6-7 21:00:0024.7 21 25.8 24.7 1,003.7 0 80 74 2 0.9 43 0.6 311 1.2 311 1.2 247 2.5 7015 6826 23.5 24.1 23.5 24.4 25.1 24.9 24.5 -
2014-6-7 20:00:0025.8 20.8 26.5 25.8 1003 0 74 70 75 1.6 83 0.9 70 1 39 1.2 334 3 8308 7995 24.2 25 24.2 25 25.6 25.2 24.6 -
2014-6-7 19:00:0026.5 20.6 27.4 26.5 1,002.5 0 70 67 64 1.5 58 1.4 55 1.1 84 1.4 52 4 8352 8236 25 26.8 25 25.9 26.2 25.5 24.7 -
2014-6-7 18:00:0027.4 20.7 28.2 27.4 1,001.9 0 67 66 68 3 70 1.5 69 1.3 69 1.5 69 4.4 7847 8148 26.8 28.1 26.8 26.8 26.7 25.7 24.7 -
2014-6-7 17:00:0028.2 21.2 29.2 28.2 1,001.3 0 66 62 54 1.4 63 1.1 59 1.2 89 1.7 108 3.9 8143 7878 28.1 30.7 28.1 27.9 27.3 25.9 24.6 -
2014-6-7 16:00:0029.2 21.2 29.7 29.2 1,000.9 0 62 59 132 2.6 120 1.7 76 1.5 90 1.7 59 3.6 6113 6376 30.7 32.5 30.7 29 27.7 25.9 24.4 -
2014-6-7 15:00:0029.6 21.5 30.3 29.6 1001 0 62 52 127 1.7 104 0.8 69 1.3 74 1.5 94 3.5 6111 6353 32.5 34.8 31.9 29.7 28 25.7 24.2 -
2014-6-7 14:00:0029.7 19.1 29.9 29.6 1,001.4 0 53 52 313 1.3 353 0.9 71 1.1 75 1.5 75 3.1 6230 6299 33.7 38.6 33.7 30.8 28 25.4 23.8 -
2014-6-7 13:00:0030 19.1 30 28.4 1002 0 52 52 109 2.8 122 1.6 54 1.2 291 1.4 39 2.9 5711 6110 39.2 41.1 33.5 31.4 27.4 24.8 23.4 -
2014-6-7 12:00:0028.4 19.6 28.6 27.8 1,002.8 0 59 58 334 1.2 329 1 324 1.4 320 1.4 273 2.9 5848 5269 33.6 39.6 33.6 30.1 26.6 24.1 23 -
2014-6-7 11:00:0027.9 19.9 27.9 26.3 1,003.2 0 62 62 40 1.2 51 1.1 71 1.2 281 1.4 273 2.8 6080 5628 39.1 39.2 31.9 29.4 25.4 23.4 22.7 -
2014-6-7 10:00:0026.2 20.3 26.2 24.7 1,003.6 0 70 70 117 1.3 91 1.1 85 1.2 77 1.4 100 3.1 6154 5635 37 37.1 32.2 27.7 24.1 22.7 22.4 -
2014-6-7 9:00:0024.6 20.5 24.7 23.4 1,003.9 0 78 76 163 2.7 249 1.1 58 1.1 246 1.5 246 3 5677 5190 32.3 32.3 25.7 25 22.8 22.3 22.3 -
2014-6-7 8:00:0023.4 20.2 23.4 22.3 1004 0 82 81 312 1.5 330 0.7 277 1.3 265 1.3 253 3.4 5366 5705 25.8 26 23.5 23 22.2 22.1 22.3 -
2014-6-7 7:00:0022.3 20 22.3 21.7 1,003.7 0 87 87 41 1 54 0.9 64 1 62 1.2 48 2.2 4851 4726 23.4 23.4 21.7 21.9 21.8 22.1 22.4 -
2014-6-7 6:00:0021.7 20 21.7 21.3 1,003.7 0 90 90 59 1.1 49 0.6 74 0.5 75 0.7 48 1.6 4461 4396 21.7 21.7 20.3 21.2 21.7 22.2 22.4 -
2014-6-7 5:00:0021.4 19.7 21.4 21.3 1,003.3 0 90 90 94 1.3 89 1.1 74 0.6 72 0.9 90 1.8 4098 4132 20.3 20.4 20.2 21 21.8 22.3 22.5 -
2014-6-7 4:00:0021.4 19.7 21.6 21.4 1,003.2 0 90 89 63 0.8 42 0.4 85 0.6 70 1 63 1.9 3853 3922 20.3 20.5 20.3 21.2 22 22.4 22.6 -
2014-6-7 3:00:0021.6 19.9 21.8 21.6 1,003.3 0 90 89 91 0.7 - 0.2 72 0.6 62 0.9 91 2.1 3774 3646 20.5 20.7 20.5 21.3 22.1 22.5 22.7 -
2014-6-7 2:00:0021.8 19.9 22 21.8 1,003.6 0 89 87 24 1.1 54 0.4 64 0.9 80 1.1 90 2.1 3743 3693 20.7 20.9 20.7 21.5 22.3 22.7 22.9 -
2014-6-7 1:00:0022 19.7 22.1 22 1,003.8 0 87 86 43 1.5 59 1.2 68 0.9 71 1.2 81 2.5 3873 4023 20.8 21.1 20.8 21.7 22.5 22.8 23 -
2014-6-7 00:00:0022.2 19.7 22.3 22.1 1,004.1 0 86 84 72 1 64 0.5 85 0.7 87 1.1 103 2.8 4520 4664 21.1 21.2 20.9 21.8 22.6 23 23.1 -
2014-6-6 23:00:0022.3 19.5 22.6 22.3 1,004.5 0 84 80 55 2.5 76 1.3 72 0.8 63 1 55 2.5 5152 5490 20.9 21.2 20.9 22 22.9 23.2 23.2 -
2014-6-6 22:00:0022.6 19 22.8 22.6 1,004.7 0 80 79 73 1.3 83 0.8 71 0.7 78 1.2 54 2.6 7634 7892 21.2 21.8 21.2 22.3 23.2 23.5 23.4 -
2014-6-6 21:00:0022.8 19.2 23.2 22.8 1,004.5 0 80 79 62 1.4 86 0.8 83 1.1 68 1.4 63 4.9 6920 6367 21.8 22 21.8 22.7 23.6 23.7 23.5 -
2014-6-6 20:00:0023.2 19.6 24 23.2 1,004.4 0 80 75 68 3.5 78 1.2 83 0.9 94 1.7 82 4.2 6476 6652 21.9 22.6 21.9 23.2 24 24 23.6 -
2014-6-6 19:00:0024.1 19.4 25.1 24.1 1,003.8 0 75 68 71 2.2 90 1.1 79 1.1 92 1.7 114 3.7 9536 9497 22.7 24.1 22.7 23.9 24.6 24.3 23.7 -
2014-6-6 18:00:0025.1 18.8 26.4 25.1 1,003.4 0 68 63 43 1.4 49 1.2 58 1.2 78 1.7 83 3.9 10526 10398 24.2 26.5 24.2 24.9 25.2 24.5 23.7 -
2014-6-6 17:00:0026.4 19 27.1 26.4 1,003.1 0 64 60 59 3 65 1.8 87 1.2 78 1.9 106 4.1 10642 10792 26.5 28.1 26.5 26 25.6 24.6 23.7 -
2014-6-6 16:00:0027.1 18.9 27.8 27.1 1,003.1 0 61 58 65 1.5 54 0.9 71 1.1 81 2 122 4.9 12024 16292 28 29.5 27 26.7 26.1 24.7 23.6 -
2014-6-6 15:00:0027.8 19.1 27.9 27.5 1,003.5 0 59 57 32 2.1 127 1.4 77 1.4 67 2.1 58 4.1 13441 12275 29.5 32.6 29.5 27.8 26.3 24.5 23.4 -
2014-6-6 14:00:0027.6 18.6 27.7 27.1 1004 0 58 57 28 4 38 2.1 69 2 79 2 68 5.4 11556 11252 32.7 34.2 30.8 28.3 26.2 24.3 23.1 -
2014-6-6 13:00:0027.1 18.7 27.4 26.9 1,004.5 0 60 58 351 1.7 1 0.6 205 0.8 246 1.7 213 4 10748 10400 31 33.5 30 28.2 26.1 23.9 22.8 -
2014-6-6 12:00:0027.3 18.9 27.3 26.3 1,004.8 0 60 59 69 2.3 83 1.8 292 0.8 67 1.5 117 4.2 10266 9242 32.5 39.5 32.5 29.2 25.6 23.2 22.4 -
2014-6-6 11:00:0026.2 18.9 26.3 24.4 1,005.3 0 64 63 266 0.6 352 0.4 38 1.3 37 1.5 61 3.4 6291 6344 37.1 38.9 29.3 28 24 22.5 22.1 -
2014-6-6 10:00:0024.4 19 24.4 22.9 1,005.5 0 72 71 210 1.3 266 0.7 48 1.2 69 1.5 47 3.4 5362 5414 34.5 35.3 27.2 25.3 22.8 22 21.9 -
2014-6-6 9:00:0022.9 19.1 22.9 22.3 1,005.6 0 79 78 43 0.8 29 0.3 269 0.9 236 1.5 45 2.7 4650 4557 26.9 28.1 24.4 23.2 22.1 21.7 21.8 -
2014-6-6 8:00:0022.3 19.1 22.3 21.6 1,005.7 0 82 82 40 0.6 45 0.6 46 0.7 41 1 48 2.2 4809 4414 25.6 25.6 23.1 22.1 21.5 21.6 21.8 -
2014-6-6 7:00:0021.6 19.2 21.6 21 1,005.6 0 86 86 78 1.3 63 0.8 52 0.9 35 1.3 91 2.6 4466 4625 23 23 20.8 21.1 21.2 21.6 21.9 -
2014-6-6 6:00:0021 18.9 21 20.6 1,005.4 0 88 88 49 2 48 1.4 36 1.3 38 1.3 51 2.4 4989 4928 20.7 20.7 19.8 20.5 21.2 21.6 21.9 -
2014-6-6 5:00:0020.6 19.1 20.7 20.6 1,005.4 0 91 91 78 1.6 71 1.4 73 0.8 62 0.9 51 2 4910 5316 19.9 19.9 19.8 20.5 21.2 21.7 22 -
2014-6-6 4:00:0020.7 19.2 20.7 20.6 1,004.9 0 91 90 61 1.3 81 0.7 71 0.6 87 0.8 24 2.1 3515 3668 20 20 19.6 20.5 21.3 21.8 22.1 -
2014-6-6 3:00:0020.6 19.1 20.7 20.6 1005 0 91 89 107 1.2 104 0.4 - 0.1 31 0.3 223 1.6 4108 4191 19.6 19.7 19.5 20.4 21.4 21.9 22.2 -
2014-6-6 2:00:0020.7 18.8 20.7 20.6 1,005.1 0 89 88 6 0.6 - 0.2 37 0.3 49 0.7 58 2 4551 4488 19.7 19.7 19.6 20.6 21.5 22.1 22.4 -
2014-6-6 1:00:0020.7 18.6 21 20.7 1,005.4 0 88 82 47 0.9 357 0.4 30 0.4 312 0.6 89 2.6 4014 4260 19.6 19.7 19.5 20.7 21.8 22.3 22.5 -
2014-6-6 00:00:0021 17.8 21.3 21 1006 0 82 81 307 0.6 287 0.5 293 0.3 60 0.7 79 2.2 8213 8442 19.7 19.9 19.7 20.9 22 22.5 22.6 -
2014-6-5 23:00:0021.3 17.9 21.7 21.3 1,006.2 0 81 80 - 0.2 - 0.2 9 0.4 69 1 86 2.5 9752 9674 19.9 20.4 19.9 21.3 22.4 22.8 22.8 -
2014-6-5 22:00:0021.7 18.3 22.3 21.7 1,006.2 0 81 80 332 0.8 309 0.5 291 0.7 55 1.1 71 3 8416 8499 20.4 20.8 20.4 21.7 22.7 23 22.9 -
2014-6-5 21:00:0022.3 18.5 22.9 22.3 1,006.1 0 79 74 327 1.3 313 0.7 300 0.6 56 1 64 3 8285 8965 20.9 21.5 20.9 22.2 23.2 23.3 23 -
2014-6-5 20:00:0023 18.3 24 23 1,005.6 0 75 71 71 2.2 51 1.2 26 0.8 63 1.2 44 3.6 16161 14633 21.5 22.4 21.5 22.9 23.7 23.6 23.1 -
2014-6-5 19:00:0024 18.4 25.3 24 1,005.1 0 71 68 81 2.6 88 1.4 61 1.1 18 1.1 63 3.2 14719 13531 22.4 23.9 22.4 23.7 24.2 23.8 23.2 -
2014-6-5 18:00:0025.3 19 26.3 25.3 1,004.3 0 68 61 80 2.3 66 1.5 5 1 50 1.5 49 3.3 14471 14420 23.9 25.9 23.9 24.7 24.8 24 23.2 -
2014-6-5 17:00:0026.3 18.4 26.4 26.2 1,003.9 0 62 60 40 2.3 33 1.1 53 1.4 58 1.8 50 3.6 7705 8327 25.9 27.8 25.6 25.7 25.2 24.1 23.1 -
2014-6-5 16:00:0026.4 18.5 27.7 26.4 1,004.3 0 62 57 303 3 310 1.9 38 1.2 27 1.5 48 3.4 8377 8486 27 29.6 27 26.7 25.7 24.1 22.9 -
2014-6-5 15:00:0027.4 18.1 27.6 27.2 1,004.6 0 57 55 350 1.8 336 1.4 15 1.1 339 1.9 331 4.2 10553 10877 29.2 31.6 28.8 27.8 26 23.8 22.6 -
2014-6-5 14:00:0027.1 18.1 27.4 25.8 1,004.8 0 58 56 306 2.4 337 2 6 1.3 10 1.4 58 4 10489 9782 31.8 39.1 31.8 29.7 25.6 23.1 22.2 -
2014-6-5 13:00:0025.8 18.2 26 25.1 1,005.1 0 63 61 344 2 10 1.7 10 1.5 41 1.8 327 4.2 8343 8323 32.9 35.1 29.9 27.7 24.5 22.5 21.8 -
2014-6-5 12:00:0025.2 17.7 25.4 24.3 1,005.6 0 63 63 36 1.1 69 1.5 348 1.6 355 1.8 299 4.2 8827 9109 31.9 36.3 29.3 26.8 23.4 21.8 21.5 -
2014-6-5 11:00:0024.2 17.7 24.2 22.4 1,006.1 0 67 67 233 1.9 221 1.3 233 0.7 354 1.7 334 3.3 8385 8187 31.1 33.4 24.8 24.8 21.9 21.3 21.4 -
2014-6-5 10:00:0022.4 17.5 22.4 21.6 1,006.2 0 74 74 331 2.3 335 1.1 15 1.2 316 1.4 64 3.9 7733 7914 24.5 24.6 22.2 21.8 21.2 21.1 21.3 -
2014-6-5 9:00:0021.6 17.6 21.6 21.2 1,006.1 0 78 77 17 0.8 1 0.4 30 1.3 16 1.8 56 3.5 7790 7096 22.2 22.2 20.7 21 20.9 21.1 21.3 -
2014-6-5 8:00:0021.2 17.8 21.2 20.9 1,005.9 0 81 80 69 2.6 58 1.6 59 1.6 64 1.7 75 3.3 9325 9566 20.6 20.9 20.5 20.6 20.8 21.1 21.4 -
2014-6-5 7:00:0020.9 17.9 20.9 20.8 1,005.4 0 83 83 9 0.8 345 0.9 321 1.1 325 1.3 348 2.7 5820 5976 20.5 20.6 20 20.3 20.7 21.1 21.4 -
2014-6-5 6:00:0020.8 18 20.8 20.6 1,004.9 0 84 83 336 1.6 331 1.4 334 1 328 1.3 332 3.2 6983 6857 20 20 19.7 20.2 20.7 21.1 21.4 -
2014-6-5 5:00:0020.5 17.9 20.5 20.5 1,004.2 0 85 85 - 0 - 0 - 0.2 326 0.4 177 1.2 7590 7439 19.7 19.8 19.7 20.1 20.7 21.1 21.5 -
2014-6-5 4:00:0020.5 17.9 20.5 20.4 1,003.9 0 85 85 - 0.2 - 0 - 0.1 218 0.6 333 1.7 6943 6866 19.7 19.7 19.2 20 20.7 21.2 21.6 -
2014-6-5 3:00:0020.5 17.9 20.5 20.3 1004 0 85 85 - 0 - 0 - 0 318 1 321 2.3 8079 7947 19.3 19.3 19 19.9 20.7 21.3 21.6 -
2014-6-5 2:00:0020.3 17.9 20.5 20.3 1004 0 86 84 251 0.7 271 0.4 242 0.3 315 0.8 299 1.9 6686 6580 19 19.1 18.9 19.9 20.9 21.4 21.7 -
2014-6-5 1:00:0020.6 17.8 21.1 20.6 1,004.4 0 84 82 - 0 - 0 315 0.3 315 1.5 308 2.2 7454 7123 19.1 19.4 19.1 20.1 21.1 21.5 21.8 -
2014-6-5 00:00:0021.1 17.9 21.7 21.1 1,004.8 0 82 78 329 2.7 321 1.7 317 1.5 328 1.7 348 4.1 8089 8393 19.4 20 19.4 20.4 21.3 21.7 21.9 -
2014-6-4 23:00:0021.7 17.9 22.3 21.7 1,005.1 0 79 77 195 1.4 201 0.5 15 0.8 10 1.7 329 4.1 9795 9876 20 20.4 20 20.7 21.4 21.8 22 -
2014-6-4 22:00:0022.3 18.1 22.7 22.3 1,005.2 0 77 74 312 1.8 316 1.2 13 0.7 325 1.1 332 2.6 11355 10845 20.4 20.4 20.2 20.9 21.6 21.9 22 -
2014-6-4 21:00:0022.7 17.6 23.3 22.7 1,004.7 0 73 70 325 1 325 0.8 311 0.7 357 1.3 19 3.6 9635 9434 20.4 21 20.3 21.1 21.8 22 22.1 -
2014-6-4 20:00:0023.3 17.7 23.5 23.3 1,004.3 0 71 68 357 1.7 2 1 11 1.1 341 1.4 321 3.7 11238 11039 21 21.1 20.9 21.5 22.1 22.2 22.1 -
2014-6-4 19:00:0023.4 17.4 24 23.4 1004 0 69 65 358 3.9 346 1.9 334 1.4 311 1.4 358 3.9 7631 7580 21 22 21 21.9 22.3 22.3 22.1 -
2014-6-4 18:00:0024 17 24.2 24 1,003.3 0 65 63 344 1.3 355 0.5 324 0.5 329 1.7 352 4.7 8184 8155 22 23.1 22 22.4 22.5 22.3 22.1 -
2014-6-4 17:00:0024.2 16.7 24.2 23.8 1,002.8 0 63 62 306 2.8 326 1.5 1 0.9 51 1.6 349 4.4 10991 11267 23.1 24.1 23.1 22.9 22.7 22.3 22.1 -
2014-6-4 16:00:0023.8 16.1 23.8 23.7 1,002.9 0 62 60 56 4 47 1.8 55 1.6 5 1.9 201 4.3 11330 12575 23.5 24.2 23.3 23 22.7 22.2 22 -
2014-6-4 15:00:0023.8 16.8 24 23.3 1,003.1 0 65 63 326 4.1 317 1.6 307 1.6 285 1.6 326 4.1 9328 9212 23.9 26.6 23.9 23.5 22.6 22.1 21.9 -
2014-6-4 14:00:0023.2 17.2 23.2 22.8 1,003.4 0 69 69 296 2.5 301 1.1 305 1 343 1.9 22 4 7142 7903 25.3 25.3 23 22.9 22.3 21.9 21.8 -
2014-6-4 13:00:0023 17.2 23.1 22.8 1,003.5 0 70 68 325 2.6 339 1.9 336 1.8 324 2.5 341 5.2 8914 8668 23.6 24.9 23.6 22.8 22.1 21.8 21.8 -
2014-6-4 12:00:0022.8 17 22.8 22.4 1,004.1 0 70 70 347 3.8 346 2.1 5 2 5 2 304 4.6 5666 5161 24.3 24.5 21 22.3 21.9 21.7 21.7 -
2014-6-4 11:00:0022.6 17.1 23.4 22.6 1,004.5 0 71 64 12 3.2 27 1.7 37 1.1 308 1.9 325 4.8 4495 5311 20.9 24 20.7 22.2 22 21.6 21.6 -
2014-6-4 10:00:0023.4 16.2 23.6 22.5 1,004.1 0 64 63 197 3.5 223 2.2 318 1.8 322 1.8 242 5.1 7545 7806 24.1 26.5 23.2 22.8 21.6 21.4 21.5 -
2014-6-4 9:00:0022.5 17 22.5 21.9 1,004.2 0 71 68 331 3 310 0.6 280 1.6 355 2.4 63 9.5 6189 6116 23.2 23.6 22 21.7 21.2 21.2 21.5 -
2014-6-4 8:00:0021.9 16.4 21.9 21.1 1,004.2 0 71 71 123 1.3 113 0.7 253 1 276 1.1 227 3.5 5232 5122 22.6 22.7 21.3 21.1 20.8 21.1 21.5 -
2014-6-4 7:00:0021.1 16.3 21.1 20.4 1,004.1 0 74 74 311 0.4 245 0.5 294 0.9 228 1.2 215 2.6 4155 4254 21.3 21.5 19.8 20.3 20.5 21 21.5 -
2014-6-4 6:00:0020.4 16.4 20.4 19.7 1004 0.1 78 77 236 0.7 230 0.4 236 0.4 229 1 222 2.2 4210 4244 19.8 19.8 18.5 19.6 20.4 21.1 21.6 -
2014-6-4 5:00:0019.7 16.2 20.1 19.7 1,003.8 0 80 77 223 1.3 233 0.6 244 0.8 322 0.8 262 2.2 4001 3983 18.5 18.5 18.2 19.3 20.4 21.2 21.7 -
2014-6-4 4:00:0020.1 15.9 20.1 20 1,003.7 0 77 77 299 1.5 335 0.6 311 0.8 220 0.8 220 3.4 4819 4769 18.5 18.5 18.4 19.5 20.5 21.3 21.8 -
2014-6-4 3:00:0019.9 16.2 19.9 19.9 1,003.8 0 79 79 221 1.5 214 0.8 219 0.6 235 1 346 2.9 4065 4080 18.4 18.5 18.3 19.5 20.7 21.4 21.9 -
2014-6-4 2:00:0019.9 16.2 20 19.9 1,003.7 0 79 79 - 0.1 - 0.1 251 0.6 241 1.1 217 2.2 4752 4705 18.4 18.7 18.4 19.7 20.9 21.6 22 -
2014-6-4 1:00:0020 16.4 20.3 20 1,003.7 0 80 78 231 1.8 236 1.2 227 0.7 215 0.9 202 2.1 4445 4346 18.7 19 18.7 20 21.1 21.7 22.1 -
2014-6-4 00:00:0020.3 16.3 20.6 20.3 1,004.5 0 78 77 300 1.1 308 1 274 0.5 216 1.1 220 2.8 5505 5512 19 19.7 19 20.3 21.3 21.8 22.2 -
2014-6-3 23:00:0020.7 16.7 20.7 20.7 1,004.7 0 78 77 201 1.1 - 0.2 221 0.8 228 1.1 222 2.4 6069 5901 19.7 19.8 19.7 20.5 21.4 21.9 22.3 -
2014-6-3 22:00:0020.7 16.7 20.8 20.7 1005 0 78 78 31 1 23 0.4 301 0.8 320 1.3 303 3.6 7332 7096 19.7 19.8 19.7 20.6 21.5 22 22.4 -
2014-6-3 21:00:0020.8 16.8 20.8 20.7 1005 0 78 78 315 1.9 315 1.3 345 0.8 326 1.4 305 3.7 6919 7063 19.8 19.9 19.7 20.7 21.7 22.2 22.5 -
2014-6-3 20:00:0020.7 17.1 20.8 20.6 1,004.6 0 80 79 200 0.8 245 0.4 308 1 341 1.5 334 4.9 7831 7201 19.8 19.9 19.7 21 22 22.4 22.5 -
2014-6-3 19:00:0020.8 17.8 21.1 20.8 1,004.4 0.1 83 75 302 2.8 208 1 205 1 333 1.6 225 5.9 4999 5219 20 20.8 19.8 21.4 22.2 22.5 22.6 -
2014-6-3 18:00:0020.8 17 21.2 20.7 1,003.9 0 79 77 334 1.7 350 0.9 306 1 330 1.6 48 3.7 6417 6278 20.7 21.1 20.3 21.8 22.5 22.7 22.7 -
2014-6-3 17:00:0021.2 17.2 22.7 21 1,003.4 0 78 68 336 3.7 323 2.4 330 1.4 336 2.2 310 6 6063 5879 21.1 21.4 20.6 22.2 22.8 22.8 22.7 -
2014-6-3 16:00:0022.8 16.4 23.1 22.8 1,003.3 0 67 64 333 5.5 339 2.9 326 1.3 233 1.9 333 5.5 3613 6117 21.8 24.1 21.8 23.1 23.1 22.8 22.7 -
2014-6-3 15:00:0023.1 16.2 23.1 22.8 1,003.5 0 65 63 227 3.2 238 1.5 228 2 228 2 182 4.7 9125 9205 23.9 24.1 22.6 23.2 23.1 22.8 22.6 -
2014-6-3 14:00:0023.1 15.7 24.1 23.1 1,003.4 0 63 59 271 1.5 255 0.8 302 0.9 178 1.8 191 4.1 9089 9284 23.1 27.6 23.1 23.7 23.3 22.7 22.6 -
2014-6-3 13:00:0024 16 24 23.2 1,003.3 0 61 60 237 4 237 2.1 234 1.5 213 1.6 213 4.5 11609 13232 27.3 27.3 24.2 23.7 22.9 22.6 22.5 -
2014-6-3 12:00:0023.2 16 23.2 22.4 1,003.6 0 64 63 30 3.2 262 1.4 226 1.1 236 2 250 4.3 11906 12832 25.6 25.7 23 23.1 22.7 22.5 22.4 -
2014-6-3 11:00:0022.5 15.6 22.7 22.4 1,003.8 0 65 63 352 2.9 344 2 343 1.7 343 1.7 307 4.1 8390 10202 23 25.1 22.5 23 22.7 22.4 22.3 -
2014-6-3 10:00:0022.7 15.1 22.9 22.4 1,003.8 0 62 62 324 3.7 319 2 306 1.8 234 2.7 225 8 10410 9904 23.2 27.4 23.2 23.7 22.5 22.1 22.2 -
2014-6-3 9:00:0022.3 15.9 22.4 21.3 1,003.6 0 67 67 217 1.7 235 0.7 240 2 232 2.9 222 6.7 6878 6619 27.6 27.6 22.3 22.8 21.7 21.8 22.2 -
2014-6-3 8:00:0021.3 16.7 21.3 20.7 1,003.8 0 75 74 200 2.3 236 1.6 236 2.3 236 2.3 217 4.5 5933 5793 22.9 23.3 20.6 21.1 21.3 21.8 22.3 -
2014-6-3 7:00:0020.7 16.1 20.7 20.5 1004 0 75 74 105 1.3 89 0.7 251 0.9 228 1.2 237 3.4 6277 6445 20.6 20.7 19.8 20.5 21.2 21.8 22.3 -
2014-6-3 6:00:0020.5 16.5 20.5 20.5 1,004.1 0 78 76 159 1 193 0.8 225 0.8 218 1.1 255 2.9 6215 6513 19.8 19.8 19.4 20.2 21.2 21.9 22.5 -
2014-6-3 5:00:0020.4 16 20.4 20.4 1,003.8 0 76 74 218 2 196 0.7 222 0.8 347 1.2 316 4.3 9476 9689 19.4 19.4 19.3 20.2 21.3 22.1 22.6 -
2014-6-3 4:00:0020.4 15.6 20.4 20.4 1,003.5 0 74 73 295 0.8 54 0.7 220 1 238 1.2 181 3.5 12348 11534 19.4 19.5 19.4 20.3 21.4 22.2 22.7 -
2014-6-3 3:00:0020.4 15.6 20.4 20.4 1,003.3 0 74 72 238 1.1 230 0.6 253 0.6 229 1.2 248 3 16080 16520 19.4 19.5 19.4 20.4 21.6 22.4 22.8 -
2014-6-3 2:00:0020.4 15.2 20.4 20.3 1,003.8 0 72 72 222 1 223 0.8 244 1.2 223 1.7 223 3.8 23554 23056 19.5 19.6 19.5 20.6 21.8 22.5 23 -
2014-6-3 1:00:0020.4 15.6 20.5 20.4 1004 0 74 69 229 2 231 1.4 226 0.9 316 1.3 200 3.5 17512 17502 19.6 19.6 19.5 20.7 22 22.8 23.1 -
2014-6-3 00:00:0020.5 14.8 20.7 20.5 1,004.4 0 70 69 354 1.3 344 0.8 322 1.4 318 2 6 5.1 26836 25830 19.5 20.6 19.5 21.1 22.4 23 23.2 -
2014-6-2 23:00:0020.6 17.4 20.6 20.4 1,004.7 0 82 81 269 1.1 247 0.8 231 0.9 254 1.2 256 3.8 8637 8834 20.6 20.6 20.5 21.6 22.6 23.2 23.4 -
2014-6-2 22:00:0020.4 18.2 21.7 20.4 1,004.6 0.1 87 81 224 2.1 229 1.3 229 1 229 2.1 233 3.9 5140 4890 20.5 20.8 20.4 21.8 22.9 23.4 23.5 -
2014-6-2 21:00:0021.7 18.1 22.7 21.7 1,004.2 0 80 72 230 2.3 227 2 237 1.7 234 2.6 230 5.9 3468 4325 20.8 21.5 20.8 22.2 23.2 23.6 23.6 -
2014-6-2 20:00:0022.7 17.4 23.3 22.7 1003 0 72 67 203 2.6 227 1.7 239 1.4 224 1.6 208 4.8 7926 8343 21.5 21.9 21.5 22.6 23.6 23.8 23.7 -
2014-6-2 19:00:0023.3 17.1 23.7 23.3 1,002.1 0 68 67 243 2 285 1.2 291 0.8 229 2.2 222 5.7 8931 8807 22 22.7 22 23.2 24 24 23.8 -
2014-6-2 18:00:0023.7 17.2 24.1 23.7 1,001.7 0 67 66 217 3.4 223 1.7 233 1.6 234 2.3 219 6.1 9211 12360 22.7 23.6 22.7 23.9 24.4 24.2 23.9 -
2014-6-2 17:00:0024.2 17.4 25.9 24.2 1,001.6 0 66 62 254 1.7 238 1.4 237 2.4 229 3.4 232 8 10326 10830 23.7 25.5 23.7 24.6 24.9 24.3 23.8 -
2014-6-2 16:00:0025.9 18.6 26.1 24.6 1001 0 64 61 255 1.5 264 1.5 248 1.6 229 3.8 197 9.3 13393 13272 25.5 27.1 25.5 25.5 25.1 24.4 23.8 -
2014-6-2 15:00:0024.6 18.8 25.7 24.6 1,001.4 0 70 69 219 6.2 225 4.1 238 2.5 230 3.2 220 8.7 10597 9094 26.1 28.4 25.3 25.8 25.3 24.3 23.7 -
2014-6-2 14:00:0025.6 20.4 26 24.7 1001 0 73 64 240 2.4 221 1.5 231 1.5 230 4.1 233 8.2 9286 8237 28.4 31.3 26.5 26.6 25.1 24.1 23.5 -
2014-6-2 13:00:0024.7 20 25 24.4 1,001.1 0 75 73 258 1.3 263 1.1 233 2.5 232 3.2 244 6.6 7207 7225 26.8 28.1 25.6 25.8 24.9 24 23.4 -
2014-6-2 12:00:0024.8 20.1 25.1 24.4 1,001.2 0 75 73 230 3.7 240 2.4 235 2.8 236 3.6 221 8.2 7286 6919 27.5 27.9 25.6 25.8 24.8 23.8 23.2 -
2014-6-2 11:00:0025.2 20.2 25.6 24.9 1,001.3 0 74 71 240 5.8 233 3.7 235 3.4 233 3.6 227 7.3 6088 6308 27.8 30.2 26.4 26.2 24.7 23.4 23 -
2014-6-2 10:00:0025.6 20.2 25.6 24.6 1,001.1 0 72 72 212 6.4 211 2.7 227 2.8 231 3.7 225 7.6 7926 7923 30.4 32.6 27.7 26.3 23.9 23 22.8 -
2014-6-2 9:00:0024.6 20.9 24.6 23.1 1,001.1 0 80 80 237 4 235 3.2 233 2.9 229 3 228 6 6047 6069 28.2 30.7 24.1 24.7 23 22.7 22.8 -
2014-6-2 8:00:0023.1 21.5 23.1 22.7 1,001.2 0 91 91 231 3.7 231 3 236 2.5 235 2.6 244 5.7 3921 3667 24 24 23.2 22.9 22.6 22.6 22.7 -
2014-6-2 7:00:0022.7 21.9 22.7 22.1 1001 0 95 95 236 2.3 230 1.9 244 2 241 2.4 237 5.2 2772 3311 23.2 23.2 22.2 22.5 22.4 22.6 22.8 -
2014-6-2 6:00:0022.1 21.4 22.3 22 1,000.6 0 96 96 254 2 257 1.7 244 1.8 224 1.9 227 3.6 3378 3289 22.2 22.2 21.7 22.1 22.4 22.6 22.8 -
2014-6-2 5:00:0022.3 21.8 22.8 22.3 1,000.4 0 97 97 232 3 234 1.8 225 1.8 225 1.8 219 3.5 2955 2289 21.7 22 21.6 22.1 22.5 22.6 22.8 -
2014-6-2 4:00:0022.8 22.5 22.8 22.7 999.8 0 98 98 238 1.9 238 1 240 1.3 238 1.5 233 3.3 1921 1840 22 22.2 22 22.3 22.5 22.6 22.8 -
2014-6-2 3:00:0022.7 22.4 22.7 22.6 999.9 0 98 98 238 1.4 241 1.1 245 1.2 247 1.4 237 2.9 1501 1695 22.1 22.3 22.1 22.3 22.5 22.6 22.8 -
2014-6-2 2:00:0022.7 22.4 22.7 22.7 999.9 0 98 97 235 0.9 228 0.6 233 0.7 237 1.2 215 2 1286 1754 22.3 22.3 22.2 22.4 22.5 22.6 22.8 -
2014-6-2 1:00:0022.6 22.3 22.6 22.6 999.9 0.5 98 97 276 1.2 274 0.8 275 0.5 284 0.7 260 2 3302 3448 22.3 22.3 22.2 22.3 22.5 22.6 22.8 -
2014-6-2 00:00:0022.6 22.1 22.6 22.6 1,000.5 1.6 97 96 265 1.3 267 0.6 297 0.5 76 0.9 74 2.9 2422 2725 22.2 22.2 22.2 22.3 22.5 22.6 22.8 -
2014-6-1 23:00:0022.6 21.9 22.6 22.4 1,000.5 0 96 96 130 1.2 90 0.7 63 0.8 57 0.9 284 2.2 3921 4146 22.2 22.2 22.1 22.2 22.4 22.6 22.8 -
2014-6-1 22:00:0022.4 21.7 22.4 22.2 1,000.9 0 96 95 15 1 28 0.7 68 0.9 67 1.1 39 3 5365 5941 22.1 22.1 21.9 22.1 22.4 22.6 22.8 -
2014-6-1 21:00:0022.2 21.5 22.2 22.2 1,001.1 0 96 95 42 2.3 14 1.2 359 0.9 15 1.1 56 4.1 6908 7908 22 22 21.9 22.1 22.4 22.5 22.8 -
2014-6-1 20:00:0022.1 21.6 22.1 22.1 1,001.3 0 97 96 296 2.6 334 1 350 0.9 48 1.2 325 4.7 11113 11151 21.9 22 21.9 22.1 22.3 22.5 22.8 -
2014-6-1 19:00:0022.1 21.6 22.1 21.9 1001 0 97 96 292 0.8 349 0.7 336 0.9 65 1.3 74 3.1 9515 8199 22 22 21.9 22 22.2 22.4 22.7 -
2014-6-1 18:00:0021.9 21.2 21.9 21.7 1,000.5 0 96 96 82 1.5 63 0.6 72 1.3 58 1.4 65 4.6 6850 7053 21.9 21.9 21.8 21.9 22.1 22.3 22.6 -
2014-6-1 17:00:0021.7 21.2 21.7 21.6 1,001.2 1.1 97 97 328 1.6 313 1 3 0.9 73 1.4 105 3.8 17819 12734 21.8 21.9 21.5 21.7 22 22.1 22.5 -
2014-6-1 16:00:0021.5 21 21.6 21.4 1,002.4 9.8 97 97 57 1.8 32 0.9 22 0.9 86 2 56 5.1 7906 6160 21.5 21.5 21.3 21.6 21.8 22 22.3 -
2014-6-1 15:00:0021.4 20.9 21.5 21.4 1,003.8 27.8 97 96 243 2.5 253 1.9 284 1.2 26 1.9 74 4.5 1774 1335 21.3 21.5 21.1 22.1 22.4 22.3 22.5 -
2014-6-1 14:00:0021.5 20.8 22 21.5 1,002.7 19.6 96 94 91 3.6 68 2.2 11 1.6 72 2.1 106 5.5 1981 1105 21.4 22 21.4 22.4 23.3 23.7 23.8 -
2014-6-1 13:00:0022 20.8 22.1 22 1,003.3 2.7 93 93 58 3 57 2.2 64 1.3 54 1.9 72 4.3 1013 1942 21.9 22.9 21.9 23.1 23.5 23.7 24 -
2014-6-1 12:00:0021.9 20.9 21.9 21.9 1,004.2 0.5 94 94 47 2.4 45 1.2 51 1.6 67 1.7 70 4.6 11420 11414 22.7 22.7 22.1 23 23.5 23.8 24.1 -
2014-6-1 11:00:0021.9 20.9 22.2 21.9 1,005.2 3.1 94 90 319 1 32 0.9 20 1.1 34 1.5 72 4.3 7307 3842 22 22.3 21.7 23 23.5 23.9 24.1 -
2014-6-1 10:00:0022.1 20.6 22.1 22 1,005.8 0.1 91 91 346 1.3 327 1 357 1.2 44 1.5 82 4.1 13781 13126 22.3 22.6 22.1 23.1 23.6 23.9 24.2 -
2014-6-1 9:00:0022 20.6 22.2 21.9 1,005.9 0.6 92 88 306 2.4 349 1.4 359 1.2 35 1.5 60 5.7 8586 8992 22.3 22.6 21.7 23 23.5 24 24.3 -
2014-6-1 8:00:0022.2 20.1 22.2 21.8 1,006.3 0 88 88 22 2.6 0 1.4 32 1.3 76 1.6 108 4.4 9376 8564 21.9 22.6 21.7 22.9 23.6 24.1 24.4 -
2014-6-1 7:00:0021.8 20.1 21.8 21.5 1,006.6 0 90 89 66 3.4 100 1.2 81 1.6 81 1.6 114 4.9 9228 9386 21.9 22.1 21.2 22.8 23.6 24.2 24.5 -
2014-6-1 6:00:0021.5 20 22.1 21.5 1,006.6 0.6 91 84 246 2.4 9 1.3 8 1.1 73 1.5 90 3.8 7907 7747 21.2 21.5 21 22.7 23.7 24.3 24.7 -
2014-6-1 5:00:0022.1 19.3 22.1 22 1,006.9 0 84 84 327 1.4 356 0.8 18 0.9 90 1.5 118 4.6 11602 11791 21.6 21.6 21.6 22.8 23.9 24.5 24.8 -
2014-6-1 4:00:0022 19.4 22 21.9 1,007.1 0 85 85 115 3.6 108 2.3 95 1.5 95 1.5 104 4.9 10785 10824 21.6 21.7 21.3 23 24.1 24.7 25 -
2014-6-1 3:00:0021.9 19.6 21.9 21.8 1,007.7 0 87 87 70 2 91 1 68 1 54 1.5 60 4.7 11661 10114 21.4 21.5 21.2 23.2 24.4 25 25.2 -
2014-6-1 2:00:0021.9 19.8 22.2 21.9 1008 0.1 88 87 325 1.2 311 0.7 355 1.1 53 1.2 66 4.1 8974 8728 21.5 21.8 21.3 23.5 24.7 25.2 25.4 -
2014-6-1 1:00:0022.2 20.1 22.6 22.2 1,008.4 0.2 88 81 298 1.8 333 1 342 0.8 32 1.4 95 4.2 7583 7876 21.8 22.9 21.6 24 25 25.4 25.6 -
