2014-7-1 1:00:0022.1 19.8 22.3 22.1 1,009.7 0 87 86 105 2.2 118 1.6 120 1.8 110 2.1 101 4.4 5569 5638 21.5 21.6 21.4 22.4 23.1 23.7 23.9 -
2014-7-1 00:00:0022.2 19.9 22.2 22.2 1,010.4 0 87 86 99 2.1 94 1.5 87 1.1 119 1.5 122 3.2 4871 4855 21.5 21.5 21.3 22.5 23.2 23.9 24.1 -
2014-6-30 23:00:0022.2 19.7 22.2 22.1 1,010.4 0 86 85 126 1.9 128 1.5 138 1.4 142 1.5 129 3.9 5483 5534 21.3 21.4 21.3 22.6 23.5 24.1 24.2 -
2014-6-30 22:00:0022.2 19.6 22.2 22 1011 0 85 85 123 1.4 131 0.9 133 0.9 125 1.7 126 3.6 4886 4977 21.4 21.6 21.4 22.9 23.8 24.3 24.4 -
2014-6-30 21:00:0022.1 19.6 22.2 22.1 1,010.8 0 86 86 66 1.7 143 0.9 157 0.8 128 1.5 122 3.1 4836 4731 21.6 22 21.6 23.2 24.1 24.6 24.5 -
2014-6-30 20:00:0022.2 20.1 22.4 22.2 1,010.7 0 88 85 128 2.3 133 1.9 141 1.3 129 2.4 124 4.3 3942 3864 22 22.4 21.9 23.6 24.5 24.8 24.7 -
2014-6-30 19:00:0022.4 19.8 22.8 22.4 1010 0 85 83 145 2.9 137 1.9 123 1.6 127 2.6 131 5 3325 3388 22.5 23.6 22.5 24.3 25 25.1 24.7 -
2014-6-30 18:00:0022.8 19.8 23 22.7 1,009.8 0 83 81 226 2.8 212 1.5 182 1.6 119 2 166 4.1 3261 3225 23.6 24.2 23.6 25 25.4 25.3 24.8 -
2014-6-30 17:00:0022.9 19.5 23.8 22.9 1,009.7 0 81 73 128 1.3 168 0.9 145 1.7 143 2.1 126 5.1 3864 3868 24.2 25.9 24.1 25.7 25.9 25.4 24.8 -
2014-6-30 16:00:0023.7 18.6 24.8 23.7 1,009.9 0 73 65 153 2.6 144 1.2 160 1.6 143 2 130 4.9 4447 4507 25.9 27.5 25.9 26.7 26.2 25.5 24.6 -
2014-6-30 15:00:0024.9 17.9 26.3 24.9 1010 0 65 59 219 3.7 224 2 168 1.6 126 2.3 154 5.2 5634 5570 27.1 31.7 27.1 27.6 26.5 25.3 24.5 -
2014-6-30 14:00:0026.2 18.3 26.3 26 1,010.2 0 62 51 347 1.8 103 0.9 118 2.4 126 2.7 123 5.1 7446 8673 31.6 31.6 29.6 28.2 26.2 25 24.2 -
2014-6-30 13:00:0026.2 15.6 26.6 25.8 1,010.1 0 52 50 125 4.1 123 2.6 135 2.2 175 2.4 163 5 18432 20020 31 33.4 30.9 28.4 25.7 24.5 24 -
2014-6-30 12:00:0025.8 14.9 25.9 24.6 1,010.3 0 51 50 182 2.2 163 1.6 180 1.2 222 1.7 215 3.9 18103 20742 32.7 32.7 27.6 26.9 24.8 24.1 23.9 -
2014-6-30 11:00:0025 14.5 25 23.4 1,010.4 0 52 49 208 2 196 1.4 177 1 198 1.4 217 3 22320 28551 28.8 28.8 26.4 25.6 24.2 23.9 23.8 -
2014-6-30 10:00:0023.4 14.7 23.4 22.6 1010 0 58 58 181 2.4 182 1.2 191 1.5 204 2.9 204 6.7 35000 30402 26.4 26.4 24.9 24.4 23.8 23.8 23.8 -
2014-6-30 9:00:0022.6 17.7 22.6 22 1010 0 74 73 164 3.9 167 1.8 192 1.8 182 1.9 192 4.5 13147 12312 25.2 25.2 23.8 23.8 23.6 23.8 23.9 -
2014-6-30 8:00:0022.4 20.1 22.9 22.4 1,010.5 1 87 86 166 1.9 184 1 194 1 191 1.6 213 3.5 3557 3656 23.9 23.9 22.9 23.4 23.5 23.8 23.9 -
2014-6-30 7:00:0022.9 21.9 23 22.9 1,009.9 1.2 94 94 204 1.1 208 0.6 143 1.1 136 1.1 136 2.8 2377 2197 23 23.1 22.5 23.2 23.5 23.9 24 -
2014-6-30 6:00:0023 22 23 22.9 1,009.8 0.3 94 93 125 1.1 129 0.9 117 0.6 114 0.9 131 1.8 2136 2254 22.6 22.6 22.3 23.1 23.5 24 24.1 -
2014-6-30 5:00:0023 22 23 22.9 1009 0 94 92 189 0.5 181 0.4 174 0.6 43 1.2 36 2.1 2748 2727 22.3 22.4 22.3 23.2 23.7 24.1 24.2 -
2014-6-30 4:00:0023 21.6 23.4 23 1009 0.2 92 89 62 0.9 58 0.8 73 0.8 55 1.1 107 2 2935 2968 22.4 22.5 22.4 23.3 23.8 24.2 24.3 -
2014-6-30 3:00:0023.4 21.5 23.6 23.4 1,008.7 0.1 89 88 139 1.1 144 0.7 130 0.7 122 0.9 126 1.7 3258 3360 22.5 22.6 22.5 23.5 24 24.4 24.5 -
2014-6-30 2:00:0023.6 21.5 23.8 23.5 1,008.6 0 88 85 78 0.6 90 0.5 121 0.4 117 0.6 176 1.1 3262 3494 22.7 22.7 22.7 23.6 24.1 24.6 24.6 -
2014-6-30 1:00:0023.8 21.3 24.1 23.8 1,008.2 0 86 83 94 0.5 79 0.3 18 0.3 123 1.3 123 1.9 3889 3798 22.7 22.8 22.7 23.7 24.4 24.8 24.7 -
2014-6-30 00:00:0024.1 21.2 24.3 24.1 1,008.3 0 84 82 - 0.2 - 0.2 137 0.8 173 1.3 164 3.2 3923 3982 22.8 22.9 22.8 24 24.6 25 24.9 -
2014-6-29 23:00:0024.3 21 24.5 24.3 1,008.6 0 82 81 233 1.4 232 0.8 203 0.9 158 1.3 130 3.4 3877 3849 22.9 23.1 22.9 24.2 24.9 25.2 25.1 -
2014-6-29 22:00:0024.5 21 24.7 24.5 1,008.8 0 81 79 121 1.2 122 0.8 143 1 174 1.4 158 3 3942 3997 23.1 23.3 23.1 24.6 25.3 25.5 25.2 -
2014-6-29 21:00:0024.7 20.8 25.1 24.7 1,008.6 0 79 78 179 1 177 1.1 151 1.2 150 1.3 157 3.5 4340 4157 23.3 23.7 23.3 25 25.7 25.9 25.4 -
2014-6-29 20:00:0025.2 20.9 26.1 25.2 1,007.7 0 77 73 177 2.4 166 1.3 145 0.9 166 1.4 180 3.6 4300 4315 23.8 24.5 23.8 25.7 26.3 26.2 25.5 -
2014-6-29 19:00:0026.2 21 27.3 26.2 1007 0 73 60 197 1.8 185 1.4 194 1.2 174 1.9 172 4 4962 4945 24.5 25.9 24.5 26.5 27 26.5 25.5 -
2014-6-29 18:00:0027.3 19.1 28.7 27.3 1,006.7 0 61 59 179 3.4 165 2 174 1.8 163 1.9 177 4.4 6386 6475 25.9 28.8 25.9 27.9 27.7 26.6 25.4 -
2014-6-29 17:00:0028.8 20 29.8 28.6 1,006.5 0 59 56 210 3.1 216 1.5 198 1.3 161 1.7 221 3.5 5201 5032 29.1 33 28.8 29.5 28.1 26.5 25.1 -
2014-6-29 16:00:0029.4 20 30.1 29 1,006.4 0 57 53 286 0.7 260 0.8 213 1.4 141 1.6 218 2.8 3837 3944 32.3 34.4 32.1 30.6 28 26.2 24.9 -
2014-6-29 15:00:0029.5 19.8 29.5 28.2 1,006.5 0 56 56 171 2 174 1.5 184 1.3 124 1.7 202 3.2 4056 3987 34.6 34.9 30.4 30.1 27.4 25.9 24.6 -
2014-6-29 14:00:0028.4 20.2 28.6 28.2 1007 0 61 58 163 1.6 197 0.7 169 1 218 1.4 159 3.1 3794 3835 31.4 32.7 30.8 29.5 27.3 25.5 24.3 -
2014-6-29 13:00:0028.5 19.4 28.9 28.1 1,007.3 0 58 57 164 1.3 163 1.1 162 1.2 153 1.6 178 3.5 3715 3655 32.8 35.9 32.8 30.2 26.8 25 23.9 -
2014-6-29 12:00:0028 19.2 28.4 27.6 1,007.6 0 59 58 127 2.7 123 2 141 1.4 180 1.4 122 2.9 4104 4221 34.8 34.9 32.8 29.3 25.9 24.4 23.7 -
2014-6-29 11:00:0027.6 19.9 27.6 25.8 1,007.9 0 63 62 94 1.3 119 0.7 160 1.1 169 1.4 126 2.9 4793 4792 33.6 33.6 27.1 27.6 24.8 23.9 23.4 -
2014-6-29 10:00:0025.9 18.1 26.7 25.4 1,008.1 0 62 58 234 1.6 214 1 227 1.1 217 1.3 240 2.3 6648 6311 27.1 30.9 27.1 26.3 24.3 23.5 23.3 -
2014-6-29 9:00:0025.4 19.8 25.4 24.2 1,007.8 0 71 70 270 1.1 253 0.9 247 1.1 239 1.7 247 3.3 5039 5207 28.7 28.8 25.4 25.2 23.5 23.2 23.2 -
2014-6-29 8:00:0024.2 19.9 24.3 23.1 1,007.9 0 77 74 241 1.7 228 1.2 226 1.2 226 1.2 218 2.3 5325 5282 25.3 25.8 23.2 23.7 22.9 23.1 23.3 -
2014-6-29 7:00:0023.1 19.7 23.1 22 1,007.4 0 81 80 209 0.8 227 0.7 244 0.7 217 1 225 1.9 4677 4703 23.2 23.5 21.6 22.6 22.6 23.1 23.4 -
2014-6-29 6:00:0022 19.6 22 21.4 1,007.4 0 86 86 210 0.7 192 0.4 210 0.6 192 0.7 211 1.5 4224 4170 21.6 21.6 21.2 22.1 22.7 23.2 23.5 -
2014-6-29 5:00:0021.4 20.2 21.4 21.3 1007 0 93 92 - 0.1 - 0 - 0.2 122 0.5 127 0.8 3692 3877 21.2 21.2 21.1 22.1 22.8 23.4 23.6 -
2014-6-29 4:00:0021.4 20 21.7 21.4 1,006.8 0 92 89 - 0.2 - 0.1 - 0.2 77 0.3 189 0.5 3230 3096 21.2 21.3 21.2 22.3 23 23.5 23.7 -
2014-6-29 3:00:0021.7 19.8 22 21.7 1,006.7 0 89 86 125 0.4 - 0.2 - 0.2 172 0.4 156 1.2 4444 4560 21.3 21.4 21.3 22.4 23.2 23.7 23.9 -
2014-6-29 2:00:0022 19.6 22.3 21.9 1,006.9 0 86 85 173 0.3 - 0.2 177 0.5 177 0.5 223 1 4229 4579 21.4 21.7 21.4 22.7 23.4 23.9 24 -
2014-6-29 1:00:0022.3 19.8 22.7 22.3 1,007.4 0 86 83 - 0 - 0 - 0.1 230 1.1 250 2.7 4112 4506 21.7 21.7 21.6 22.9 23.6 24.1 24.1 -
2014-6-29 00:00:0022.7 19.9 23 22.7 1,007.8 0 84 83 240 1.9 234 1.3 227 1.1 241 1.4 238 3.5 5383 5420 21.7 22 21.7 23.2 24 24.4 24.3 -
2014-6-28 23:00:0023 20.2 23.2 23 1,008.2 0 84 83 201 2.7 215 1.4 232 1.2 231 1.6 233 3.2 5478 5296 22.1 22.8 22.1 23.6 24.3 24.6 24.4 -
2014-6-28 22:00:0023.2 20.5 23.3 23.1 1,008.2 0 85 85 214 1.7 216 1.1 230 1.1 228 1.7 214 3.2 5192 5211 22.8 23.1 22.8 24.1 24.7 24.9 24.6 -
2014-6-28 21:00:0023.3 21.2 24.3 23.3 1,007.8 0.3 88 79 166 1.4 181 0.7 212 0.7 208 2.1 193 3.5 5127 5163 23.2 23.5 23.1 24.5 25.1 25.2 24.7 -
2014-6-28 20:00:0024.3 20.4 25.3 24.3 1,007.1 0 79 78 216 3.1 209 2.3 206 2.1 207 2.1 205 5.1 7837 7313 23.4 24.2 23.4 25.1 25.6 25.4 24.7 -
2014-6-28 19:00:0025.3 21.2 25.9 25.3 1,006.2 0 78 75 208 2.8 212 1.8 211 1.6 210 1.9 169 3.4 3746 3709 24.2 25.6 24.2 25.9 26.1 25.6 24.8 -
2014-6-28 18:00:0025.9 21.1 26.6 25.9 1,005.5 0 75 74 208 2.4 211 1.7 214 2 210 2.2 179 4.7 3545 3482 25.6 27.9 25.6 27 26.7 25.8 24.7 -
2014-6-28 17:00:0026.5 21.7 27.1 26.4 1,005.3 0 75 73 228 1.1 233 1 235 1.6 238 2.7 247 4.9 3328 3371 27.6 29.9 27.6 28 27 25.7 24.5 -
2014-6-28 16:00:0027 22 27.4 27 1,005.5 0 74 74 240 4.6 239 2.7 233 2.5 232 2.7 238 5.6 3573 3731 29.8 31.4 29.7 28.8 27 25.6 24.3 -
2014-6-28 15:00:0027.1 22.3 28.3 27 1,005.9 0 75 66 227 2.1 212 1.8 231 2 222 2.6 179 5.1 3636 3673 30.9 32.1 30 28.9 26.9 25.3 24 -
2014-6-28 14:00:0028.1 21.9 28.1 27.7 1,006.2 0 69 67 267 2.7 265 1.7 237 1.5 215 1.5 244 3.6 2580 2378 32.1 32.1 30.2 28.9 26.8 24.9 23.7 -
2014-6-28 13:00:0028.2 21.5 28.7 27.5 1,006.3 0 67 64 206 2.7 213 1.8 239 1.2 239 1.2 223 3.1 2556 2755 32.2 35.3 32.1 29.7 26.3 24.4 23.3 -
2014-6-28 12:00:0027.5 21.1 27.5 26.9 1,006.8 0 68 68 42 0.8 54 0.6 326 0.7 34 1.2 289 2.7 2779 2799 32 33.4 31.5 28.5 25.6 23.8 22.9 -
2014-6-28 11:00:0027 21.1 27.3 26.5 1,007.2 0 70 70 78 1.1 66 0.9 359 1.1 294 1.5 295 3.3 2946 2894 32.4 32.7 31.5 27.9 24.6 23.2 22.6 -
2014-6-28 10:00:0026.5 21.5 26.5 24.8 1,007.3 0 74 74 278 1.9 282 1.7 271 1.4 233 1.7 237 3.7 3134 3211 32.9 33.1 28.3 26.4 23.5 22.6 22.4 -
2014-6-28 9:00:0025.2 21.5 25.2 23.5 1,007.3 0 80 80 255 1.7 258 1.3 239 1.1 245 1.3 243 2.4 3787 4073 29.2 29.8 26.5 24.5 22.5 22.2 22.3 -
2014-6-28 8:00:0023.5 21.4 23.5 21.7 1007 0 88 88 199 1 195 0.7 206 0.7 212 1 212 1.7 4735 4603 26.5 26.6 22.4 22.6 21.8 22 22.3 -
2014-6-28 7:00:0021.7 21.4 21.7 21.1 1,007.2 0 98 98 201 0.5 214 0.4 - 0.2 46 0.7 49 0.9 3890 3740 22.4 22.4 21.1 21.6 21.6 22 22.4 -
2014-6-28 6:00:0021 20.8 21 20.2 1,006.9 0 99 98 49 0.7 49 0.6 40 0.3 54 0.4 49 0.7 2354 2358 21 21 19.9 21 21.5 22.1 22.5 -
2014-6-28 5:00:0020.3 20 20.5 20.3 1,006.5 0 98 98 - 0 - 0 - 0 - 0.2 195 0.4 966 956 19.9 20.1 19.8 20.9 21.6 22.2 22.6 -
2014-6-28 4:00:0020.5 20.2 20.6 20.4 1,006.1 0 98 98 - 0 - 0 - 0 172 0.3 174 0.7 1476 1419 20.1 20.2 19.9 21.1 21.8 22.4 22.7 -
2014-6-28 3:00:0020.5 20.2 21 20.5 1,006.1 0 98 98 - 0 - 0 - 0.2 51 0.4 294 0.7 2442 1452 19.9 20.8 19.9 21.3 22 22.5 22.8 -
2014-6-28 2:00:0021 20.7 21 20.9 1,006.5 0 98 98 281 0.8 288 0.3 - 0.1 261 0.5 279 0.8 3183 2645 20.7 20.8 20.7 21.5 22.1 22.6 22.9 -
2014-6-28 1:00:0020.9 20.6 20.9 20.6 1,006.7 0 98 97 - 0 - 0 - 0.2 37 0.5 37 0.8 2211 2632 20.7 20.7 20.2 21.5 22.2 22.8 23 -
2014-6-28 00:00:0020.6 20.1 21.4 20.6 1,007.1 0 97 95 - 0 - 0 - 0.1 48 0.4 151 0.8 1730 1737 20.2 20.7 20.2 21.7 22.5 23 23.1 -
2014-6-27 23:00:0021.4 20.6 21.6 21.4 1,007.5 0 95 95 - 0.1 - 0 174 0.3 200 0.9 226 1.7 4133 4684 20.7 21.2 20.7 22.1 22.8 23.2 23.2 -
2014-6-27 22:00:0021.6 20.8 22.1 21.6 1,007.6 0 95 93 - 0.2 - 0.1 168 0.3 132 0.7 132 1.2 3167 4304 21.2 22 21.2 22.6 23.1 23.3 23.3 -
2014-6-27 21:00:0022.1 20.9 22.6 22.1 1,007.3 0 93 92 106 0.6 102 0.5 88 0.6 75 1.5 75 2.8 5075 5161 22 22.5 22 23 23.3 23.5 23.3 -
2014-6-27 20:00:0022.6 21.2 22.9 22.6 1007 0 92 90 77 1 82 1 87 1 102 1.7 71 3.1 5948 5669 22.5 23 22.5 23.3 23.6 23.6 23.3 -
2014-6-27 19:00:0022.9 21.4 23.4 22.9 1,006.3 0 91 89 121 2 120 1.6 118 1.4 126 1.6 123 2.7 3749 3785 23 23.9 23 23.8 23.8 23.6 23.3 -
2014-6-27 18:00:0023.4 21.5 23.6 23.4 1,006.1 0 89 86 92 1.3 89 1 92 0.9 72 1.4 84 2.4 4610 4854 23.9 24.3 23.9 24.1 23.9 23.7 23.3 -
2014-6-27 17:00:0023.6 21.3 23.7 23.5 1,006.1 0 87 86 41 1.3 52 0.8 29 1 26 1.9 27 3.2 6587 5750 24.2 24.5 24.2 24.3 24 23.6 23.2 -
2014-6-27 16:00:0023.7 21.4 24 23.7 1,005.8 0.1 87 85 358 1.2 2 0.5 13 1 15 1.1 30 2.1 7646 7208 24.5 25.6 24.5 24.7 24.1 23.6 23.2 -
2014-6-27 15:00:0023.7 21.2 24.2 23.7 1,005.6 0 86 83 37 0.8 32 0.8 4 0.7 14 1.8 25 2.7 8660 8367 24.7 26.6 24.7 24.9 24.1 23.5 23 -
2014-6-27 14:00:0024 21.1 24.2 23.7 1,005.9 0 84 83 336 1.3 331 0.7 336 0.8 12 1.7 13 3.3 9933 9446 25.8 26.9 25.8 25.1 23.9 23.3 22.9 -
2014-6-27 13:00:0023.7 21.2 23.9 23.4 1,005.9 0 86 85 24 2.2 18 1.6 9 1.6 26 2.3 21 3.8 8564 8774 26.1 27.5 25.8 24.9 23.6 23.1 22.8 -
2014-6-27 12:00:0023.4 21.1 23.4 23.1 1,006.2 0 87 87 2 1.7 359 1.7 12 1.2 18 1.9 354 3.3 7093 6871 25.8 25.8 25 24.3 23.3 22.9 22.7 -
2014-6-27 11:00:0023.1 21.2 23.3 22.8 1,006.6 0 89 89 10 2.6 3 1.4 358 1.5 13 1.9 9 3.2 6054 6201 25.1 26.6 24.6 24.1 23 22.7 22.6 -
2014-6-27 10:00:0022.8 21.1 22.8 22.6 1,006.1 0.1 90 90 23 1.7 20 1.2 346 1.2 15 1.9 337 2.8 5554 5633 24.6 24.7 24 23.5 22.7 22.6 22.6 -
2014-6-27 9:00:0022.6 21.2 22.6 22.1 1006 0 92 92 27 2 30 1.3 16 2 16 2 11 4.5 5472 5510 24.3 24.6 23.1 22.9 22.4 22.5 22.5 -
2014-6-27 8:00:0022.1 21.3 22.1 21.8 1,005.7 0 95 95 16 2.6 354 1.2 343 1.3 2 1.4 328 2.8 4782 4465 23 23 22.4 22.5 22.3 22.4 22.5 -
2014-6-27 7:00:0021.8 21.1 21.8 21.7 1,005.4 0 96 95 329 1.9 313 1 337 1.2 353 1.4 319 2.9 3672 3667 22.4 22.4 22.1 22.2 22.2 22.4 22.6 -
2014-6-27 6:00:0021.7 21 21.7 21.6 1,004.6 0 96 96 347 2.1 337 1.4 341 1 359 1.5 331 3 3461 2973 22.1 22.1 21.5 22 22.2 22.5 22.6 -
2014-6-27 5:00:0021.6 20.9 21.7 21.6 1,003.9 0 96 96 326 3 347 1.4 3 1.6 22 2 13 3.6 6096 6053 21.5 21.6 21.5 22 22.2 22.5 22.6 -
2014-6-27 4:00:0021.6 20.9 21.7 21.6 1,003.5 0 96 96 30 2.1 24 1.4 20 1.6 20 2 23 4.7 5961 5944 21.6 21.7 21.6 22.1 22.3 22.6 22.7 -
2014-6-27 3:00:0021.7 21.4 21.7 21.6 1,003.3 0.2 98 97 21 1.6 24 1.5 22 1.4 20 2.1 23 4.1 3938 3562 21.8 21.8 21.8 22.2 22.4 22.6 22.7 -
2014-6-27 2:00:0021.7 21.2 21.9 21.7 1,003.6 0.9 97 97 358 2.2 6 1.8 10 1.9 14 2.5 21 4.8 4158 3231 21.8 22 21.8 22.3 22.4 22.7 22.7 -
2014-6-27 1:00:0021.9 21.6 22.2 21.9 1,003.6 0.4 98 98 10 2.4 18 2.4 17 2.3 15 2.3 25 4.4 3316 3493 22 22.1 22 22.4 22.5 22.7 22.8 -
2014-6-27 00:00:0022.3 22 22.3 22.3 1,004.1 3.5 98 98 344 2.3 339 1.5 338 1.2 338 1.2 335 2.3 2037 1893 22.2 22.2 22.2 22.5 22.5 22.7 22.8 -
2014-6-26 23:00:0022.3 22 22.5 22.3 1,004.2 23.9 98 97 114 0.6 113 0.5 179 0.5 31 2.3 29 3.7 791 995 22.2 22.3 22.2 22.5 22.6 22.8 22.8 -
2014-6-26 22:00:0022.5 22 22.5 22.5 1,004.5 1.2 97 97 355 1.8 328 1.2 11 1.6 24 1.8 29 3 1890 2258 22.3 22.4 22.3 22.6 22.7 22.8 22.9 -
2014-6-26 21:00:0022.5 22 22.5 22.4 1,003.9 0 97 97 50 0.8 47 0.7 44 0.8 27 1.6 16 2.4 3166 3500 22.4 22.5 22.4 22.7 22.7 22.9 22.9 -
2014-6-26 20:00:0022.4 21.9 22.4 22.4 1004 0 97 97 28 1.1 26 0.8 40 0.6 65 0.6 23 1.1 5318 3928 22.5 22.6 22.5 22.8 22.8 22.9 22.9 -
2014-6-26 19:00:0022.4 21.9 22.4 22.4 1004 0.3 97 96 1 0.5 359 0.4 7 0.4 72 1.1 84 1.4 4401 3454 22.6 23 22.6 22.9 22.9 22.9 22.9 -
2014-6-26 18:00:0022.4 21.9 22.4 22.3 1,003.3 0.2 97 97 81 1.4 77 1.1 67 1.2 31 2.1 28 3.1 7198 7348 23 23 22.9 23 22.9 22.9 22.9 -
2014-6-26 17:00:0022.3 21.8 22.4 22.3 1,003.2 2 97 97 19 1.2 19 0.9 22 1.5 13 1.6 292 2.9 5910 5462 23 23.1 22.6 23 22.9 22.9 22.9 -
2014-6-26 16:00:0022.3 21.8 22.3 22.3 1,003.8 10.2 97 96 278 1.3 262 0.6 304 0.8 99 2.2 112 5.1 1708 2092 22.6 22.9 22.4 23 23 22.9 22.8 -
2014-6-26 15:00:0022.3 21.6 22.4 22.3 1,003.3 4.4 96 96 113 1.7 109 1.1 105 1.4 86 1.8 89 3.9 1915 1795 22.9 23.7 22.9 23.3 23 22.9 22.8 -
2014-6-26 14:00:0022.3 21.6 22.5 22.3 1,003.3 4.4 96 96 84 2.6 81 1.7 91 1.6 76 2 79 3.6 2668 2797 23.7 23.9 23.4 23.3 23 22.8 22.7 -
2014-6-26 13:00:0022.5 21.7 22.6 22.5 1,003.9 1.8 95 94 60 2.8 62 1.5 69 1.8 79 2 86 3.6 2495 2588 23.8 24.2 23.6 23.4 22.9 22.7 22.6 -
2014-6-26 12:00:0022.5 21.7 22.5 22.3 1004 0.2 95 95 78 2.5 79 1.4 81 1.6 74 2.2 71 3.8 3318 3074 24.2 24.4 23.5 23.3 22.6 22.6 22.6 -
2014-6-26 11:00:0022.4 21.6 22.4 22.3 1,004.7 0.5 95 95 59 3.2 60 2.2 58 2 70 2.1 88 4.1 3375 3294 23.6 23.9 23.2 23 22.5 22.5 22.5 -
2014-6-26 10:00:0022.3 21.6 22.3 21.9 1,004.7 0.2 96 96 62 2.4 63 1.7 59 1.4 71 2.3 78 4.2 3444 3257 23.1 23.4 23.1 22.6 22.3 22.4 22.5 -
2014-6-26 9:00:0021.9 21.2 21.9 21.6 1,004.6 0.1 96 96 74 3.1 67 2.2 72 2.1 54 2.5 72 4.3 5739 6009 23.3 23.4 22.3 22.3 22.1 22.3 22.5 -
2014-6-26 8:00:0021.6 21.1 21.6 21.4 1,004.9 0.8 97 97 51 2.3 58 2 61 1.9 72 2.6 80 4.4 4147 4200 22.3 22.4 21.7 22 21.9 22.3 22.5 -
2014-6-26 7:00:0021.4 20.9 21.4 21.2 1005 0.6 97 96 67 3.4 74 1.9 79 1.8 73 2.9 79 5.1 2624 2777 21.7 21.7 21.3 21.7 21.9 22.3 22.6 -
2014-6-26 6:00:0021.2 20.7 21.2 21 1005 0.1 97 97 77 2.2 75 1.8 79 1.6 71 2.5 71 4.6 4070 3653 21.3 21.3 21.1 21.6 21.9 22.3 22.6 -
2014-6-26 5:00:0021 20.5 21.1 21 1,004.8 0.5 97 96 75 3.8 73 2.3 69 2.2 73 2.2 61 4.1 3848 3779 21.1 21.1 21 21.5 21.9 22.4 22.7 -
2014-6-26 4:00:0021 20.3 21 20.8 1,004.7 0 96 96 67 3.4 69 1.9 71 2.1 73 2.2 54 4.7 3824 4035 21 21 20.9 21.5 21.9 22.4 22.8 -
2014-6-26 3:00:0020.8 20.1 20.8 20.7 1,004.6 0.1 96 95 76 1.8 79 1.3 77 1.8 61 2.7 59 5.4 3399 3525 20.9 20.9 20.9 21.5 22 22.5 22.8 -
2014-6-26 2:00:0020.7 19.9 20.7 20.5 1005 0 95 95 64 3.4 67 2.7 66 1.4 71 2.8 80 5.4 4000 4517 20.9 20.9 20.8 21.5 22 22.6 22.9 -
2014-6-26 1:00:0020.6 19.8 20.6 20.6 1,005.6 0.1 95 95 77 4.5 74 2.7 70 2.4 73 2.6 84 4.8 5799 5670 20.8 20.9 20.8 21.6 22.1 22.7 23 -
2014-6-26 00:00:0020.6 19.8 20.7 20.6 1,006.3 0 95 95 83 3.4 80 2.8 71 2.5 72 2.8 63 5.2 6768 5767 20.9 21.1 20.9 21.7 22.2 22.8 23.1 -
2014-6-25 23:00:0020.7 20 20.8 20.7 1,006.6 1.2 96 96 77 5.6 72 2.6 79 2.5 79 2.5 77 5.6 6226 6124 21.1 21.1 21.1 21.8 22.4 22.9 23.2 -
2014-6-25 22:00:0020.7 20 20.7 20.6 1,006.9 1 96 96 102 2.6 105 1.8 92 2 83 2.8 88 5.3 6307 5177 21.1 21.1 21.1 21.9 22.5 23.1 23.3 -
2014-6-25 21:00:0020.7 20 20.7 20.7 1,006.8 1 96 96 99 2.6 93 2 89 2.3 103 2.9 100 6.2 5447 5708 21.1 21.3 21.1 22.1 22.7 23.2 23.4 -
2014-6-25 20:00:0020.7 20.2 20.9 20.7 1,006.6 4.8 97 95 110 3.2 90 2.1 86 2 99 2.9 76 5.6 4592 4637 21.3 21.6 21.3 22.4 23 23.4 23.5 -
2014-6-25 19:00:0020.9 20.1 21.8 20.9 1,006.2 6.1 95 95 106 3.9 112 2.9 96 3 80 3.2 91 6.9 3789 3100 21.6 22.5 21.6 22.8 23.2 23.5 23.5 -
2014-6-25 18:00:0021.8 21.1 22.1 21.8 1,005.4 5.3 96 96 101 3.9 103 2.7 91 2 111 2.1 76 4.6 6009 4388 22.5 22.7 22.5 23.1 23.4 23.6 23.6 -
2014-6-25 17:00:0022 21.3 22.3 22 1,005.2 6.4 96 94 111 4 110 2.2 111 2 114 2.3 115 4.7 2643 2399 22.7 23.5 22.7 23.4 23.6 23.7 23.6 -
2014-6-25 16:00:0022.3 21.3 22.4 22.3 1,005.5 1.3 94 93 126 0.8 130 0.7 117 1.2 111 1.8 117 3.3 3505 4035 23.5 24.1 23.5 23.9 23.8 23.7 23.6 -
2014-6-25 15:00:0022.4 21.2 22.4 22.2 1,005.7 0.7 93 92 96 1 107 1 117 1.6 119 2.3 130 4.3 4461 5029 24.1 24.2 23.9 24 23.8 23.7 23.6 -
2014-6-25 14:00:0022.2 21.2 22.8 22.2 1,006.4 0.2 94 89 142 2.1 131 1.5 125 1 122 2.1 131 3.5 7400 4894 24 25.1 24 24.2 23.8 23.7 23.5 -
2014-6-25 13:00:0022.8 21.1 22.8 22.6 1,006.5 0.1 90 88 102 4 105 2.3 118 1.8 126 2.6 119 4.9 7566 8293 24.6 24.7 24 24.1 23.7 23.6 23.5 -
2014-6-25 12:00:0022.6 20.7 23.4 22.6 1,007.1 0.2 89 84 135 3.7 134 2.5 124 2.5 124 2.5 130 4.3 6346 6701 24.2 24.6 24.2 24.1 23.6 23.5 23.5 -
2014-6-25 11:00:0023.4 20.5 23.5 23.2 1,007.3 0 84 82 105 2 103 1.6 120 1.8 120 1.8 98 3.3 14759 11406 24.3 25 24.2 24 23.6 23.4 23.4 -
2014-6-25 10:00:0023.4 20.3 23.8 23.4 1,007.2 0 83 81 74 1.7 83 0.8 108 1.3 128 1.9 126 3.7 12702 12902 24.5 26.5 24.5 24.1 23.3 23.3 23.4 -
2014-6-25 9:00:0023.5 20.4 23.5 22.7 1,007.4 0 83 83 219 1.6 221 1.4 175 0.8 140 1.3 96 2.9 11091 11049 25.8 25.8 23.1 23.3 22.9 23.2 23.4 -
2014-6-25 8:00:0022.7 20.4 22.7 22.6 1,006.9 0 87 86 140 0.9 172 1 158 1.2 130 1.7 123 3.3 11450 11605 23.1 23.2 22.6 22.8 22.8 23.2 23.5 -
2014-6-25 7:00:0022.5 20 22.5 22.2 1,006.2 0 86 86 142 1.6 136 1.3 129 1.7 125 1.9 123 3.7 14277 14247 22.7 22.7 21.6 22.4 22.7 23.2 23.6 -
2014-6-25 6:00:0022.2 19.9 22.4 22.1 1,006.2 0 87 84 121 2 125 1 130 1.4 127 2.1 125 3.8 14915 14318 21.6 21.6 21 22.1 22.7 23.4 23.7 -
2014-6-25 5:00:0022.4 19.6 22.4 22.2 1,005.8 0 84 83 126 1.6 106 0.8 115 1.3 121 1.7 120 3.1 18892 18392 21 21 20.9 22.1 22.8 23.5 23.9 -
2014-6-25 4:00:0022.3 19.3 22.5 22.3 1006 0 83 82 156 0.8 142 0.5 138 0.6 129 1.4 123 3.1 18931 18502 20.9 20.9 20.9 22.1 23 23.7 24 -
2014-6-25 3:00:0022.5 19.3 22.8 22.5 1,005.8 0 82 80 121 1.5 127 1.2 128 1.5 132 2 130 3.3 17020 15401 20.9 21.1 20.8 22.3 23.3 23.9 24.2 -
2014-6-25 2:00:0022.7 19.1 23 22.7 1006 0 80 79 120 2.3 126 1.8 123 1.2 132 1.3 156 2.6 16845 18024 21.1 21.4 21.1 22.6 23.5 24.2 24.3 -
2014-6-25 1:00:0023 19.4 23.1 23 1,006.4 0 80 80 138 2 130 1.4 133 1.3 156 1.3 159 3.9 19639 18615 21.4 21.7 21.4 22.9 23.8 24.4 24.5 -
2014-6-25 00:00:0023.1 20.1 23.3 23.1 1,006.6 0 83 82 136 2.4 140 1.8 135 1.2 135 1.4 160 3.7 13136 13679 21.7 21.8 21.7 23.2 24.1 24.7 24.7 -
2014-6-24 23:00:0023.4 20.3 23.7 23.4 1007 0 83 80 103 1.3 128 0.9 132 1.4 141 1.5 153 4.1 12205 12199 21.7 22 21.7 23.5 24.5 25 24.9 -
2014-6-24 22:00:0023.7 20 23.9 23.7 1,007.3 0 80 79 152 1.6 148 1.1 142 1 131 2 126 3.7 15358 15584 22 22.4 22 23.9 24.9 25.3 25.1 -
2014-6-24 21:00:0023.9 21 24.3 23.9 1,006.9 0 84 84 129 2.6 135 1.4 130 1.4 143 2.6 147 5.4 12296 11064 22.4 22.9 22.4 24.5 25.5 25.7 25.2 -
2014-6-24 20:00:0024.3 21.4 25 24.3 1,006.2 0 84 80 145 4.1 139 2.5 140 2.5 124 3.1 123 6.2 9778 9807 22.9 23.9 22.9 25.3 26.1 26.1 25.3 -
2014-6-24 19:00:0025.1 21.6 26.8 25.1 1,005.9 0 81 68 129 3.9 127 3 127 3 127 3 140 5.3 7584 7056 24 25.9 24 26.4 26.9 26.4 25.4 -
2014-6-24 18:00:0026.8 20.4 27.6 26.8 1,005.3 0 68 66 171 2.3 161 1.1 164 1.7 177 2 178 4.4 10521 9580 26 28.6 26 27.8 27.5 26.5 25.3 -
2014-6-24 17:00:0027.6 20.7 28.2 27.5 1005 0 66 64 152 2 157 1.5 182 1.9 202 2.3 213 5.4 9212 8490 28.5 30.8 28.5 29.1 28 26.5 25.1 -
2014-6-24 16:00:0028 20.8 28.8 28 1,004.9 0 65 62 154 2.8 166 1.7 169 1.6 211 2.5 216 5.7 9266 10559 31 34.1 30.6 30.3 28.3 26.3 24.8 -
2014-6-24 15:00:0028.7 20.7 29.1 27.8 1,005.3 0 62 61 164 3.3 157 2.4 194 1.9 138 2.3 111 4.9 13888 13704 34.1 35.2 33.1 31 28 25.9 24.4 -
2014-6-24 14:00:0028.4 21.2 28.6 27.9 1,005.7 0 65 60 155 3 140 2.1 163 1.8 141 2.1 140 5 12305 12323 34.2 35.6 33 30.8 27.7 25.4 24 -
2014-6-24 13:00:0028.6 20.6 29 28 1,006.1 0 62 58 143 2.9 126 2.4 170 2 139 2.1 189 4.6 8344 10516 36 37.3 35.4 31.1 26.9 24.7 23.5 -
2014-6-24 12:00:0027.9 20.5 27.9 27.3 1,006.8 0 64 61 182 2.2 212 2.3 219 2.1 219 2.1 241 5.1 9697 9086 35.2 36.8 33 29.6 25.9 24 23.1 -
2014-6-24 11:00:0027.3 21.1 27.4 26 1,007.2 0 69 67 130 1.2 161 0.7 142 1.3 158 1.7 137 3.8 9481 9027 33.9 35.1 30.9 28.3 24.7 23.3 22.8 -
2014-6-24 10:00:0026.2 21 26.2 24.8 1,007.6 0 73 72 240 1.6 215 1.4 138 1.6 129 1.6 154 3.6 10875 9289 30.6 31.7 27.2 26.2 23.6 22.8 22.6 -
2014-6-24 9:00:0024.7 21 24.7 24.1 1,007.2 0 80 79 174 2.2 190 1.4 211 1.4 189 1.5 213 3.4 7236 7364 27.9 27.9 26.3 24.4 22.8 22.4 22.5 -
2014-6-24 8:00:0024.2 21.1 24.2 23.1 1,007.3 0 83 83 206 2.2 204 1.1 186 1.5 175 1.6 175 3.5 6574 6379 26.3 26.4 23.8 23.3 22.1 22.2 22.5 -
2014-6-24 7:00:0023.1 20.8 23.1 21.2 1007 0 87 87 117 2 115 1 132 0.9 128 1.5 129 2.1 4930 4709 23.8 23.9 21.1 21.9 21.6 22.1 22.6 -
2014-6-24 6:00:0021.2 20.9 21.2 20.3 1,006.8 0 98 98 74 0.5 85 0.4 74 0.3 118 0.3 95 0.7 2612 2419 21.1 21.1 19.5 20.8 21.4 22.2 22.7 -
2014-6-24 5:00:0020.3 20 20.5 20.3 1,006.7 0 98 98 - 0.2 - 0 - 0.1 132 0.5 134 0.6 1733 1454 19.5 19.6 19.4 20.7 21.6 22.4 22.8 -
2014-6-24 4:00:0020.5 20.2 20.6 20.4 1,006.6 0 98 97 147 0.3 133 0.4 130 0.4 89 0.5 129 1 2218 1326 19.6 19.8 19.6 20.9 21.8 22.5 22.9 -
2014-6-24 3:00:0020.7 20.2 20.7 20.6 1,006.4 0 97 97 - 0.2 - 0.1 124 0.4 120 0.7 124 1.4 1703 2169 19.8 19.9 19.8 21 21.9 22.7 23 -
2014-6-24 2:00:0020.7 20.2 20.9 20.6 1,006.7 0 97 95 - 0.2 - 0.1 162 0.3 130 0.6 132 1.2 3562 3046 19.9 20.1 19.9 21.3 22.2 22.9 23.2 -
2014-6-24 1:00:0020.9 20.1 21.4 20.9 1,007.1 0 95 94 98 0.5 102 0.4 96 0.5 114 0.8 121 1.7 3341 3086 20.1 20.5 20.1 21.5 22.4 23 23.3 -
2014-6-24 00:00:0021.4 20.4 21.7 21.4 1,007.5 0 94 93 164 0.5 155 0.4 132 0.6 125 1.3 129 2.1 4088 3918 20.5 20.6 20.4 21.8 22.6 23.2 23.4 -
2014-6-23 23:00:0021.7 20.5 21.9 21.7 1,008.1 0 93 91 129 1.4 131 0.8 131 1.1 123 1.6 124 2.7 4340 4322 20.6 20.9 20.6 22 22.9 23.4 23.6 -
2014-6-23 22:00:0022 20.5 22.2 22 1,008.4 0 91 89 114 2.6 126 1.5 132 1.2 128 1.4 128 3 3801 4199 20.9 21.2 20.9 22.4 23.2 23.7 23.7 -
2014-6-23 21:00:0022.2 20.5 22.6 22.2 1,008.2 0 90 85 126 1.9 132 1.5 123 1.3 128 1.6 138 3.2 4878 5187 21.3 21.4 21.1 22.8 23.6 23.9 23.8 -
2014-6-23 20:00:0022.6 20 23.6 22.6 1,007.5 0 85 79 131 1.2 147 1 145 1 130 1.7 126 3.2 7824 8379 21.4 22.7 21.4 23.4 24.1 24.1 23.8 -
2014-6-23 19:00:0023.6 19.5 24.6 23.6 1,007.1 0 78 73 138 2.4 111 1.2 151 1 123 2.3 110 4.1 11850 13350 22.7 24.9 22.7 24.4 24.5 24.2 23.7 -
2014-6-23 18:00:0024.6 19.4 25.2 24.6 1,006.5 0 73 68 128 0.8 132 0.7 146 1.3 128 2.1 127 4 14267 15690 24.9 27.1 24.9 25.5 24.7 24.1 23.6 -
2014-6-23 17:00:0025.1 19.5 25.1 24.2 1,006.2 0 71 71 158 2.4 168 1.2 144 1.3 124 1.6 139 2.8 16487 14275 27.3 27.7 25.5 25.6 24.6 24 23.5 -
2014-6-23 16:00:0024.2 20.3 24.6 24.1 1,006.7 0 79 74 120 1 110 0.7 48 1 60 1.3 77 2.1 7775 7536 25.5 27.7 25.3 25.4 24.6 23.8 23.4 -
2014-6-23 15:00:0024.6 19.9 24.6 24 1,006.7 0 75 75 101 1.6 109 1.4 138 0.8 131 1.7 121 3.2 8640 8678 27.8 28.6 27.3 25.8 24.3 23.6 23.2 -
2014-6-23 14:00:0024 19.9 24.2 23 1,006.9 0 78 77 122 2.8 123 2.4 130 1.4 130 1.4 125 3.4 9022 8264 27.8 28.4 24.7 25.1 23.7 23.3 23.2 -
2014-6-23 13:00:0023 20.5 23 22.9 1,007.9 0.3 86 85 15 0.7 25 0.5 103 0.6 133 1.9 123 5.5 6116 5462 24.7 24.9 24.4 24.1 23.5 23.2 23.1 -
2014-6-23 12:00:0023 20.2 23.4 23 1,007.2 0.1 84 81 137 3.8 128 2.3 137 1.6 138 1.7 128 4.6 3910 5258 24.4 26 24.4 24.2 23.3 23.1 23 -
2014-6-23 11:00:0023.1 20.1 23.5 23.1 1,008.4 0.1 83 78 116 1 109 0.5 103 0.8 20 1.5 75 2.5 6508 6551 24.7 25.4 24.1 23.8 23.2 22.9 22.9 -
2014-6-23 10:00:0023.4 19.6 23.4 23.1 1,008.7 0 79 79 86 1 72 0.8 72 1.4 130 1.8 117 3.1 10319 10610 25.4 25.4 24.4 23.7 22.9 22.7 22.8 -
2014-6-23 9:00:0023.1 19.7 23.2 22.6 1,008.4 0 81 79 95 3.3 109 1.8 96 1.7 51 2 80 3.7 11616 11282 25.1 25.3 24.1 23.3 22.5 22.6 22.8 -
2014-6-23 8:00:0022.6 19.4 22.6 21.6 1,008.3 0 82 82 68 2.2 75 1.9 81 1.4 116 2.3 116 4.5 12410 10622 24.3 24.3 22.1 22.5 22.1 22.5 22.8 -
2014-6-23 7:00:0021.6 19.5 21.6 21 1,007.6 0 88 88 117 3 117 1.7 104 1.5 80 1.7 84 3.3 5845 5435 22.1 22.1 20.7 21.7 21.9 22.5 22.9 -
2014-6-23 6:00:0020.9 19.6 20.9 20.8 1,007.6 0 92 91 57 2 62 1.2 58 1.4 68 1.6 65 2.6 4324 4467 20.7 20.7 20.2 21.2 21.9 22.6 23 -
2014-6-23 5:00:0020.9 19.4 20.9 20.8 1,007.5 0 91 91 48 1.4 43 1.2 29 1.2 125 1.9 129 3.6 4820 5329 20.1 20.2 20.1 21.2 22 22.7 23.1 -
2014-6-23 4:00:0020.8 19.6 21 20.8 1,007.2 0 93 91 37 0.9 42 0.6 89 0.9 51 1.8 29 2.7 4300 4157 20.2 20.4 20.2 21.4 22.2 22.9 23.3 -
2014-6-23 3:00:0021 19.5 21.1 21 1,006.8 0 91 91 88 1.7 103 1.6 85 1.1 117 1.3 130 2.7 4724 4838 20.4 20.5 20.4 21.5 22.3 23 23.4 -
2014-6-23 2:00:0021.1 19.6 21.2 21.1 1,007.7 0 91 90 30 0.6 58 0.5 47 0.8 123 1.3 115 2.6 5710 5122 20.6 20.6 20.4 21.7 22.5 23.2 23.5 -
2014-6-23 1:00:0021.1 19.4 21.4 21.1 1,008.1 0 90 88 59 0.8 69 0.8 78 1.1 124 2 117 3.6 5533 5482 20.4 20.6 20.4 21.9 22.8 23.4 23.6 -
2014-6-23 00:00:0021.4 19.3 21.9 21.4 1,008.7 0 88 86 98 3 109 1.5 123 1.9 125 2.1 133 3.7 6939 7255 20.6 21.2 20.6 22.2 23.1 23.6 23.8 -
2014-6-22 23:00:0021.9 19.8 22.4 21.9 1,009.1 0 88 86 117 1.8 117 1.6 115 1 123 2.3 115 3.9 6346 6621 21.2 21.9 21.2 22.6 23.3 23.8 23.9 -
2014-6-22 22:00:0022.4 19.9 22.6 22.4 1,009.2 0 86 84 127 3.1 118 1.7 130 1.7 109 2.3 112 4.5 6780 6817 21.9 22 21.9 22.9 23.6 24 24 -
2014-6-22 21:00:0022.6 20 22.7 22.6 1,008.6 0 85 85 66 2.1 77 1.4 89 1.4 124 1.9 126 3.4 8653 8757 22.1 22.2 22.1 23.2 23.8 24.1 24.1 -
2014-6-22 20:00:0022.7 20.4 23.4 22.7 1,007.9 0 87 83 124 3 127 2 127 1.6 209 1.9 206 4 9075 9330 22.2 22.8 22.2 23.7 24.2 24.3 24.1 -
2014-6-22 19:00:0023.5 20.4 24.4 23.5 1,008.1 0 83 73 205 4 216 1.7 211 1.9 207 2 218 4.5 11835 11231 22.9 24 22.9 24.3 24.6 24.5 24.1 -
2014-6-22 18:00:0024.5 19.3 25 24.5 1,007.9 0 73 70 136 1.7 126 1.3 115 1.5 102 1.7 100 3.1 14779 15299 24.1 25.5 24.1 25 24.9 24.6 24.1 -
2014-6-22 17:00:0025 19.1 25.1 24.8 1,007.5 0 70 70 129 1.4 128 0.9 85 1.2 68 1.7 84 2.8 19217 17378 25.5 25.8 25.3 25.4 25 24.6 24 -
2014-6-22 16:00:0024.9 19.3 25.3 24.9 1,007.5 0 71 70 44 1.4 50 1 59 1 20 1.4 322 2.2 16405 17465 25.4 27.8 25.4 25.8 25.2 24.5 23.9 -
2014-6-22 15:00:0025.2 19.3 25.5 24.8 1,007.3 0 70 70 0 1.4 13 1.5 22 1.4 47 1.6 359 2.3 15493 15835 27.8 29 26.2 26.2 25.2 24.3 23.8 -
2014-6-22 14:00:0025.4 19.3 25.4 25 1008 0 69 69 66 1.6 59 1.2 42 1.4 43 1.4 36 2.9 23503 18489 28.8 29.4 27.5 26.4 25 24.1 23.6 -
2014-6-22 13:00:0025.2 19.8 25.2 24.5 1008 0 72 71 41 2 31 1.2 46 1.4 90 2 90 4.9 16477 16284 29.6 29.9 27.8 26.4 24.5 23.8 23.4 -
2014-6-22 12:00:0024.5 19.6 24.5 23.7 1,008.3 0 74 73 100 1.8 87 1.4 50 1.1 35 1.7 31 3.1 19266 18703 27.8 28 26 25.3 24 23.5 23.3 -
2014-6-22 11:00:0023.8 19.7 23.8 23.1 1,008.8 0 78 77 35 2.3 42 1.7 32 1.8 20 2.2 19 3.3 15515 15807 26.8 27.2 25.1 24.9 23.7 23.3 23.2 -
2014-6-22 10:00:0023.2 19.6 23.2 22.7 1,008.5 0 80 79 38 2 41 1.5 73 1.2 37 2 37 3.7 17922 17660 26 26.1 25.6 24.4 23.4 23.1 23.1 -
2014-6-22 9:00:0022.7 19.7 23.1 22.2 1,008.2 0 83 82 95 2.7 79 1.6 81 1.7 34 2.3 27 3.7 21359 19248 25.7 27.3 24.9 24.1 22.9 22.8 23 -
2014-6-22 8:00:0022.2 19.9 22.2 21.4 1,008.2 0 87 87 66 3.2 57 2.2 55 1.8 69 1.8 66 3.2 15905 16369 24.8 24.8 22.2 22.7 22.4 22.7 23.1 -
2014-6-22 7:00:0021.4 19.9 21.4 21.2 1,007.9 0 91 91 82 0.7 77 0.5 60 0.6 45 1.7 38 2.7 14626 12630 22.2 22.2 21.4 22 22.3 22.8 23.1 -
2014-6-22 6:00:0021.3 20.5 21.3 21.1 1,007.8 0 95 95 36 1.9 46 1.4 39 1.3 23 1.7 28 3.2 4977 4378 21.4 21.4 21.2 21.9 22.3 22.8 23.2 -
2014-6-22 5:00:0021.1 20.4 21.1 21 1,006.8 0 96 96 32 1 42 0.7 51 1 20 1.4 13 2.6 3482 3534 21.2 21.2 21.1 21.9 22.3 22.9 23.3 -
2014-6-22 4:00:0021 20.3 21 20.8 1,006.7 0 96 96 18 1.3 14 1 22 0.9 27 0.9 43 1.8 2964 3308 21.1 21.2 21 21.9 22.4 23 23.4 -
2014-6-22 3:00:0020.9 20.2 20.9 20.9 1,006.6 0 96 96 18 0.4 25 0.3 58 0.3 36 0.9 43 1.5 4872 3985 21.1 21.1 21 21.9 22.5 23.1 23.5 -
2014-6-22 2:00:0020.9 20.2 20.9 20.9 1,006.3 0 96 95 29 1 31 0.6 29 0.8 35 1.4 35 2.3 5033 5325 21.1 21.3 21 22 22.6 23.2 23.5 -
2014-6-22 1:00:0020.9 20.1 21 20.9 1,006.4 0 95 95 45 2.1 44 1.4 51 1.2 43 1.9 36 3.5 8099 8209 21.3 21.5 21.3 22.2 22.8 23.3 23.6 -
2014-6-22 00:00:0021.1 20.3 21.2 21.1 1,006.7 0.1 95 95 41 2.2 40 1.6 41 1.8 77 1.9 59 3.7 5912 5548 21.5 21.6 21.5 22.4 22.9 23.5 23.7 -
2014-6-21 23:00:0021.2 20.5 21.3 21.2 1,006.6 2.3 96 96 94 1.6 105 1.3 107 1.2 88 1.7 95 3.1 4930 4912 21.6 21.8 21.6 22.5 23.1 23.6 23.9 -
2014-6-21 22:00:0021.3 20.6 21.3 21.2 1,006.7 3.2 96 94 60 2 65 1.2 71 1.5 70 1.9 68 4 4767 6269 21.7 21.7 21.6 22.6 23.3 23.8 24 -
2014-6-21 21:00:0021.3 20.3 21.8 21.3 1,006.8 4.1 94 92 78 2.6 79 1.8 84 1.6 81 3.1 66 5.3 2796 3030 21.6 22.2 21.6 23 23.6 24 24.1 -
2014-6-21 20:00:0021.8 20.8 22.2 21.8 1,005.5 3 94 94 61 3.8 65 2.8 70 2.9 72 2.9 58 5.5 5598 4163 22.2 22.7 22.2 23.4 23.9 24.2 24.2 -
2014-6-21 19:00:0022.2 21.4 22.4 22.2 1,005.5 0.2 95 93 41 1.8 39 1.6 40 1.3 23 2.5 28 4.9 4481 5162 22.7 23.2 22.7 23.8 24.2 24.3 24.2 -
2014-6-21 18:00:0022.5 21.3 22.9 22.5 1,004.8 0 93 91 15 4.3 19 3.2 29 2.4 30 3.2 22 5.2 9973 8499 23.3 24.2 23.3 24.3 24.4 24.4 24.2 -
2014-6-21 17:00:0022.9 21.5 23.4 22.9 1,004.3 0 92 91 31 2.1 21 1.6 22 2.1 37 3.1 34 5.4 8535 8079 24.1 25.8 24.1 24.8 24.5 24.4 24.2 -
2014-6-21 16:00:0023.4 22.2 23.5 23.2 1,003.4 0.4 93 92 27 3 29 2.3 35 2.2 25 3.2 18 4.6 7810 6840 25.9 25.9 24.9 24.9 24.5 24.3 24.1 -
2014-6-21 15:00:0023.3 22.1 23.6 23.3 1,003.5 1 93 90 37 4.7 35 3.5 20 2.8 20 3.4 28 6.5 7808 4862 24.9 25.1 24.5 24.7 24.5 24.3 24.1 -
2014-6-21 14:00:0023.6 22 23.9 23.6 1,003.3 0 91 90 14 3.9 25 3.1 23 3.5 24 3.6 24 6 12345 12120 25.1 26.8 25.1 25.2 24.4 24.1 24 -
2014-6-21 13:00:0023.8 22.1 24 23.2 1003 0 90 90 31 4.1 29 3.4 25 3.1 33 3.2 36 5.9 11679 13053 26.8 28 25 25 24 24 24 -
2014-6-21 12:00:0023.2 22.5 23.2 22.5 1,003.3 5.6 96 96 17 3.5 356 2.1 19 1.9 23 2.1 11 4 11178 11810 25.2 25.9 23 24.2 23.7 23.9 24 -
2014-6-21 11:00:0022.5 22 22.7 22.5 1,003.4 14.7 97 95 344 1.5 335 0.8 356 1.6 24 4 23 5.5 2806 1801 23 23.5 22.9 23.6 23.7 24 24.1 -
2014-6-21 10:00:0022.7 21.9 22.9 22.7 1,002.9 3.9 95 95 30 4.6 27 4 25 4 27 4 28 6.6 7533 8107 23.2 23.6 23.2 23.6 23.7 24 24.2 -
2014-6-21 9:00:0022.8 22.3 22.9 22.8 1,003.2 3 97 97 22 3.1 23 2.7 25 2.1 25 2.1 24 3.5 6774 5487 23.4 23.6 23.3 23.6 23.7 24.1 24.2 -
2014-6-21 8:00:0022.8 22.3 22.9 22.7 1,002.9 14.5 97 97 41 2.5 36 1.6 43 2.1 37 2.5 35 4.2 8238 7345 23.3 23.3 22.8 23.5 23.8 24.2 24.4 -
2014-6-21 7:00:0022.9 22.6 23.1 22.9 1,002.5 20.1 98 97 36 3.3 32 2.2 37 2.1 37 2.1 85 3.3 2064 1245 23 23.4 23 23.7 24.1 24.4 24.5 -
2014-6-21 6:00:0023.2 22.7 23.4 23.2 1002 1.8 97 97 69 2.4 75 1.7 77 1.3 64 2.2 67 3.4 1114 1395 23.4 23.5 23.4 24 24.3 24.6 24.6 -
2014-6-21 5:00:0023.4 22.9 24 23.4 1,002.1 3.1 97 94 51 2 47 1.6 57 1.6 62 1.7 69 3 1444 1457 23.5 23.8 23.5 24.1 24.4 24.7 24.6 -
2014-6-21 4:00:0024 23 24.1 24 1,002.1 0 94 93 64 2.4 72 1.7 62 1.7 42 1.9 37 2.9 2333 2594 23.8 23.9 23.8 24.3 24.5 24.7 24.7 -
2014-6-21 3:00:0024.1 23.1 24.3 24.1 1,002.1 0 94 94 48 1.6 51 1.2 48 1.6 43 1.9 37 3.4 2251 2273 23.9 24 23.9 24.4 24.6 24.8 24.8 -
2014-6-21 2:00:0024.3 23.3 24.4 24.3 1,002.3 0 94 94 57 1.9 65 1.5 65 1.4 65 1.4 67 2.7 3199 3218 24 24 23.8 24.5 24.8 25 24.9 -
2014-6-21 1:00:0024.4 23.4 24.5 24.4 1,002.3 0 94 94 55 1.4 60 1 53 1.1 53 1.5 62 2.6 2935 3001 23.9 24.1 23.9 24.7 24.9 25.1 25 -
2014-6-21 00:00:0024.5 23.5 24.7 24.5 1,002.6 0 94 93 53 1.4 55 1.1 51 1.1 44 1.9 36 3.3 3133 3147 24.1 24.4 24 24.9 25.1 25.2 25 -
2014-6-20 23:00:0024.7 23.7 25.1 24.7 1003 0.1 94 91 32 2.1 37 1.7 46 1.6 63 1.8 58 3.1 3048 3090 24.4 24.6 24.4 25.1 25.3 25.4 25.1 -
2014-6-20 22:00:0025.1 23.5 25.6 25.1 1,002.9 0 91 89 55 1.8 50 1.3 54 1.4 52 1.9 53 2.7 3424 3525 24.6 25 24.6 25.4 25.6 25.6 25.2 -
2014-6-20 21:00:0025.6 23.7 25.9 25.6 1,002.7 0 89 88 129 1.1 129 0.8 127 0.9 131 1.7 132 2.8 4718 4737 24.9 25.6 24.9 25.8 25.9 25.7 25.2 -
2014-6-20 20:00:0025.9 23.9 26.4 25.9 1,002.1 0 89 85 90 1.9 84 1.4 85 1.3 111 1.7 115 2.9 2834 2837 25.6 26.2 25.6 26.3 26.2 25.9 25.2 -
2014-6-20 19:00:0026.4 23.7 27 26.4 1,001.8 0 85 83 107 2.3 100 1.3 95 1.6 75 2 105 3.1 4228 4221 26.3 27.8 26.3 26.9 26.6 25.9 25.1 -
2014-6-20 18:00:0027 23.9 27.6 27 1,001.2 0 83 79 76 1.9 80 1.8 75 2.1 75 2.2 70 3.4 4735 5216 27.7 31.6 27.7 27.8 26.9 25.8 25 -
2014-6-20 17:00:0027.6 23.4 27.8 27 1001 0 78 77 70 1.2 76 1.1 93 1.3 50 2 21 3.1 5403 5451 31.6 34.8 31.6 28.9 26.7 25.6 24.8 -
2014-6-20 16:00:0027.1 24 27.4 27 1,000.9 0 83 79 47 1.9 42 1.7 55 1.9 30 2.1 42 3.1 5111 4947 31.7 33.7 30.4 28.2 26.4 25.3 24.6 -
2014-6-20 15:00:0027.4 23.8 27.4 25.7 1,001.2 0 81 81 9 2 0 1.1 12 1.1 60 1.1 12 2.1 6762 6634 34 34 28.7 28 25.8 25 24.5 -
2014-6-20 14:00:0025.7 23.6 25.8 25.5 1,001.5 0 88 87 129 1.1 126 0.9 124 1 127 1 136 1.8 5719 5505 28.7 28.7 27.6 26.6 25.4 24.8 24.3 -
2014-6-20 13:00:0025.5 23.4 25.5 25.4 1002 0 88 87 199 0.9 225 0.5 199 0.7 201 1.1 224 2.2 6087 5830 27.4 27.8 27.2 26.3 25.2 24.6 24.2 -
2014-6-20 12:00:0025.4 23.3 25.5 24.9 1,001.9 0 88 88 160 2.1 139 1.2 153 0.9 119 1.7 121 3.6 8662 8835 27.7 29.6 27.7 26.3 24.8 24.3 24.1 -
2014-6-20 11:00:0024.9 23.1 24.9 24 1,002.5 0 90 90 194 2.3 142 1.6 131 1.3 121 1.8 126 3.3 8791 8142 28.5 28.5 26.1 25.4 24.3 24.1 24.1 -
2014-6-20 10:00:0024 23 24 23.5 1,002.3 0.1 94 94 127 2.2 118 1.7 122 1.7 111 2 102 3.9 4004 4037 26.2 26.6 24.8 24.6 24 24 24.1 -
2014-6-20 9:00:0023.5 22.7 23.5 23.3 1,002.5 1 95 95 120 2.6 121 2 110 2 123 2.2 109 4.3 2682 3916 24.8 24.8 23.8 24 23.8 24 24.1 -
2014-6-20 8:00:0023.3 22.5 23.3 23 1,002.7 0.4 95 95 126 3 124 1.7 119 1.9 123 2.4 126 4.4 4265 5610 23.9 24 23.2 23.8 23.8 24.1 24.2 -
2014-6-20 7:00:0023.1 22.3 23.1 23 1,002.7 0.7 95 94 122 4.1 121 2.4 124 2.1 121 2.8 126 5.2 5391 6007 23.3 23.3 22.9 23.5 23.8 24.1 24.2 -
2014-6-20 6:00:0023 22 23.3 23 1,002.4 0.4 94 91 124 3 116 1.8 118 2.1 126 3.2 129 5.8 5804 5877 22.9 22.9 22.7 23.5 23.9 24.2 24.3 -
2014-6-20 5:00:0023.3 21.7 23.5 23.3 1,002.3 0 91 89 128 4.9 125 3.3 127 3.3 125 3.5 129 7.2 7608 7565 22.7 23.1 22.7 23.6 24 24.3 24.4 -
2014-6-20 4:00:0023.5 21.4 23.5 23.4 1002 0 88 88 132 4.6 122 2.8 120 2.6 121 3.1 131 6.7 8217 8237 23.2 23.2 23.2 23.7 24.1 24.4 24.5 -
2014-6-20 3:00:0023.4 21.3 23.4 23.4 1,002.1 0 88 88 117 3.1 119 2.2 114 2.6 126 4.1 127 7.1 7575 7524 23.2 23.2 23.1 23.8 24.2 24.6 24.6 -
2014-6-20 2:00:0023.3 21.2 23.3 23.3 1,002.7 0 88 88 132 4.3 130 3.5 121 2.6 118 3.2 115 6.2 9244 9193 23.1 23.1 22.8 23.8 24.3 24.7 24.7 -
2014-6-20 1:00:0023.3 21.4 23.5 23.3 1,002.8 0 89 87 132 5.7 121 3.1 116 3.1 116 3.2 115 7 8760 8900 22.9 23.3 22.9 24 24.6 24.9 24.9 -
2014-6-20 00:00:0023.5 21.2 23.5 23.4 1,003.3 0 87 87 102 4.3 109 2.8 119 2.9 116 3 120 6.1 10101 9804 23.2 23.7 23.1 24.3 24.8 25.1 25 -
2014-6-19 23:00:0023.5 21 23.5 23.3 1004 0 86 86 117 4.9 109 2.9 116 2.5 110 2.9 130 5.9 9253 9244 23.7 23.7 23.2 24.6 25.1 25.3 25.1 -
2014-6-19 22:00:0023.3 20.8 23.7 23.3 1,004.3 0 86 83 110 2.5 109 1.6 114 2.4 121 3.1 129 6.2 8928 9361 23.2 24 23.2 24.8 25.5 25.6 25.3 -
2014-6-19 21:00:0023.7 20.6 23.8 23.7 1,003.9 0 83 83 107 3 102 1.6 104 1.9 107 3 97 5.8 11429 11133 24 24.5 24 25.5 25.9 25.9 25.4 -
2014-6-19 20:00:0023.7 20.8 24.2 23.7 1,003.8 0 84 82 96 5.1 110 3 108 2.6 113 2.9 129 6.5 10730 10520 24.4 25.2 24.4 26 26.5 26.2 25.4 -
2014-6-19 19:00:0024.2 20.7 25 24.2 1,003.6 0 81 77 130 5 134 3.7 116 3.1 120 3.6 118 6.6 11072 11166 25.2 28 25.2 27.1 27.1 26.3 25.4 -
2014-6-19 18:00:0025 20.9 25.5 25 1,003.3 0 78 75 112 2.8 117 2.6 123 3.1 126 3.5 131 6.1 11436 11936 28 31 28 28.3 27.6 26.4 25.2 -
2014-6-19 17:00:0025.5 21 26.6 25.4 1003 0 76 70 115 3.5 116 2.6 125 2.9 126 3.4 132 7.2 11232 10917 30.9 35.8 30.6 29.4 27.9 26.2 24.9 -
2014-6-19 16:00:0026.6 20.9 26.6 25.9 1,002.6 0 71 71 104 3.6 109 2.6 116 2.8 129 3.8 130 7 10319 11019 36.1 37 35.1 30.4 27.7 25.8 24.6 -
2014-6-19 15:00:0026.1 20.7 27 26.1 1,003.6 0 72 69 130 5.8 131 3.4 136 3.1 129 3.9 130 7 10577 11186 35.2 43.7 35.2 30.5 27.2 25.2 24.2 -
2014-6-19 14:00:0026.3 20.8 26.3 25.7 1004 0 72 72 129 5.5 140 3.2 130 3.3 125 3.6 111 6.8 9922 10755 37.4 38 34.1 29.3 26.1 24.7 23.9 -
2014-6-19 13:00:0025.7 20.9 25.8 24.8 1,004.4 0 75 73 133 3.8 131 2.6 118 2.6 113 3.2 121 5.6 9851 9335 34.2 35.6 30.7 27.9 25.4 24.2 23.6 -
2014-6-19 12:00:0024.9 20.6 25.3 24.7 1,004.7 0 77 75 91 4.7 94 2.6 116 3.1 128 3.5 121 7.4 8220 8234 31 34.3 30.9 27.3 24.8 23.8 23.4 -
2014-6-19 11:00:0024.7 20.4 24.7 24.1 1,004.7 0 77 77 194 3.2 175 1.8 139 2.8 131 3.6 127 6.9 12193 9213 32.5 32.5 29.4 26 24.1 23.4 23.2 -
2014-6-19 10:00:0024.2 20.1 24.2 23.8 1,004.9 0 78 78 141 4.6 134 3.4 125 2.9 130 3.2 134 6.8 7422 7546 29.4 29.4 28.5 25 23.4 23 23.1 -
2014-6-19 9:00:0023.7 20 23.8 22.9 1,004.9 0 80 80 111 3.6 118 3.5 126 2.6 116 3.1 125 6.1 6061 5618 28.4 28.4 25.9 24.1 22.8 22.7 23 -
2014-6-19 8:00:0022.8 20 22.8 22 1005 0 84 83 122 3.5 115 2.5 115 3.1 122 3.3 137 6.1 4878 4959 25.9 26 23.5 22.9 22.2 22.6 23 -
2014-6-19 7:00:0022 19.7 22.1 21.2 1,005.4 0 87 87 71 3.5 67 2.1 76 2.3 93 2.6 110 5.2 4949 4597 23.4 23.4 21.1 21.8 21.9 22.5 23.1 -
2014-6-19 6:00:0021.2 19.5 21.2 21 1,005.2 0 90 90 96 2.2 95 1.7 92 1.6 72 2.3 74 4.3 3863 3874 21 21 19.6 21.1 21.8 22.6 23.2 -
2014-6-19 5:00:0021 19.5 21.1 20.9 1,004.8 0 91 90 76 2.8 82 1.3 103 1.6 118 2.1 120 4.1 3825 3970 19.6 19.7 19.4 20.9 21.9 22.7 23.3 -
2014-6-19 4:00:0021.1 19.4 21.1 21.1 1,004.2 0 90 88 98 2.9 105 2.2 121 1.9 123 2.2 132 4.3 4625 4520 19.7 19.8 19.7 21 22 22.8 23.4 -
2014-6-19 3:00:0021.1 19 21.2 21.1 1,004.4 0 88 87 128 1.5 118 1.3 103 1.4 124 1.8 85 4.1 4345 4702 19.8 19.8 19.7 21.1 22.1 23 23.5 -
2014-6-19 2:00:0021.3 19 21.3 21.1 1,004.7 0 87 86 147 2.3 141 1.3 127 1.9 122 2.1 128 4.2 9177 9294 19.7 19.8 19.6 21.2 22.2 23.2 23.7 -
2014-6-19 1:00:0021.1 19 21.1 21.1 1,005.1 0 88 87 122 1.8 117 1.5 118 1.2 113 1.3 122 2.6 9247 8408 19.6 19.7 19.6 21.3 22.5 23.4 23.8 -
2014-6-19 00:00:0021.1 18.9 21.4 21 1,005.9 0 87 84 138 1.7 123 1.1 114 1.2 127 2.2 130 3.6 8735 9127 19.6 20 19.6 21.5 22.7 23.6 24 -
2014-6-18 23:00:0021.4 18.6 21.6 21.4 1,006.2 0 84 83 124 2.6 123 2.3 117 2 107 2.2 114 4.7 10066 10629 20 20.4 20 21.9 23 23.8 24.1 -
2014-6-18 22:00:0021.5 18.5 21.7 21.5 1,006.6 0 83 81 118 3.4 118 2.4 109 1.9 117 2.5 104 4.9 13292 13315 20.4 20.5 20.3 22.2 23.3 24.1 24.3 -
2014-6-18 21:00:0021.7 18.3 22.2 21.7 1,005.9 0 81 77 123 3.4 112 2.3 116 2.6 116 2.6 125 4.7 12535 12742 20.5 20.9 20.5 22.6 23.8 24.4 24.5 -
2014-6-18 20:00:0022.2 18 22.6 22.2 1,005.3 0 77 76 125 4 125 2.2 124 2.4 130 2.6 127 4.5 13211 14639 20.9 22 20.9 23.2 24.3 24.7 24.5 -
2014-6-18 19:00:0022.6 18.2 23.2 22.6 1,004.8 0 76 76 91 2.9 101 2.5 97 1.7 100 3 108 5 11971 11575 22 23.9 22 24.1 24.8 24.9 24.6 -
2014-6-18 18:00:0023.3 18.8 24.4 23.3 1,004.7 0 76 72 85 5 92 3 102 3 102 3 112 5.9 7969 7534 24 26 24 25.1 25.2 24.9 24.5 -
2014-6-18 17:00:0024.4 19 24.9 24.4 1,004.7 0 72 69 99 3.2 106 1.8 93 1.6 107 2.6 120 5 8797 8563 26.1 28.9 26.1 26 25.4 24.9 24.4 -
2014-6-18 16:00:0024.9 18.8 25 24.6 1,004.7 0 69 69 107 2.8 109 1.9 99 2 57 2.4 122 5.2 10616 10551 29 29.7 27.9 26.4 25.4 24.7 24.3 -
2014-6-18 15:00:0024.8 18.7 25.2 24.5 1005 0 69 68 50 2.3 47 2.2 53 2.2 68 2.3 84 3.8 9080 8954 28.7 30.7 28.7 26.6 25.2 24.5 24.2 -
2014-6-18 14:00:0024.5 18.9 24.8 24.1 1,005.4 0 71 70 86 2.2 99 1.8 112 1.5 77 2 88 3.6 8800 8621 29.1 31 27.4 26.2 24.8 24.3 24.1 -
2014-6-18 13:00:0024.1 19 24.3 24 1006 0 73 71 103 1.6 116 1.4 130 1.5 113 2 101 3.9 8856 8761 27.4 28.8 26.9 25.6 24.6 24.1 23.9 -
2014-6-18 12:00:0024.2 18.8 24.3 23.4 1,006.1 0 72 72 103 1.6 85 1.5 155 0.9 132 1.3 127 2.9 9220 8618 28.5 29.5 25.7 25.5 24.2 23.9 23.8 -
2014-6-18 11:00:0023.6 18.9 23.7 22.9 1,006.6 0 75 73 159 1.1 158 0.9 106 0.9 48 1.4 34 2.6 9589 9972 26.1 28 26.1 25.1 23.9 23.6 23.7 -
2014-6-18 10:00:0022.9 19.1 22.9 22 1,006.5 0 79 78 37 1.9 39 1.5 43 1.4 39 2 78 3 6891 7237 27.1 27.3 24.5 24.2 23.3 23.5 23.7 -
2014-6-18 9:00:0022 19.4 22 21.4 1,006.3 0 85 84 83 2.1 69 1.4 51 1.7 43 1.8 66 3.1 4794 4590 24.6 25 23.1 23.3 23 23.4 23.7 -
2014-6-18 8:00:0021.4 19.1 21.4 21.1 1,005.9 0 87 87 84 2.7 87 1.9 86 1.4 61 1.5 54 2.7 4266 4290 23 23 21.8 22.6 22.9 23.4 23.8 -
2014-6-18 7:00:0021.1 19.4 21.1 20.9 1,005.7 0 90 90 75 1.9 74 1.5 67 1.3 77 1.4 82 2.3 3986 4155 21.9 22 21.4 22.3 22.8 23.5 23.9 -
2014-6-18 6:00:0020.9 19.6 20.9 20.8 1,005.2 0 92 91 61 1.8 57 1.1 68 0.9 36 1.3 42 2.2 2701 3200 21.4 21.4 21.1 22.2 22.9 23.6 24 -
2014-6-18 5:00:0020.8 19.6 20.8 20.6 1005 0 93 93 93 0.7 79 0.4 54 0.6 38 1.3 42 2.1 3152 3143 21.1 21.2 21.1 22.2 23 23.7 24.1 -
2014-6-18 4:00:0020.6 19.6 21 20.6 1,004.9 0.1 94 92 28 1.6 26 1.4 35 1.2 15 1.7 5 3.1 2433 2386 21.2 21.3 21.1 22.4 23.2 23.8 24.2 -
2014-6-18 3:00:0021 19.7 21.2 21 1,004.9 0 92 89 13 2.1 20 1.6 14 1.1 2 1.3 16 2.5 2502 2525 21.3 21.7 21.3 22.6 23.3 24 24.3 -
2014-6-18 2:00:0021.2 20 21.3 21.2 1,004.8 0 93 91 31 0.8 33 0.4 12 0.3 32 0.8 23 1.1 2063 2407 21.7 21.7 21.6 22.8 23.4 24.1 24.4 -
2014-6-18 1:00:0021.3 19.8 21.4 21.3 1,004.3 0 91 91 53 0.7 51 0.6 35 0.8 33 1.4 35 2.2 2496 2542 21.7 21.8 21.7 22.9 23.6 24.2 24.5 -
2014-6-18 00:00:0021.4 20 21.5 21.3 1,003.9 0 92 91 11 1.5 7 0.8 12 1.2 27 1.7 2 2.6 2460 2520 21.8 22 21.8 23 23.8 24.4 24.6 -
2014-6-17 23:00:0021.3 20.3 21.4 21.2 1,003.9 0.1 94 94 27 1 23 0.8 34 1 27 2.3 23 4 1841 1772 22 22.2 22 23.2 24 24.5 24.7 -
2014-6-17 22:00:0021.4 20.7 21.9 21.4 1,003.7 0.2 96 94 53 1.1 48 1 40 1.4 25 1.8 20 2.9 1640 1625 22.2 22.4 22.2 23.5 24.2 24.7 24.8 -
2014-6-17 21:00:0021.9 21.1 22.1 21.9 1,003.4 0.1 95 95 24 2.3 30 1.7 18 1.4 15 1.7 22 2.8 1673 1688 22.5 22.8 22.4 23.8 24.5 24.9 24.9 -
2014-6-17 20:00:0022.1 21.3 22.7 22.1 1003 0.3 95 94 13 2.2 15 1.8 9 1.6 32 1.9 20 3.6 1719 1757 22.8 23.3 22.8 24.2 24.7 25 25 -
2014-6-17 19:00:0022.7 21.7 23.8 22.7 1,002.4 0.1 94 87 24 1.7 25 1.2 10 1.1 326 1.6 290 3.7 1777 1865 23.3 24 23.3 24.6 25 25.2 25 -
2014-6-17 18:00:0023.8 21.5 25 23.8 1,001.9 0 87 80 294 2.1 281 0.8 330 1.3 290 2.8 304 6.5 3079 3081 24 25.6 23.9 25.2 25.4 25.2 25 -
2014-6-17 17:00:0025 21.5 25.6 25 1,001.6 0 81 78 276 5.3 275 3.5 273 2.1 268 3.1 273 5.8 3583 3481 25.7 28.4 25.7 26.1 25.5 25.1 24.9 -
2014-6-17 16:00:0025.6 21.9 25.7 24.6 1,001.3 0.1 80 79 275 2.9 274 2.8 268 2.4 272 2.6 272 5.7 4681 4508 28.2 30.8 27.5 26.4 25.2 24.9 24.8 -
2014-6-17 15:00:0024.5 22.6 24.5 23.4 1,001.3 0 89 87 278 1.9 256 0.8 270 1.3 288 1.4 303 2.9 3814 3603 27.9 27.9 25.4 25.4 24.8 24.8 24.8 -
2014-6-17 14:00:0023.3 22.1 23.3 22.5 1,001.4 0.2 93 93 250 1.6 260 0.8 280 0.9 274 2.1 273 3.6 3142 3096 25.9 26.1 23.9 24.8 24.6 24.8 24.8 -
2014-6-17 13:00:0022.6 21.6 22.8 22.5 1,001.5 0.9 94 94 292 2.4 291 1.1 288 1.6 283 1.8 274 4.2 2147 2189 24.1 25.3 23.4 24.6 24.6 24.8 24.9 -
2014-6-17 12:00:0022.6 21.4 23.3 22.6 1,001.6 0.7 93 90 325 2.3 316 2.2 322 1.3 337 1.9 308 4.2 3623 3620 23.5 24.9 23.4 24.5 24.6 24.8 24.9 -
2014-6-17 11:00:0023.3 21.6 23.5 23.3 1,001.4 0.1 90 89 0 3.7 348 2.3 338 1.9 9 2.9 4 5.8 4371 4764 24.1 25.1 24.1 24.7 24.6 24.8 24.9 -
2014-6-17 10:00:0023.5 21.8 23.8 23.5 1,001.4 0.1 90 89 11 5.1 12 2.7 6 2.4 326 2.7 311 5.6 4042 4510 24.8 25 24.3 24.7 24.6 24.8 24.9 -
2014-6-17 9:00:0023.8 22.2 23.9 23.3 1,001.3 0.1 91 91 334 5.1 329 2.4 316 1.8 327 2.4 334 5.1 3668 3648 24.7 26 24 24.7 24.5 24.8 24.9 -
2014-6-17 8:00:0023.3 22.3 23.4 23.3 1,000.8 0.2 94 94 339 3.2 329 1.8 321 2.1 320 2.4 329 5.3 4017 3640 23.9 24.1 23.5 24.2 24.4 24.8 25 -
2014-6-17 7:00:0023.4 22.6 23.4 23.2 1,000.6 0.2 95 95 335 4.4 336 2.9 331 1.7 289 1.9 335 4.4 2221 2036 23.7 23.8 23.3 24.2 24.4 24.9 25.1 -
2014-6-17 6:00:0023.2 22.4 23.2 23.1 1,000.2 0 95 95 315 3.1 305 1.4 303 1.4 308 1.5 284 4.2 1679 1914 23.4 23.4 23.2 24.1 24.5 24.9 25.1 -
2014-6-17 5:00:0023.1 22.6 23.1 23 999.9 0 97 97 316 0.5 338 0.4 316 0.7 329 1.9 324 3.6 2691 2522 23.2 23.3 23.2 24.2 24.6 25 25.2 -
2014-6-17 4:00:0023 22.7 23.2 23 999.6 0.1 98 97 327 2.9 327 2.2 327 1.9 331 2.3 320 4.7 1003 1152 23.3 23.5 23.3 24.3 24.7 25.1 25.3 -
2014-6-17 3:00:0023.1 22.6 23.3 23.1 999.6 0 97 97 296 2.3 306 1.2 321 1.5 331 1.5 331 3.3 916 798 23.5 23.6 23.4 24.4 24.7 25.2 25.4 -
2014-6-17 2:00:0023.2 22.7 23.2 23.1 999.3 0.1 97 97 68 0.5 62 0.6 41 0.8 67 1.3 82 2.4 1510 1557 23.6 23.6 23.5 24.4 24.8 25.3 25.5 -
2014-6-17 1:00:0023.1 22.8 23.1 22.9 999.8 0.2 98 97 90 2.1 83 1.5 101 0.9 71 1.5 77 2.7 1524 1455 23.5 23.5 23.4 24.5 24.9 25.4 25.5 -
2014-6-17 00:00:0022.9 22.4 23 22.9 1,000.5 0 97 96 85 1.5 74 1.2 63 1.3 84 1.7 47 2.7 932 1002 23.5 23.7 23.5 24.6 25 25.5 25.6 -
2014-6-16 23:00:0023 22.3 23.2 23 1001 0 96 95 107 2.8 95 1.7 78 1.6 61 1.8 63 3.4 1461 1438 23.6 23.8 23.6 24.7 25.2 25.6 25.7 -
2014-6-16 22:00:0023.2 22.4 23.3 23.2 1,001.6 0 95 94 102 2.3 101 1.4 91 1.8 108 2.7 90 5.5 2742 2773 23.8 24 23.8 24.9 25.3 25.7 25.8 -
2014-6-16 21:00:0023.2 22 23.3 23 1,001.8 0 93 93 106 3.9 101 2.9 111 2.4 108 3.3 106 6.8 4058 4242 24.1 24.1 24.1 25 25.5 25.9 25.9 -
2014-6-16 20:00:0023 21.8 23 22.9 1,001.7 0 93 93 102 4.4 98 2.7 103 2.8 100 3.2 102 6.6 4287 4137 24.1 24.3 24.1 25.2 25.6 26 26 -
2014-6-16 19:00:0022.9 21.7 23.1 22.9 1,001.5 0 93 91 84 4.6 96 3.1 96 3.2 117 4.3 124 8 6479 6427 24.3 24.7 24.3 25.4 25.9 26.1 26.1 -
2014-6-16 18:00:0023 21.5 23.5 23 1,001.3 0 91 88 110 4 116 2.6 115 3.5 118 4.3 132 9 11211 11287 24.7 25.7 24.7 25.8 26.1 26.2 26.2 -
2014-6-16 17:00:0023.5 21.4 23.6 23.3 1,001.4 0 88 86 107 4.9 108 3.5 111 3.8 126 4.8 114 8.8 16054 16641 25.7 26.5 25.7 26.2 26.3 26.3 26.2 -
2014-6-16 16:00:0023.3 20.8 23.4 23 1,001.3 0 86 85 124 7.5 122 4.7 120 4 122 4.6 135 9 11161 10762 26.5 27.7 26.5 26.6 26.4 26.3 26.2 -
2014-6-16 15:00:0023.2 20.9 23.8 23.2 1002 0 87 85 111 7.9 113 4.6 117 4.4 113 4.6 123 8.8 7850 7666 27.3 28.3 27.1 26.7 26.4 26.3 26.2 -
2014-6-16 14:00:0023.7 21 24 23.6 1,002.5 0 85 85 102 5.8 111 4.3 114 4.5 120 5.3 117 10.9 15026 13437 28 28.1 27.6 26.8 26.4 26.3 26.2 -
2014-6-16 13:00:0023.9 21.2 24.4 23.9 1,003.1 0 85 81 116 6.1 123 4.1 112 4.1 119 5.1 106 8.9 18341 15387 27.9 29.4 27.7 26.8 26.4 26.3 26.2 -
2014-6-16 12:00:0024.3 20.8 24.3 24.1 1,003.6 0 81 80 109 3.9 116 2.9 118 4.2 121 5 111 9.2 31947 23177 29.3 29.3 27.6 26.6 26.2 26.2 26.2 -
2014-6-16 11:00:0024.3 21 24.6 24.2 1,004.4 0 82 80 112 6.1 103 4.3 105 3.6 111 4.4 112 9 18162 16513 27.9 28.7 27 26.4 26 26.2 26.3 -
2014-6-16 10:00:0024.3 20.6 24.4 24.1 1,004.4 0 80 80 108 6.7 110 4.4 110 4.2 103 4.6 110 8.9 18305 17194 27.6 27.7 25.9 26 25.9 26.2 26.3 -
2014-6-16 9:00:0024.2 20.5 24.3 24 1,004.7 0 80 79 105 6 101 3.5 97 3.2 92 4.2 103 8 22951 18726 26 26.4 25.5 25.7 25.8 26.2 26.4 -
2014-6-16 8:00:0024.1 20.4 24.1 23.8 1,004.8 0 80 80 105 5 113 3.6 107 3.6 107 3.7 108 8.4 21629 17838 25.8 26 24.8 25.5 25.8 26.3 26.6 -
2014-6-16 7:00:0024 21.1 24 23.8 1,004.9 0 84 84 79 3 79 2.9 89 3 92 3 96 6.8 10432 11553 24.8 24.8 24.7 25.4 25.9 26.5 26.7 -
2014-6-16 6:00:0023.8 20.9 23.9 23.8 1,004.6 0 84 83 117 5 111 3 100 2.6 111 2.8 125 5.9 13070 13337 24.7 24.7 24.3 25.4 26 26.6 26.9 -
2014-6-16 5:00:0023.9 20.8 23.9 23.8 1,004.6 0 83 82 85 4.7 86 2.1 109 2.4 107 3.4 108 6.3 13001 14977 24.3 24.3 24.2 25.5 26.2 26.8 27 -
2014-6-16 4:00:0023.8 21.1 23.9 23.8 1,004.3 0 85 85 118 4 104 2.7 104 2.4 103 3.4 116 6.7 15003 14818 24.3 24.5 24.2 25.7 26.4 27 27.2 -
2014-6-16 3:00:0023.8 21.3 23.9 23.8 1,004.5 0 86 85 125 2.5 108 2.1 106 2.9 111 3.1 100 6.1 13274 13836 24.4 24.6 24.4 25.8 26.6 27.2 27.4 -
2014-6-16 2:00:0023.8 20.9 23.8 23.7 1,004.8 0 84 84 111 4.1 106 2.5 98 2.6 114 3.4 130 6.1 12662 12044 24.6 24.7 24.5 26 26.9 27.5 27.6 -
2014-6-16 1:00:0023.8 20.9 23.8 23.5 1,005.3 0 84 84 108 3.9 114 3.2 112 3.2 111 3.5 96 6.7 10899 11070 24.7 24.7 24.3 26.2 27.2 27.8 27.9 -
2014-6-16 00:00:0023.5 20.8 23.5 23.4 1,005.7 0 85 82 95 4.4 89 1.8 93 2.3 102 2.9 83 6 8146 7949 24.6 24.6 24.2 26.5 27.5 28.2 28.1 -
2014-6-15 23:00:0023.5 20.2 24.1 23.5 1,006.3 0 82 77 84 2.6 85 2 78 2.6 100 3.1 102 5.7 9536 9634 24.3 24.7 24.3 26.9 28 28.5 28.4 -
2014-6-15 22:00:0024.1 19.6 25.1 24.1 1,006.4 0 76 62 108 5.8 109 3.2 100 2.6 81 2.7 108 5.8 10748 10963 24.7 25.4 24.7 27.5 28.6 29 28.6 -
2014-6-15 21:00:0025.1 17.1 26.1 25.1 1,006.6 0 61 48 83 4.7 84 2.5 77 2.6 75 3 76 5.4 16783 18615 25.3 26 25.2 28.2 29.2 29.4 28.8 -
2014-6-15 20:00:0026.1 14.2 27 26.1 1,006.5 0 48 47 79 2.3 80 1.6 83 2.1 87 2.8 94 5.4 22384 20684 26.1 28.2 26.1 29.3 30 29.9 29 -
2014-6-15 19:00:0027 15.1 28 27 1,005.8 0 48 45 71 3.4 76 2.3 72 2.2 102 2.8 96 5.3 19237 19226 28.2 30.5 28.2 30.5 30.8 30.2 29.1 -
2014-6-15 18:00:0028 15 28.7 28 1,005.5 0 45 40 119 4.7 107 2.8 98 2.2 90 2.6 89 5.5 16298 17019 30.6 33.8 30.6 31.8 31.5 30.5 29.1 -
2014-6-15 17:00:0028.7 14.5 29.2 28.7 1,005.5 0 42 39 108 2.5 113 1.4 120 2.5 118 3.2 119 6.4 17258 16376 33.8 36.6 33.8 33.2 32 30.6 29 -
2014-6-15 16:00:0029 16.2 29.6 29 1,005.2 0 46 42 123 4.3 126 3.2 117 3.3 118 3.4 100 6 15906 12965 36.3 38.2 36.2 34.1 32.4 30.6 28.8 -
2014-6-15 15:00:0029.6 15.3 30.3 29.6 1,005.3 0 42 39 128 4.4 126 3.3 127 2.7 131 3.8 138 6 17520 16564 38.3 43.6 38.3 35.1 32.7 30.3 28.4 -
2014-6-15 14:00:0030.1 16.2 30.4 29.8 1,005.5 0 43 43 126 4.8 120 3.4 126 3.5 126 3.5 137 7.2 13229 11714 43.4 48.1 42 36.2 32.7 29.7 27.9 -
2014-6-15 13:00:0030.1 18.2 31.4 30.1 1,006.2 0 49 44 125 4.4 128 2.5 126 3 124 3.6 128 6.7 9968 12392 48.5 55 48.5 37.4 31.6 28.7 27.3 -
2014-6-15 12:00:0030.9 17.9 30.9 29.2 1,006.9 0 46 45 77 3 103 2.4 103 2.8 101 3.3 69 6.3 8836 8294 50.7 51.6 46.3 34.9 29.7 27.6 26.9 -
2014-6-15 11:00:0029.3 18.1 29.4 27.4 1,007.6 0 51 51 128 4.2 110 2.7 75 2.6 76 2.9 110 5.3 6972 7318 46.4 46.9 37.1 31.7 27.8 27 26.8 -
2014-6-15 10:00:0027.4 18.7 27.5 25.9 1,007.8 0 59 56 81 2.8 84 2.4 94 2.3 125 2.6 109 4.5 7741 8436 36.9 36.9 31.1 28 26.8 26.8 26.8 -
2014-6-15 9:00:0025.9 18.3 25.9 25 1,008.1 0 63 63 135 3.4 147 2.1 134 1.9 124 2 129 3.5 8047 7543 31.1 31.1 27.6 26.8 26.4 26.7 26.9 -
2014-6-15 8:00:0025 19.4 25 24.4 1,008.3 0 71 70 170 2.1 168 0.9 147 1.2 126 1.9 136 3.2 8040 7700 27.5 27.5 25.1 26 26.3 26.8 27 -
2014-6-15 7:00:0024.4 19.2 24.4 24.2 1,007.7 0 73 73 98 2.2 93 1 98 1.3 75 2 96 3.8 7222 7000 25 25 24.8 25.7 26.4 27 27.2 -
2014-6-15 6:00:0024.2 19.5 24.2 24.1 1,007.5 0 75 75 80 2.7 80 1.8 74 2 63 2.4 84 4.3 6778 6772 24.8 24.8 24.2 25.7 26.6 27.2 27.4 -
2014-6-15 5:00:0024.1 19.8 24.4 24.1 1007 0 77 75 77 2.7 73 1.6 66 1.8 104 1.8 72 3.4 5754 5518 24.2 24.5 24.2 25.9 26.8 27.5 27.7 -
2014-6-15 4:00:0024.4 19.7 24.4 24.3 1,006.8 0 75 73 120 1.6 113 1.4 106 1.4 54 1.9 57 3.2 6554 6309 24.5 24.5 24.4 26.2 27.1 27.8 27.9 -
2014-6-15 3:00:0024.3 19.6 24.3 24.2 1,006.8 0 75 75 66 1.3 65 1.2 61 1.5 72 1.6 73 2.7 7339 7404 24.5 24.8 24.5 26.5 27.5 28.1 28.1 -
2014-6-15 2:00:0024.2 19.7 24.6 24.2 1,006.9 0 76 71 78 1.6 82 1.5 100 1.3 131 1.8 127 3.3 6678 6777 24.7 25.2 24.7 26.9 27.9 28.5 28.4 -
2014-6-15 1:00:0024.6 19 24.8 24.6 1007 0 71 70 135 3.4 139 2.1 123 1.5 133 2 125 4 7847 7688 25.2 25.4 25.2 27.3 28.3 28.8 28.7 -
2014-6-15 00:00:0024.8 19.2 24.8 24.7 1,007.2 0 71 71 120 3.1 133 1.8 136 1.8 124 2.8 127 4.8 7888 7366 25.4 25.7 25.4 27.8 28.8 29.3 29 -
2014-6-14 23:00:0024.8 20.7 25.5 24.8 1,007.9 0 78 69 130 2.9 124 1.8 126 2.1 130 2.3 128 4.8 5540 5510 25.5 26.2 25.5 28.3 29.4 29.7 29.3 -
2014-6-14 22:00:0025.5 19.4 26.2 25.5 1,008.2 0 69 63 126 3.7 127 2.2 130 1.8 129 2.9 127 5.6 6771 6985 26.2 27.3 26.2 29.1 30.1 30.2 29.5 -
2014-6-14 21:00:0026.3 18.7 27.2 26.3 1,007.8 0 63 57 116 3.1 117 2.4 118 2.1 130 2.6 131 4.6 7278 7293 27.3 28.2 27.3 30 30.9 30.8 29.8 -
2014-6-14 20:00:0027.2 17.7 28.4 27.2 1,007.5 0 56 48 116 3.1 117 2.6 113 1.8 128 2.7 130 5.1 7774 8082 28.3 29.6 28.3 31.1 31.8 31.3 30 -
2014-6-14 19:00:0028.5 16.4 29.6 28.5 1,007.2 0 48 45 134 3.2 126 2.6 131 2.4 125 2.5 134 4.4 5651 6879 29.6 33 29.6 32.7 32.8 31.8 30.1 -
2014-6-14 18:00:0029.6 16.4 30.9 29.6 1007 0 45 40 105 1.8 93 0.9 130 1.4 126 2.7 125 5.2 7973 8279 33.1 38.4 33.1 34.5 33.8 32 30 -
2014-6-14 17:00:0030.9 16.1 32.3 30.9 1,006.6 0 41 37 126 2.9 133 1.7 139 2.2 134 4 131 7.2 8840 9017 38.5 44.2 38.5 36.3 34.5 32.1 29.7 -
2014-6-14 16:00:0032.3 17 33.3 32.3 1,006.2 0 40 39 115 2.5 128 1.3 152 1.9 148 2.2 174 4.7 9175 8934 44.3 47.2 43.6 37.8 34.8 31.9 29.3 -
2014-6-14 15:00:0033.3 17.1 33.6 33 1,006.2 0 38 37 219 2.6 219 1.8 251 1.9 220 2.3 215 4.4 6603 7418 46.8 52.4 45.5 38.7 34.8 31.4 28.8 -
2014-6-14 14:00:0033.5 17.2 33.7 32.9 1,006.4 0 38 36 129 1.8 170 1 175 1.1 43 2.3 45 3.4 7680 7598 52.4 55.8 51 39.5 34.2 30.5 28.1 -
2014-6-14 13:00:0033.2 16.6 33.5 32.2 1007 0 37 37 59 2.2 60 2.1 18 2.2 354 2.3 23 4.3 7034 7134 55.4 55.4 51.5 38.8 32.9 29.4 27.5 -
2014-6-14 12:00:0032.1 16.4 32.7 32 1,007.4 0 39 35 176 1.2 167 0.8 204 1.4 232 1.8 162 3.3 7234 7700 51.8 53 50 36.8 31.2 28.3 26.9 -
2014-6-14 11:00:0032.1 14.7 32.3 30.3 1,007.8 0 35 33 152 1.4 157 0.8 216 1.2 212 1.8 243 3.4 10153 10109 51.4 51.4 43.8 34.3 29.4 27.3 26.5 -
2014-6-14 10:00:0030.4 17.5 30.7 28.9 1,008.1 0 46 42 200 2.9 200 1.6 213 1.6 248 1.8 276 3.5 8415 8256 44 44 38.4 31.5 27.7 26.6 26.3 -
2014-6-14 9:00:0029 18.8 29 26.3 1,008.1 0 54 54 158 1.3 178 1 237 0.9 244 1.4 241 2.4 4434 4675 38.7 39.2 30.1 28.3 26.4 26.3 26.3 -
2014-6-14 8:00:0026.2 19.1 26.2 24.8 1,008.4 0 65 65 256 1.1 239 0.8 233 0.8 222 0.9 217 1.8 4361 4232 30 30 26.6 26.2 25.8 26.2 26.4 -
2014-6-14 7:00:0024.8 19.6 24.8 23.6 1,008.1 0 73 73 213 0.3 - 0.2 149 0.3 107 0.4 164 1.2 3891 3839 26.6 26.6 24.1 25.3 25.7 26.3 26.6 -
2014-6-14 6:00:0023.5 19.6 23.5 22.5 1,007.8 0 79 79 54 0.6 - 0.2 - 0.2 125 0.7 125 1.6 3824 3754 24.1 24.1 22.8 24.9 25.8 26.6 26.9 -
2014-6-14 5:00:0022.5 19.5 22.5 22.3 1,007.5 0 83 81 106 0.5 116 0.3 121 0.5 121 0.5 128 0.9 4057 3909 22.8 22.8 22.4 24.8 26 26.9 27.1 -
2014-6-14 4:00:0022.4 19.2 22.8 22.3 1,007.1 0 82 79 - 0.2 - 0.1 - 0.2 116 0.5 140 0.9 3975 4108 22.4 22.6 22.3 25.1 26.4 27.2 27.4 -
2014-6-14 3:00:0022.8 18.8 24 22.8 1,007.1 0 78 72 117 0.5 110 0.4 120 0.5 121 0.8 121 1.5 4413 4532 22.5 23.4 22.5 25.6 26.9 27.6 27.7 -
2014-6-14 2:00:0024 18.6 24.4 24 1007 0 72 71 123 1.1 126 0.9 125 0.7 124 1 149 1.9 5050 4977 23.5 23.9 23.5 26.2 27.4 28 28 -
2014-6-14 1:00:0024.4 18.8 24.8 24.4 1,007.2 0 71 71 101 1 104 0.5 127 1 127 1.2 123 2.6 5335 5314 23.9 24.6 23.9 26.7 27.9 28.4 28.3 -
2014-6-14 00:00:0024.7 19.3 25.1 24.7 1,007.8 0 72 70 150 2 132 1 150 0.8 130 1.5 164 3.1 4830 4785 24.6 25.3 24.6 27.4 28.5 28.9 28.5 -
2014-6-13 23:00:0025.1 19.2 25.8 25.1 1,008.1 0 70 63 135 2.1 147 1.2 131 1.5 127 2.4 163 4.1 4632 4657 25.3 26 25.3 28 29.1 29.4 28.8 -
2014-6-13 22:00:0025.8 18.2 26.2 25.8 1,008.3 0 63 56 117 3.3 119 1.5 124 1.6 124 2.1 121 3.9 6005 6125 26 26.7 26 28.8 29.8 29.9 29.1 -
2014-6-13 21:00:0026.2 16.7 27 26.2 1,007.9 0 56 51 112 1.6 113 0.9 110 1.2 119 1.6 129 2.7 10296 10236 26.7 28.2 26.7 29.9 30.7 30.5 29.3 -
2014-6-13 20:00:0027 16.3 27.9 27 1,007.2 0 52 46 107 1.4 114 0.8 92 0.9 124 1.5 128 2.8 11744 12194 28.2 29.4 28.2 31.1 31.6 31 29.5 -
2014-6-13 19:00:0027.9 15.2 29.2 27.9 1,006.6 0 46 46 196 1.7 212 1.2 194 1.4 148 1.7 156 4.5 15957 16129 29.4 32.9 29.4 32.6 32.7 31.5 29.6 -
2014-6-13 18:00:0029.2 16.7 30.2 29.2 1,005.9 0 47 44 219 1.9 204 1.5 222 1.5 209 2.6 229 5.5 10136 10297 32.9 37.9 32.9 34.6 33.8 31.8 29.4 -
2014-6-13 17:00:0030.2 16.6 31.7 30.2 1,005.3 0 44 41 192 3.4 199 1.7 196 2.4 232 2.5 217 6.3 11094 10014 38.1 45.8 37.9 36.9 34.5 31.7 29.1 -
2014-6-13 16:00:0031.7 16.8 32.4 31.7 1,005.4 0 41 37 226 2.1 223 1.4 245 2.1 248 2.1 239 4.8 8936 8354 45.7 49.1 45.3 38.4 34.7 31.3 28.6 -
2014-6-13 15:00:0032.3 16.2 32.4 31.5 1,005.5 0 38 36 279 2.5 275 2.2 257 1.8 327 1.9 285 4.3 9267 9352 48.9 53.1 48.9 39.2 34.4 30.6 27.9 -
2014-6-13 14:00:0031.6 16 32.1 31.2 1,005.9 0 39 36 307 1.2 318 0.8 283 1 307 1.9 1 4.1 12313 10378 52.9 55.5 52.2 39.4 33.6 29.6 27.2 -
2014-6-13 13:00:0031.3 15.7 31.4 30.6 1,006.4 0 39 37 46 1.4 33 1 4 1.5 7 2.2 285 4.1 9789 10225 54.4 55.1 52.3 38.3 32.1 28.5 26.5 -
2014-6-13 12:00:0030.6 15.9 31 29.8 1,007.2 0 41 40 310 1.7 319 1.5 319 1.8 273 2.1 296 4.7 9221 9405 52.8 52.8 49 36.4 30.4 27.3 25.9 -
2014-6-13 11:00:0029.8 17.3 29.8 27.8 1,007.4 0 47 44 295 2.1 300 1.5 295 1.3 247 2.3 256 5.1 8149 8457 49.3 49.3 43.4 33.8 28.5 26.3 25.5 -
2014-6-13 10:00:0027.9 19.1 27.9 26.3 1,007.7 0 59 56 272 3.3 263 2.1 264 1.6 274 2.2 254 4.2 4893 4828 43.5 43.5 36.2 30.8 26.7 25.5 25.2 -
2014-6-13 9:00:0026.4 18.8 26.6 24.8 1,007.6 0 63 61 277 3.1 271 1.3 274 1.7 259 2.1 261 4.1 4972 5061 36.2 36.6 31 27.8 25.3 25 25.1 -
2014-6-13 8:00:0024.9 18.8 24.9 23.6 1,007.4 0 69 69 252 3 273 1.8 251 1.5 264 2.2 260 3.8 5682 5680 31.6 31.8 26.5 25.3 24.4 24.8 25.2 -
2014-6-13 7:00:0023.8 18.9 23.8 20.6 1,007.1 0 74 72 244 1.8 258 0.8 258 0.9 235 1.7 252 3.2 6002 6041 27.1 27.7 21.3 23.9 23.9 24.8 25.4 -
2014-6-13 6:00:0020.6 18.7 20.6 19.4 1,006.9 0 89 89 238 1.6 236 1.3 245 0.6 245 0.6 235 1.7 4359 4004 21.2 21.2 19.4 22.5 23.9 25.1 25.7 -
2014-6-13 5:00:0019.5 18.2 20.3 19.5 1,006.5 0 92 88 - 0 - 0 - 0 318 0.5 307 0.8 2919 2915 19.4 19.8 19.4 22.6 24.3 25.5 25.9 -
2014-6-13 4:00:0020.4 18.3 20.9 20.4 1,006.5 0 88 85 317 0.6 323 0.4 313 0.4 225 0.9 246 1.5 2976 3155 19.8 20.3 19.8 23.1 24.7 25.8 26.2 -
2014-6-13 3:00:0020.8 18.2 21.3 20.8 1,006.7 0 85 83 224 0.9 237 0.5 226 0.7 222 0.9 234 1.8 4767 4844 20.3 20.7 20.2 23.6 25.2 26.2 26.5 -
2014-6-13 2:00:0021.3 18.3 21.7 21.3 1,006.6 0 83 82 240 0.5 246 0.6 223 0.8 200 1.7 201 3.4 5096 5396 20.8 21.3 20.8 24.1 25.7 26.6 26.8 -
2014-6-13 1:00:0021.7 18.5 21.7 21.5 1,006.8 0 82 78 219 2 193 1.8 203 1.6 203 1.6 168 3.3 4745 4409 21.3 21.7 21.3 24.6 26.2 27.1 27.1 -
2014-6-13 00:00:0021.7 17.7 22.3 21.7 1,007.1 0 78 75 169 2.6 206 1.1 203 1 204 1.2 183 2.9 4744 4887 21.7 22.5 21.7 25.3 26.8 27.6 27.5 -
2014-6-12 23:00:0022.3 17.7 22.8 22.3 1,007.5 0 75 72 219 1.3 183 0.7 155 0.7 133 1.9 125 3.3 5445 5546 22.6 23.3 22.6 26 27.5 28.1 27.8 -
2014-6-12 22:00:0022.8 17.5 23.5 22.8 1,007.3 0 72 71 131 2.5 121 1.5 123 1.9 126 2.1 130 3.5 6207 6280 23.3 24.2 23.3 26.9 28.3 28.6 28 -
2014-6-12 21:00:0023.5 17.9 24.1 23.5 1007 0 71 71 95 1.3 80 0.8 115 1.4 128 2.1 124 3.7 7561 7381 24.2 25.4 24.2 27.9 29.1 29.2 28.3 -
2014-6-12 20:00:0024.1 19.2 24.8 24.1 1,006.1 0 74 72 127 2.6 122 2 123 1.9 121 2.6 130 4.6 6358 6737 25.5 27.3 25.5 29.2 30.1 29.7 28.5 -
2014-6-12 19:00:0024.8 19.4 25.2 24.8 1,005.6 0 72 69 123 4.9 123 3.1 131 2.3 129 2.6 123 4.9 6538 6375 27.3 30.4 27.3 30.9 31.2 30.2 28.5 -
2014-6-12 18:00:0025.2 19.1 26.8 25.2 1005 0 69 65 128 3.4 128 2.8 131 2.6 126 3.1 130 5 5486 5620 30.4 36.5 30.4 32.8 32.2 30.4 28.4 -
2014-6-12 17:00:0027 19.6 29.4 27 1,004.8 0 64 39 133 4.9 130 2.7 122 2.3 18 2.4 133 4.9 5349 5822 36.6 44.3 36.6 35 32.9 30.4 28.1 -
2014-6-12 16:00:0029.3 15.1 29.4 28.9 1,004.4 0 42 41 312 2.9 327 1.7 29 1.7 22 2.6 27 4.6 9378 8904 44.4 47.3 43.4 36.4 33 30 27.6 -
2014-6-12 15:00:0029.1 14.5 29.7 29.1 1,004.5 0 41 39 293 1.6 318 1.7 343 2.3 14 3.8 25 6.7 8682 9299 46.4 51 46 37.2 32.6 29.3 27.1 -
2014-6-12 14:00:0029.2 15 29.3 28.2 1,004.9 0 42 41 17 3.6 13 2.3 17 2.9 25 3.4 357 5.8 12810 10347 50.4 51.6 44.2 36.5 31.6 28.5 26.5 -
2014-6-12 13:00:0028.3 15.6 28.7 28.2 1,005.3 0 46 46 41 4.6 36 3.8 27 3.5 27 4 31 8 8743 8183 45 49.9 44.8 35.7 30.6 27.6 26 -
2014-6-12 12:00:0028.3 17.2 28.3 27.4 1,005.7 0 51 49 28 4.4 25 2.7 16 2.3 340 2.4 28 4.4 6870 5984 49.3 49.3 43.5 34.3 29.2 26.7 25.5 -
2014-6-12 11:00:0027.5 17.7 27.5 26.5 1,006.1 0 55 53 273 1.9 300 1.9 314 1.7 340 2.8 347 5.4 5299 5703 45.9 46.2 40.5 32.3 27.6 25.8 25.1 -
2014-6-12 10:00:0026.6 18.2 26.6 25.2 1,006.3 0 60 60 355 2.6 341 1.3 296 1.3 20 2.6 24 4.6 4591 4844 40.4 40.4 34.4 29.6 26.1 25.1 24.9 -
2014-6-12 9:00:0025.1 18.1 25.1 24.3 1,006.6 0 65 65 299 2.5 312 1.8 320 1.6 296 1.9 322 3.7 5044 4962 34.3 34.3 30.9 26.9 25 24.7 24.9 -
2014-6-12 8:00:0024.5 19.8 24.5 22.9 1,006.8 0 75 75 312 1.5 312 1 296 1.3 3 1.9 13 3.3 4071 3773 32 32 26.3 25.2 24.2 24.6 25 -
2014-6-12 7:00:0022.9 19.5 22.9 21 1,006.6 0 81 81 325 1.8 333 1.1 323 1 329 1.4 337 2.5 4828 6027 26.3 26.3 21.9 23.5 23.7 24.6 25.1 -
2014-6-12 6:00:0020.9 19.2 20.9 20 1,006.3 0 90 90 281 0.4 274 0.3 294 0.5 26 1.5 24 2.6 5921 5864 21.8 21.8 19.8 22.5 23.8 24.9 25.4 -
2014-6-12 5:00:0020.1 19.3 20.1 19.7 1,005.8 0 95 94 36 1 33 0.8 32 1 34 1.2 34 1.5 4690 4771 19.8 19.8 19.6 22.5 24.1 25.2 25.7 -
2014-6-12 4:00:0019.9 18.7 20.7 19.9 1,005.7 0 93 90 34 1 33 0.9 41 0.7 40 0.8 47 1.1 4087 4868 19.8 20.3 19.8 22.9 24.5 25.6 25.9 -
2014-6-12 3:00:0020.8 19.1 21.2 20.7 1,005.6 0 90 88 161 0.4 175 0.3 212 0.3 237 1.2 228 2.3 6596 6712 20.3 20.7 20.3 23.4 25 26 26.2 -
2014-6-12 2:00:0021.1 19 21.2 21 1,005.7 0 88 88 232 1 221 0.7 227 0.8 229 1.1 252 2.2 7236 7344 20.7 21.1 20.7 23.9 25.5 26.4 26.5 -
2014-6-12 1:00:0021.1 19 21.6 21.1 1006 0 88 86 120 0.4 151 0.4 166 0.5 136 1.1 152 2.4 7517 7819 21.1 21.8 21.1 24.5 26 26.8 26.8 -
2014-6-12 00:00:0021.6 19.2 22.1 21.5 1,006.4 0 86 83 132 2.2 131 1.5 133 0.8 125 1.2 129 2.4 8861 8668 21.8 22.5 21.8 25.2 26.7 27.3 27.1 -
2014-6-11 23:00:0022.1 19.1 22.4 22.1 1,006.6 0 83 82 134 1 128 0.8 125 1.3 120 1.4 161 3 8181 8150 22.5 23.3 22.5 26 27.3 27.8 27.4 -
2014-6-11 22:00:0022.4 19.8 22.8 22.4 1,006.6 0 85 83 195 1.3 190 0.7 178 1 200 1.6 191 3.6 8043 8076 23.3 24.2 23.3 26.9 28.1 28.4 27.7 -
2014-6-11 21:00:0022.8 19.8 23.5 22.8 1,006.5 0 83 78 208 2.4 200 1.4 209 1 180 1.3 172 3 9781 9442 24.2 25.3 24.2 27.9 29 28.9 27.9 -
2014-6-11 20:00:0023.5 19.4 25.3 23.5 1,005.8 0 78 71 192 1.1 200 0.7 191 1.3 159 1.6 174 4 13371 13351 25.3 27.7 25.3 29.3 30 29.4 28 -
2014-6-11 19:00:0025.4 19.8 27.2 25.4 1,005.3 0 71 54 169 2.7 190 1.5 200 1.1 157 1.2 169 2.7 10792 11057 27.7 32 27.7 31 31 29.8 28 -
2014-6-11 18:00:0027.2 17.1 28.1 27.2 1,004.7 0 54 50 66 1.6 86 0.8 89 1 50 2.2 31 4.1 15869 16408 32.2 38.2 32.2 33 31.9 29.9 27.9 -
2014-6-11 17:00:0028 17.2 28.3 28 1,004.5 0 52 49 77 2.3 80 1.5 37 1.2 51 2.5 45 3.3 16969 15768 38.2 42.7 38 34.8 32.4 29.8 27.5 -
2014-6-11 16:00:0028.2 16.8 28.9 28.1 1,004.9 0 50 48 49 3.1 62 2.5 48 2.4 40 2.5 23 4.1 16061 16333 42.1 46.9 41.3 35.9 32.5 29.4 27.1 -
2014-6-11 15:00:0028.1 17 28.5 28 1,005.3 0 51 49 144 0.4 133 0.4 59 1.7 7 2.6 35 6 13065 13940 42.7 50.6 42.7 36.5 32.2 28.8 26.5 -
2014-6-11 14:00:0028.1 16.7 28.5 27.5 1,005.8 0 50 49 85 1.8 76 1.6 110 1.3 25 2.7 49 5.3 19826 15031 49.9 52.8 49.3 36.9 31.3 27.8 25.8 -
2014-6-11 13:00:0027.6 17.5 27.7 27 1,006.1 0 54 52 42 4 38 2.1 25 2 59 3.1 65 5.3 14292 15241 50.8 51.3 46.9 35.4 29.7 26.7 25.2 -
2014-6-11 12:00:0027 16.9 27.4 26.3 1,006.6 0 54 52 65 2.7 66 1.8 89 1.5 52 2.6 5 6.3 19521 20923 47.8 49.9 41.2 33.1 28 25.8 24.8 -
2014-6-11 11:00:0026.4 17.2 26.4 25.3 1007 0 57 56 324 1.8 346 1.2 38 1.7 51 2.5 51 4.7 17837 15132 42.8 43 36 30.3 26.6 25 24.5 -
2014-6-11 10:00:0025.4 16.8 25.7 24.3 1,007.4 0 59 59 30 3 25 2.4 37 2.2 62 2.6 53 5.2 16385 15123 36.1 39.3 32.2 28.5 25.4 24.5 24.3 -
2014-6-11 9:00:0024.3 17.3 24.5 23.4 1,007.3 0 65 64 14 2.3 25 1.9 61 2.1 86 2.5 37 6.1 16004 16136 32.3 33.7 29.4 26.3 24.2 24.1 24.3 -
2014-6-11 8:00:0023.4 17.6 23.5 22.7 1,007.3 0 70 70 78 2.8 80 2 67 2.2 58 2.8 23 4.8 13017 13239 29.2 29.2 25.1 24.1 23.5 23.9 24.4 -
2014-6-11 7:00:0022.7 18.3 22.7 21.1 1,006.7 0 76 76 48 2.6 42 2 55 2 65 2.1 59 3.2 12887 12565 25.1 25.1 21.3 22.7 23.1 24 24.6 -
2014-6-11 6:00:0021 18.8 21 19.5 1,006.3 0 87 87 69 1.1 67 1 77 1.1 78 1.5 78 2.5 6922 6660 21.2 21.2 19.5 21.9 23.1 24.2 24.8 -
2014-6-11 5:00:0019.4 18.7 19.7 19.4 1006 0 96 94 42 0.3 - 0.2 - 0.1 137 0.8 126 1.4 4096 3755 19.6 19.6 18.7 21.8 23.4 24.6 25.1 -
2014-6-11 4:00:0019.7 18.9 20 19.6 1,005.9 0 95 93 135 0.3 - 0.2 148 0.5 291 0.5 273 0.9 4995 5897 19.1 19.7 19.1 22.2 23.9 24.9 25.3 -
2014-6-11 3:00:0020 18.8 20.6 20 1,006.2 0 93 91 - 0 - 0 - 0 48 0.7 48 1.1 4790 5089 19.7 20.6 19.7 22.7 24.3 25.3 25.6 -
2014-6-11 2:00:0020.4 18.9 20.8 20.4 1,006.3 0 91 89 60 0.7 62 0.6 48 0.7 37 0.9 43 1.6 6045 5835 20.3 20.5 20.1 23.2 24.7 25.7 25.9 -
2014-6-11 1:00:0020.8 18.9 21.3 20.8 1,006.5 0 89 88 37 0.8 39 0.8 38 0.8 44 1.4 51 2.4 5542 5563 20.5 21.3 20.5 23.7 25.2 26.1 26.2 -
2014-6-11 00:00:0021.2 19.1 21.7 21.2 1007 0 88 85 49 1.3 48 1 44 1.1 73 1.4 74 2.4 5942 6007 20.9 21.8 20.9 24.3 25.8 26.5 26.5 -
2014-6-10 23:00:0021.7 19.1 21.9 21.7 1,007.2 0 85 82 75 1.4 86 0.6 85 0.9 80 1.8 64 3.5 6140 5970 21.6 22.1 21.6 24.9 26.4 27 26.8 -
2014-6-10 22:00:0021.8 18.6 22.5 21.8 1,007.4 0 82 76 69 2.2 70 1.9 55 1.4 79 2.5 79 3.5 7544 7346 22 22.8 22 25.7 27.1 27.6 27.1 -
2014-6-10 21:00:0022.5 18.1 22.9 22.5 1,007.2 0 76 73 81 3.9 80 2.6 81 2.6 80 2.7 86 4.6 9384 9779 22.8 23.9 22.8 26.7 28 28.1 27.3 -
2014-6-10 20:00:0022.9 17.8 23.8 22.9 1,006.7 0 73 68 68 3.1 74 2.1 78 2.6 79 3.5 84 6.5 12070 12162 23.9 25.8 23.9 28 29.1 28.7 27.5 -
2014-6-10 19:00:0023.8 17.8 25.2 23.8 1,006.2 0 69 60 75 3.8 73 3.5 81 2.7 83 3.4 89 6.8 19402 17711 25.8 29.7 25.8 29.8 30.2 29.1 27.5 -
2014-6-10 18:00:0025.2 16.6 26.8 25.2 1,005.6 0 59 57 80 5.1 76 3.6 79 3.2 87 3.9 91 6.9 28553 21719 29.8 36.9 29.8 32 31.2 29.3 27.3 -
2014-6-10 17:00:0026.9 17.7 27.9 26.8 1,005.1 0 57 57 79 6.4 66 4 78 3.4 78 3.9 92 6.8 19677 19327 37.1 42.3 37.1 34 31.8 29.2 27 -
2014-6-10 16:00:0027.9 18.6 28.6 27.9 1005 0 57 56 73 4.8 76 3.4 80 3.1 84 3.4 87 6.4 18321 16711 42.6 48.2 42.6 35.3 31.8 28.8 26.5 -
2014-6-10 15:00:0028.5 19.2 28.9 28.2 1,005.1 0 57 56 66 4.6 70 2.7 74 2.7 85 3.3 59 6.8 17912 14981 48.2 49 45.1 35.9 31.4 28.1 25.9 -
2014-6-10 14:00:0028.8 19.4 28.8 28 1,005.2 0 57 56 66 3.9 59 2.5 92 2.4 49 3.1 48 5.7 16629 14005 49.9 50.7 44.5 35.8 30.4 27.1 25.3 -
2014-6-10 13:00:0028.1 19.1 28.3 26.9 1,005.5 0 58 57 33 4.4 34 3.5 47 3.1 69 3.2 49 5.9 14413 14843 47.7 50.7 45.1 34.6 29 26.1 24.7 -
2014-6-10 12:00:0026.9 18.7 27.1 26.1 1,006.1 0 61 60 75 4 81 3.7 70 3.2 70 3.2 80 5.5 15591 15035 46.1 47.7 41.4 32.4 27.2 25.1 24.3 -
2014-6-10 11:00:0026.3 19.4 26.5 24.7 1,006.7 0 66 65 84 4.6 87 2.7 101 2.2 52 2.8 71 5.3 12782 13093 41.4 43.3 32.5 29.7 25.4 24.4 24.1 -
2014-6-10 10:00:0024.7 19.5 24.7 23.8 1007 0 73 73 33 3.4 39 2.7 50 2.8 50 2.9 40 4.7 12837 12489 32.3 32.3 28.5 25.9 24.4 24 24.1 -
2014-6-10 9:00:0023.8 19.9 23.9 22.6 1007 0 79 78 73 1.9 83 1.7 91 1.5 57 3.1 107 5.6 8943 8904 28.5 29.4 25.6 24.9 23.7 23.9 24.1 -
2014-6-10 8:00:0022.6 20.3 22.6 21.3 1,006.7 0 87 86 78 3.3 75 1.6 81 1.8 49 2.5 53 4.2 6580 7092 25.6 25.7 22.1 23.3 23.3 23.9 24.2 -
2014-6-10 7:00:0021.3 19.9 21.4 21.3 1,006.6 0.3 92 88 59 2.3 58 1.3 67 1.8 67 2.7 70 4.8 4864 4997 22.2 22.2 21.2 22.6 23.3 24 24.4 -
2014-6-10 6:00:0021.3 19.2 21.3 21.2 1,006.3 0 88 87 70 1.9 76 1.4 67 1.3 68 2.1 74 3.4 7106 7160 21.7 21.7 21.1 22.6 23.5 24.2 24.5 -
2014-6-10 5:00:0021.2 19 21.3 21.1 1,005.8 0 87 87 86 3.2 91 1.3 99 1.8 107 2.2 98 4 9237 8783 21.1 21.4 21.1 22.7 23.7 24.4 24.7 -
2014-6-10 4:00:0021.3 18.9 21.3 21.2 1,005.6 0 86 86 59 2.8 67 1.5 70 1.9 64 2.2 64 3.7 9407 9469 21.4 21.8 21.4 23 23.9 24.7 24.9 -
2014-6-10 3:00:0021.2 18.8 21.3 20.9 1,006.1 0 86 85 67 2.5 55 1.7 49 1.4 75 1.6 75 2.8 9909 9876 21.8 21.8 21 23.1 24.2 24.9 25.1 -
2014-6-10 2:00:0021.3 18.7 21.4 21.3 1,005.5 0 85 83 67 2.7 73 1.3 74 1.6 102 2.2 106 4.5 9430 9954 21.3 21.7 21.3 23.5 24.6 25.3 25.4 -
2014-6-10 1:00:0021.4 18.4 21.8 21.4 1,005.9 0 83 81 98 2.4 105 2 105 1.9 115 2.8 114 5.1 11148 10585 21.7 22.5 21.7 23.9 25 25.6 25.6 -
2014-6-10 00:00:0021.8 18.4 21.9 21.8 1,006.5 0 81 81 92 4.3 111 2.5 114 2.8 115 3 114 5.6 12134 12099 22.6 22.9 22.6 24.4 25.4 25.9 25.8 -
2014-6-9 23:00:0021.8 18.6 21.9 21.7 1,006.9 0 82 82 116 5.3 112 3 115 2.9 117 3.3 121 6 9449 9475 22.8 22.8 22.3 24.7 25.8 26.3 26.1 -
2014-6-9 22:00:0021.9 18.9 22.3 21.9 1,007.1 0 83 82 114 4.3 102 2.6 113 2.9 102 3.1 93 6.1 9531 9539 22.5 23.4 22.5 25.4 26.5 26.7 26.3 -
2014-6-9 21:00:0022.3 19.1 22.8 22.3 1,006.8 0 82 80 109 3.9 114 3 99 3.1 94 3.5 107 5.9 8032 8411 23.3 24.5 23.3 26.2 27.2 27.2 26.5 -
2014-6-9 20:00:0022.8 19 23.6 22.8 1,006.5 0 79 76 97 3.6 99 2.9 94 2.9 97 3.3 110 6.6 10433 11245 24.5 26.3 24.5 27.3 28 27.6 26.6 -
2014-6-9 19:00:0023.6 19.1 24.4 23.6 1,005.7 0 76 72 91 3.7 82 2.2 84 2.8 83 3.3 102 6.8 14322 14607 26.3 28.7 26.3 28.6 28.8 27.9 26.6 -
2014-6-9 18:00:0024.4 19 25.3 24.4 1,005.4 0 72 68 108 4.2 96 1.9 104 2.8 108 3.6 126 6.8 11951 12919 28.8 34 28.8 30.2 29.6 28.1 26.5 -
2014-6-9 17:00:0025.3 19.2 26.1 25.2 1,004.9 0 69 64 128 4.2 108 2.4 103 3 115 3.9 121 7.2 13317 13674 33.9 39 33.3 31.8 30.2 28.1 26.2 -
2014-6-9 16:00:0026.1 19.3 27 26 1,005.1 0 66 61 100 6.6 98 2.7 110 3.1 114 3.6 130 7.8 15045 14142 38.9 42.3 37.4 33.1 30.3 27.7 25.8 -
2014-6-9 15:00:0026.8 18.7 27.4 26.5 1,005.1 0 61 59 75 4 84 2.7 96 3.2 108 3.7 109 7 11464 11796 41.2 47.3 41.2 34.4 29.9 27 25.2 -
2014-6-9 14:00:0026.8 18.1 27.2 26.2 1,005.4 0 59 57 130 6.5 134 3.7 125 3.1 129 4 123 7 10118 10994 46.6 47.7 42.8 34 28.8 26.1 24.7 -
2014-6-9 13:00:0026.6 18.2 26.7 25.9 1,005.9 0 60 59 81 4.8 109 3.4 132 3.1 121 3.1 129 7.3 10113 9644 45.7 46.2 37.3 32 27.4 25.3 24.3 -
2014-6-9 12:00:0026.1 18.3 26.1 25.3 1,006.7 0 62 61 118 4.5 96 3.3 95 2.8 125 2.9 112 5.9 11133 11468 39.7 40.3 36.3 29.8 26.2 24.7 24.1 -
2014-6-9 11:00:0025.5 18.2 25.6 24.1 1,007.3 0 64 61 92 3.1 92 1.7 117 2.4 123 3.4 129 6.5 10689 11738 38.1 38.3 31.5 28.2 25.1 24.1 23.9 -
2014-6-9 10:00:0024.2 18.4 24.2 23.8 1,007.2 0 70 69 98 3.6 89 2.7 115 2.6 128 3.3 127 5.4 10016 10392 31.5 31.7 29.9 26.2 24.3 23.8 23.8 -
2014-6-9 9:00:0023.9 18.3 23.9 23.1 1,006.9 0 71 71 135 4.6 136 2.2 122 2.5 127 3.3 132 6.5 9981 9420 30.6 30.6 27 24.9 23.6 23.5 23.7 -
2014-6-9 8:00:0023.1 18.2 23.3 22.1 1,006.8 0 74 74 99 4.8 97 3.6 101 2.9 109 3.3 98 6.4 7865 8033 27.6 28.3 23.9 23.7 23 23.4 23.8 -
2014-6-9 7:00:0022.1 18.7 22.1 21.2 1,006.5 0 81 81 112 3.7 111 2.8 106 2.7 104 2.9 95 6 6398 6355 24.2 24.2 21.7 22.4 22.8 23.5 23.9 -
2014-6-9 6:00:0021.2 19 21.2 20.7 1,006.5 0 87 87 99 2.8 105 2.2 96 1.8 82 2.1 99 4.4 4695 5049 21.6 21.6 20.1 21.9 22.8 23.6 24.1 -
2014-6-9 5:00:0020.7 18.8 20.7 20.6 1,005.9 0 89 89 87 1.8 77 1.2 84 1.5 78 2 103 4.5 5686 5694 20.1 20.2 19.8 21.8 22.9 23.9 24.3 -
2014-6-9 4:00:0020.6 18.9 20.8 20.6 1,005.9 0 90 88 93 1.7 88 1.2 88 1.6 86 1.8 75 3.3 5714 5898 19.8 20.6 19.7 21.9 23.2 24.1 24.5 -
2014-6-9 3:00:0020.8 18.7 20.9 20.6 1,005.6 0 88 87 86 2.8 80 1.7 82 1.6 105 2.1 104 3.7 5357 5513 20.6 20.6 19.7 22.2 23.5 24.4 24.8 -
2014-6-9 2:00:0020.9 18.7 21.1 20.9 1,005.3 0 87 86 119 3.2 117 2.8 107 2.1 101 2.2 83 4.5 5954 6283 20 20.3 20 22.5 23.9 24.7 25 -
2014-6-9 1:00:0021.1 18.7 21.4 21.1 1,005.8 0 86 85 107 3.1 104 1.9 104 1.9 102 2.8 113 5.4 8536 8461 20.3 21 20.3 23 24.3 25.1 25.2 -
2014-6-9 00:00:0021.4 18.8 21.6 21.4 1,006.2 0 85 84 102 4.3 106 2.1 115 2.1 113 3.2 87 6.6 7889 7561 21 21.7 21 23.5 24.8 25.4 25.5 -
2014-6-8 23:00:0021.6 18.8 21.8 21.6 1,006.6 0 84 82 118 4.8 117 3.3 108 2.8 110 3.2 93 6.9 8039 7924 21.7 22 21.7 24 25.2 25.8 25.7 -
2014-6-8 22:00:0021.8 18.6 22.2 21.8 1,006.9 0 82 80 96 5.2 112 3.3 111 3 113 3.6 121 7.4 10496 10955 22 22.8 22 24.7 25.8 26.2 25.9 -
2014-6-8 21:00:0022.2 18.8 22.8 22.2 1,006.7 0 81 80 125 5.2 126 4 120 3.5 105 3.5 109 6.9 7748 7377 22.9 23.6 22.9 25.5 26.4 26.6 26.1 -
2014-6-8 20:00:0022.8 19.2 23.7 22.8 1,005.9 0 80 75 109 4.6 99 2 110 2 116 3.3 125 6.6 7389 7554 23.6 25.2 23.6 26.4 27.2 27 26.3 -
2014-6-8 19:00:0023.7 19.2 24.9 23.7 1,005.3 0 76 72 125 5.3 130 3.1 123 3.1 126 3.8 128 6.7 8035 8153 25.2 28 25.2 27.6 27.9 27.3 26.3 -
2014-6-8 18:00:0025 19.6 25.7 25 1,004.7 0 72 69 78 4.7 76 3.1 98 2.7 101 2.7 95 6.3 10174 9920 28 30.8 28 29 28.6 27.5 26.2 -
2014-6-8 17:00:0025.6 19.7 26.2 25.6 1,004.6 0 70 68 94 3 84 2.5 103 2.6 108 2.8 109 5.5 8263 8578 30.8 35.6 30.8 30.4 29 27.4 26 -
2014-6-8 16:00:0026.3 19.9 26.6 26.3 1,004.6 0 68 67 131 4.4 120 2.9 93 2.5 115 2.7 92 5 8554 8682 35.8 38.3 35.8 31.4 28.9 27.1 25.8 -
2014-6-8 15:00:0026.5 20.1 26.5 26 1,004.8 0 68 68 101 3.1 95 1.6 102 2 126 2.4 127 4.2 8389 8605 37.1 37.8 35.5 31.2 28.5 26.8 25.5 -
2014-6-8 14:00:0026.2 20.3 26.8 26.1 1,004.7 0 70 68 127 4.7 125 3.2 135 2 130 2.7 122 5.1 8316 8308 35.4 39.5 35.3 30.9 28.3 26.4 25.2 -
2014-6-8 13:00:0026.9 20.5 27 26.5 1005 0 68 63 142 3.4 140 1.7 149 1.7 130 2.6 125 4.4 6768 6719 39.8 41.8 36.3 31.2 27.6 25.8 24.9 -
2014-6-8 12:00:0026.5 19.9 26.7 25.9 1,005.3 0 67 66 75 2.9 75 2.3 87 2 98 2.1 71 4.2 6640 6461 36.8 39.7 34.8 29.8 26.6 25.2 24.7 -
2014-6-8 11:00:0026 19.6 26 25.2 1,005.5 0 68 68 58 2.7 74 2.1 95 1.5 77 2.3 89 3.8 7073 6364 34.7 35.2 32 28 25.6 24.8 24.5 -
2014-6-8 10:00:0025.2 19.8 25.4 23.8 1,005.7 0 72 71 77 2.2 80 1.9 78 2.4 78 2.4 72 4.2 4791 5126 32.3 33.1 27.7 26.7 24.8 24.6 24.5 -
2014-6-8 9:00:0023.8 20.5 23.8 23.3 1,005.5 0 82 82 109 1.7 99 1.2 94 2 74 2.4 84 3.8 4500 4095 27.5 27.5 26 24.9 24.4 24.5 24.6 -
2014-6-8 8:00:0023.3 20.8 23.3 22.4 1,005.3 0 86 86 149 2 152 1.2 111 1.3 136 1.8 133 3.7 3256 3379 26.1 26.1 24.1 24.3 24.1 24.5 24.7 -
2014-6-8 7:00:0022.4 20.9 22.5 22.3 1,005.3 0 91 91 135 2.3 131 1.7 113 1.2 135 2.2 129 3.9 2720 2830 24.2 24.2 23.2 23.7 24.1 24.6 24.8 -
2014-6-8 6:00:0022.5 21.1 22.5 22.1 1,004.5 0 92 92 124 2.4 139 1.3 111 1 106 1.8 122 3.5 3288 3149 23.2 23.2 21.7 23.4 24.1 24.8 25 -
2014-6-8 5:00:0022.1 20.9 22.3 22.1 1,004.1 0 93 92 94 2.5 92 1.6 76 1.8 78 1.9 83 3.4 2877 3056 21.7 21.7 21.6 23.3 24.4 25.1 25.2 -
2014-6-8 4:00:0022.3 20.9 22.5 22.3 1,003.9 0 92 91 68 2.6 73 1.8 78 1.6 70 1.7 90 3 3716 3910 21.7 22.1 21.7 23.6 24.7 25.3 25.5 -
2014-6-8 3:00:0022.5 21 22.6 22.4 1004 0 91 91 117 2.9 109 1.4 98 1.6 125 1.7 91 3.2 4853 4956 22.1 22.2 22.1 24 25 25.7 25.7 -
2014-6-8 2:00:0022.4 21 22.5 22.3 1,004.2 0 92 91 90 1.7 102 1.1 109 1.1 114 1.1 114 2.1 4769 4859 22.2 22.5 22.2 24.3 25.4 26 26 -
2014-6-8 1:00:0022.5 21 22.8 22.5 1,004.5 0 91 89 91 1.5 90 1 82 0.9 121 2.3 127 3.7 5028 4892 22.5 23 22.5 24.7 25.8 26.4 26.2 -
2014-6-8 00:00:0022.8 20.9 23 22.8 1,004.3 0 89 88 123 3.2 123 1.9 124 1.4 121 2.6 119 4 5697 5743 22.9 23.4 22.9 25.2 26.3 26.8 26.5 -
2014-6-7 23:00:0023 20.9 23.4 23 1,004.1 0 88 86 127 3.6 113 2.2 121 2.5 117 2.5 108 4.5 6593 6548 23.4 24 23.4 25.9 26.9 27.2 26.8 -
2014-6-7 22:00:0023.4 20.9 23.9 23.4 1,004.3 0 86 83 99 3.2 103 2.2 117 2.4 128 3 132 4.9 7607 7371 24 24.8 24 26.6 27.6 27.7 27 -
2014-6-7 21:00:0023.9 20.8 24.6 23.9 1,003.7 0 83 79 131 3.2 125 1.7 124 2.4 130 2.9 130 5 8548 8425 24.8 25.9 24.8 27.5 28.4 28.2 27.2 -
2014-6-7 20:00:0024.6 20.7 25.5 24.6 1,002.8 0 79 74 127 2.6 126 1.7 112 1.7 126 2.9 115 5.1 7559 7789 25.9 27.5 25.9 28.7 29.3 28.7 27.4 -
2014-6-7 19:00:0025.5 20.7 26.8 25.5 1,002.6 0 75 66 120 3.7 124 3.1 121 2.8 125 2.9 123 4.9 7992 7674 27.5 30.3 27.5 30.1 30.3 29.1 27.4 -
2014-6-7 18:00:0026.8 20.2 27.8 26.8 1,001.8 0 67 64 94 2.5 111 2 118 2.5 127 3.2 130 4.9 8224 8067 30.3 35 30.3 31.9 31.2 29.4 27.3 -
2014-6-7 17:00:0027.8 20.9 29.1 27.7 1,001.3 0 66 61 117 2.9 119 2.3 123 2.7 120 3 90 5.5 8242 7843 35 39.1 35 33.8 31.9 29.4 27 -
2014-6-7 16:00:0029.2 20.9 30.7 29.2 1001 0 61 54 123 5.5 120 3.2 116 2.7 116 2.7 120 5.5 6717 6977 39.3 45.3 39.3 35.6 32.1 29.1 26.6 -
2014-6-7 15:00:0029.9 20.2 30.6 29.5 1001 0 56 52 126 2.1 123 1.9 118 1.8 147 2.1 165 3.9 6011 6249 45.3 46.7 40.6 36.1 31.8 28.5 26.1 -
2014-6-7 14:00:0029.6 19.6 30.4 29.6 1,001.5 0 55 51 155 2.5 165 1.5 132 1.8 120 1.9 123 3.5 6611 6478 41.7 51.2 41.7 36.2 31.3 27.8 25.5 -
2014-6-7 13:00:0029.7 19.4 30.1 29.1 1,002.1 0 54 53 304 1.6 261 1 285 1 73 1.7 124 3.9 6211 6453 46 50.2 44.3 35.5 30.3 26.8 24.9 -
2014-6-7 12:00:0029.1 19.7 29.4 27.8 1,002.9 0 57 56 280 1.5 266 0.7 25 1.8 22 2.1 42 4.6 6075 6040 48.5 49.5 43.4 34.8 28.8 25.8 24.3 -
2014-6-7 11:00:0027.9 20.7 27.9 26.8 1,003.3 0 65 63 306 0.9 264 0.5 136 1.1 149 2 121 3.7 6192 6134 44.7 45.9 40.1 32.4 27.1 24.8 23.9 -
2014-6-7 10:00:0026.9 20.7 26.9 25.5 1,003.7 0 69 69 198 3.3 189 1.9 184 1.8 105 2.1 100 4.3 6000 6320 40.3 40.6 34.9 29.5 25.3 24 23.7 -
2014-6-7 9:00:0025.6 20.6 25.7 24.1 1,003.9 0 74 74 127 3.2 127 2.8 144 1.8 128 1.8 126 3.6 5562 5232 34.8 34.8 29 26.5 24 23.6 23.6 -
2014-6-7 8:00:0024 20.5 24 22.9 1004 0 81 81 108 1.3 115 0.6 120 1.7 124 2.4 130 4.4 4894 4933 28.7 28.7 24.8 24.2 23.3 23.5 23.7 -
2014-6-7 7:00:0022.8 20.1 22.8 21.8 1,003.7 0 85 85 116 2.4 121 1.9 107 2 92 2.1 71 3.7 3950 3767 24.7 24.7 22.1 22.8 23 23.5 23.8 -
2014-6-7 6:00:0021.8 19.9 21.8 21.4 1,003.5 0 89 89 71 1.3 87 1 97 1.4 99 1.6 107 3.5 3438 3500 22 22 20.6 22.3 23 23.7 24 -
2014-6-7 5:00:0021.3 19.8 21.6 21.3 1,003.2 0 91 89 103 2.5 102 1.6 96 1.2 108 1.7 117 3.3 3698 3669 20.6 21.1 20.5 22.3 23.3 23.9 24.2 -
2014-6-7 4:00:0021.6 19.7 21.9 21.6 1,003.3 0 89 88 127 1.5 125 1 122 1.5 125 2.4 121 4 3867 3928 21.1 21.8 21.1 22.7 23.6 24.2 24.4 -
2014-6-7 3:00:0021.8 19.9 21.8 21.7 1,003.3 0 89 89 99 2.3 109 1.7 104 1.5 80 1.7 94 3.5 4232 4095 21.8 21.8 21.2 22.9 23.8 24.4 24.6 -
2014-6-7 2:00:0021.7 20 21.9 21.7 1,003.6 0 90 89 94 2.1 95 1.5 101 1.6 82 1.9 97 3.6 3642 3556 21.2 21.4 21.2 23 24.1 24.7 24.8 -
2014-6-7 1:00:0021.9 20 22.1 21.9 1,003.6 0 89 88 95 2.4 84 1.7 95 1.5 94 1.7 110 3.5 3576 3490 21.4 21.8 21.4 23.4 24.5 25.1 25 -
2014-6-7 00:00:0022.1 20 22.2 22.1 1004 0 88 86 110 1.3 107 1 102 1.3 101 1.9 106 3.8 3738 3786 21.8 21.9 21.8 23.8 24.9 25.5 25.3 -
2014-6-6 23:00:0022.2 19.7 22.4 22.2 1,004.4 0 86 82 104 2.5 107 1.9 98 1.8 95 1.9 113 3.8 4580 4663 21.9 22.5 21.9 24.3 25.5 25.9 25.6 -
2014-6-6 22:00:0022.4 19.2 22.9 22.4 1,004.5 0 82 74 96 2 99 1.5 104 1.6 128 3.1 123 5.5 6918 6698 22.5 23.2 22.5 25 26.1 26.4 25.8 -
2014-6-6 21:00:0022.9 18 23.4 22.9 1,004.4 0 74 72 131 5.1 127 2.9 122 2.6 131 3 130 6 9718 9259 23.2 24.1 23.2 25.9 26.9 26.8 26 -
2014-6-6 20:00:0023.4 18.1 24.5 23.4 1,004.3 0 72 72 130 3.1 133 1.7 131 2.4 126 2.6 129 5.4 8304 8029 24.1 25.9 24.1 27 27.8 27.3 26.2 -
2014-6-6 19:00:0024.6 19.4 26 24.6 1,003.7 0 73 66 123 2.5 130 1.7 129 2.3 126 2.8 87 5.3 6436 6481 25.9 29.1 25.9 28.6 28.7 27.7 26.2 -
2014-6-6 18:00:0026 19.4 27 26 1,003.1 0 67 63 119 4.1 107 2.4 108 2.6 82 2.8 77 4.9 8515 9167 29.2 34 29.2 30.2 29.5 27.9 26.1 -
2014-6-6 17:00:0026.9 19.3 27.6 26.9 1,002.9 0 63 61 88 3.2 101 2.4 96 2.6 73 3 76 5.5 8332 8494 34 35.7 33.7 31.7 30 28 25.9 -
2014-6-6 16:00:0027.6 19.4 28.5 27.6 1003 0 61 53 90 4.3 78 2.6 73 3.1 72 3.4 71 5.8 9031 9663 35.2 37.8 35.2 32.8 30.4 27.8 25.6 -
2014-6-6 15:00:0028.5 18 29.1 28.5 1,003.3 0 53 50 92 3.1 84 2 58 2.1 89 2.4 85 5 11983 12071 37.8 46.4 37.8 34.4 30.6 27.4 25 -
2014-6-6 14:00:0029.2 18 29.2 28.1 1,003.8 0 51 50 114 2.6 95 1.9 91 2.2 87 2.2 97 4.4 10096 10528 46.6 46.7 42.5 34.9 30 26.6 24.5 -
2014-6-6 13:00:0028.2 18 28.5 27.5 1,004.5 0 54 52 92 1.9 86 1.8 89 1.3 78 2.5 83 4.5 8467 7906 43.2 49.1 43 34.5 29.2 25.7 23.8 -
2014-6-6 12:00:0027.5 18.5 27.7 27 1,004.9 0 58 56 85 2.3 83 2 78 2.3 41 2.5 47 4.6 8388 8022 43.6 48 43.4 33.6 27.7 24.6 23.3 -
2014-6-6 11:00:0027 18.8 27 25.7 1,005.4 0 61 60 22 4.1 8 2.1 314 1.2 55 2.3 68 4.1 6116 6792 44.1 44.4 39.2 31.1 25.7 23.6 22.8 -
2014-6-6 10:00:0025.7 18.6 25.8 23.9 1,005.5 0 65 65 59 2.8 50 2 82 1.5 77 2.2 88 4.1 6096 5668 39.8 39.8 31.9 27.9 24 22.9 22.6 -
2014-6-6 9:00:0023.8 18.7 23.9 22.3 1,005.6 0 73 73 75 3.3 78 1.9 91 1.7 134 2.1 139 3.8 4098 4221 31.5 32.1 26.4 24.8 22.7 22.5 22.6 -
2014-6-6 8:00:0022.4 19 22.4 21.2 1006 0 81 81 165 2.7 153 0.7 128 1 121 1.9 120 3.5 4040 3921 27 27 22.1 22.7 22.1 22.4 22.6 -
2014-6-6 7:00:0021.2 19.1 21.3 20.8 1,005.7 0 88 88 132 2.7 127 1.8 121 1.7 126 2.1 129 4.1 3455 3451 22.1 22.5 20.8 21.7 21.8 22.4 22.8 -
2014-6-6 6:00:0020.8 19.5 20.8 20.1 1,005.6 0 92 92 64 1 85 0.5 83 0.8 75 1.5 64 2.4 2773 2681 20.7 20.7 19.5 21.1 21.8 22.6 22.9 -
2014-6-6 5:00:0020.1 19.1 20.1 20 1,005.2 0 94 93 134 1.4 132 1.2 93 1.1 57 1.7 58 3 2969 2885 19.4 19.4 19.2 20.9 22 22.8 23.1 -
2014-6-6 4:00:0020.1 19.1 20.2 19.9 1,004.9 0 94 92 70 1.3 69 1 75 1 66 1.1 71 1.9 3270 3511 19.2 19.3 19.1 21.1 22.3 23.1 23.3 -
2014-6-6 3:00:0020.3 19 20.5 20.3 1,004.9 0 92 91 92 0.5 98 0.4 112 0.5 125 0.9 109 1.7 5474 5816 19.3 20 19.3 21.4 22.6 23.3 23.5 -
2014-6-6 2:00:0020.5 19 20.5 20.3 1,005.1 0 91 91 126 1.4 122 0.9 126 0.8 132 1.2 136 2 4900 4879 19.9 19.9 19.7 21.7 22.9 23.7 23.8 -
2014-6-6 1:00:0020.4 19.1 20.4 20.3 1,005.4 0 92 91 99 0.8 104 0.8 106 0.7 123 1.2 127 2.1 3602 3865 19.8 20.1 19.8 22 23.3 24 24 -
2014-6-6 00:00:0020.5 19 20.6 20.5 1006 0 91 90 144 0.5 140 0.3 135 0.4 125 1.6 124 2.7 4119 4228 20.1 20.5 20.1 22.5 23.8 24.4 24.3 -
2014-6-5 23:00:0020.6 18.9 21 20.6 1,006.4 0 90 85 136 2.1 120 1 144 1 131 2.7 133 3.4 4686 4776 20.5 21 20.5 23.1 24.4 24.9 24.5 -
2014-6-5 22:00:0021 18.4 21.7 21 1,006.4 0 85 81 130 2.5 139 1.8 132 2.6 120 2.7 121 5 6241 6548 21.1 22.1 21.1 23.9 25.2 25.4 24.8 -
2014-6-5 21:00:0021.7 18.9 22 21.7 1,006.2 0 84 84 146 1.5 143 1.1 134 1.4 127 2.1 125 3.9 5845 5871 22.1 23.2 22.1 24.9 26 25.9 25 -
2014-6-5 20:00:0022 19.4 23.1 22 1,005.7 0 85 81 127 2.4 123 1.6 122 1.2 159 1.8 172 3.8 6587 6497 23.2 25 23.2 26.2 26.9 26.3 25 -
2014-6-5 19:00:0023.1 19.7 25 23.1 1,005.1 0 81 73 138 2.9 135 1.2 154 1.3 133 2.2 122 4.6 7759 8217 25 28.7 25 27.9 28 26.7 25 -
2014-6-5 18:00:0025.1 19.9 26.1 25.1 1,004.4 0 73 66 122 3.8 151 2.1 165 1.9 136 2.1 129 4.1 8873 8506 28.8 33.5 28.8 30 28.9 26.8 24.8 -
2014-6-5 17:00:0026.1 19.3 28.1 26.1 1,003.9 0 66 53 130 2.5 154 1.4 142 1.6 122 3.2 124 5.5 6840 6982 33.3 40.9 33.3 32.3 29.4 26.6 24.3 -
2014-6-5 16:00:0027.9 18 27.9 27.6 1,004.2 0 55 53 26 3 30 1.6 63 1.3 23 2.6 20 4.3 11618 11227 41 44.1 41 33.3 29.2 26 23.8 -
2014-6-5 15:00:0027.7 18.1 28.3 27.3 1,004.6 0 56 53 18 1.5 7 1.2 18 1.9 34 2.4 27 4.1 11147 9804 43.3 46.2 41.6 33.5 28.5 25.3 23.2 -
2014-6-5 14:00:0027.2 18.5 27.4 26.4 1,004.9 0 59 56 37 2.8 53 2.4 20 1.7 27 2.5 49 6.1 10280 8572 42.9 44.6 40.3 32.6 27.5 24.4 22.7 -
2014-6-5 13:00:0026.6 18.2 26.6 25.8 1,005.2 0 60 60 20 3 17 2.1 11 1.8 34 2.9 50 4.8 6258 6357 44.2 44.4 39.3 31.3 26.2 23.5 22.1 -
2014-6-5 12:00:0025.8 18.2 26.1 24.8 1,005.8 0 63 62 37 3.3 71 1.9 349 1.8 25 3.1 12 5.7 6317 6643 40.1 42.1 36.2 29.4 24.7 22.6 21.7 -
2014-6-5 11:00:0024.8 17.5 25.1 24 1,006.1 0 64 64 12 3.2 18 2.9 12 2.8 28 3.2 22 5.2 7035 7553 37.8 37.9 31.5 27.3 23.4 21.9 21.4 -
2014-6-5 10:00:0024 18 24.2 23.4 1,006.2 0 69 67 21 3 20 2.8 24 2.7 24 2.7 25 4.6 6066 6663 31.2 32.6 28.4 25.1 22.2 21.4 21.2 -
2014-6-5 9:00:0023.5 17.9 23.5 22.3 1,006.1 0 71 70 319 0.7 321 0.9 339 1.5 17 2.4 37 3.9 7218 6732 28.7 28.8 25 23.3 21.4 21 21.1 -
2014-6-5 8:00:0022.6 17.7 22.8 21.7 1,006.1 0 74 73 21 3.9 9 2.2 7 2 12 2.4 338 4.2 7149 6847 25.2 26.3 23 22.1 20.7 20.7 21 -
2014-6-5 7:00:0021.7 18.1 21.7 20.5 1,005.5 0 80 79 13 3.9 10 2.2 16 1.8 13 1.9 13 3.9 6440 6277 23.3 23.3 20 20.4 20.1 20.6 21.1 -
2014-6-5 6:00:0020.5 17.9 20.5 19.8 1,004.9 0 85 85 300 1.6 306 1.3 295 1.3 291 1.3 291 2.7 5066 5073 19.9 19.9 18.6 19.5 20 20.7 21.2 -
2014-6-5 5:00:0019.8 17.8 19.8 19.4 1,004.5 0 88 88 296 0.5 294 0.7 301 0.8 287 1.3 298 2.2 5390 5488 18.6 18.6 17.9 19.2 20 20.8 21.3 -
2014-6-5 4:00:0019.4 17.5 19.5 19.2 1,004.3 0 89 89 294 2.3 302 1.5 286 1.2 326 1.6 305 3.3 5977 5594 18 18.2 17.4 19.1 20.1 21 21.4 -
2014-6-5 3:00:0019.3 17.4 19.6 19.3 1,004.2 0 89 88 4 1.5 337 0.6 308 0.9 325 1.6 331 3.5 5744 5828 17.5 17.7 17.5 19.2 20.3 21.1 21.5 -
2014-6-5 2:00:0019.6 17.7 20.3 19.6 1,004.2 0 89 85 300 2.7 304 1.3 314 0.8 22 1.3 300 2.7 5350 5431 17.6 18.1 17.6 19.5 20.6 21.3 21.7 -
2014-6-5 1:00:0020.3 17.7 20.8 20.3 1,004.7 0 85 84 30 1.3 21 1.3 3 1 13 1.6 15 3.3 6017 6192 18.1 18.6 18.1 19.9 20.9 21.5 21.8 -
2014-6-5 00:00:0020.8 18 21.9 20.8 1005 0 84 78 8 1.3 4 1 358 0.9 31 2 32 3.6 5869 6237 18.6 19.7 18.6 20.4 21.2 21.7 21.9 -
2014-6-4 23:00:0021.9 17.9 22.4 21.9 1,005.2 0 78 73 46 2.2 33 2 22 1.8 25 1.9 38 3 5446 5092 19.7 19.9 19.5 20.7 21.4 21.8 22 -
2014-6-4 22:00:0022.4 17.3 23 22.4 1,005.3 0 73 69 8 2.3 15 1.8 26 1.5 359 1.7 18 3.9 6859 7165 19.9 20.3 19.9 21 21.6 22 22 -
2014-6-4 21:00:0023.1 17.1 23.3 22.9 1,004.9 0 69 68 20 2.4 14 1.4 7 1.6 3 1.6 354 3.2 7912 7978 20.3 20.6 20.3 21.3 21.9 22.2 22.1 -
2014-6-4 20:00:0023.3 17.1 23.5 23.3 1,004.5 0 68 67 6 0.9 335 0.5 330 1.1 332 1.7 356 2.8 8552 8491 20.6 21.2 20.6 21.8 22.2 22.3 22.1 -
2014-6-4 19:00:0023.5 17 24 23.5 1,004.2 0 67 64 281 1 274 1.1 282 1.2 277 1.5 258 3 8730 8665 21.2 22.1 21.2 22.2 22.4 22.4 22.1 -
2014-6-4 18:00:0024 16.8 24.3 24 1,003.6 0 64 60 334 1.2 343 0.3 320 0.9 356 2 335 4.2 12195 12196 22.1 23.7 22.1 22.8 22.7 22.4 22.1 -
2014-6-4 17:00:0024.3 16.3 24.8 24.2 1,003.2 0 61 57 8 3.6 11 2.7 354 2 333 3.6 331 8 14658 13886 23.8 26.6 23.8 23.4 22.9 22.3 21.9 -
2014-6-4 16:00:0024.8 15.4 25.4 24.2 1,003.1 0 56 55 330 7.7 324 2.8 320 3.1 331 3.4 330 7.7 13057 15636 26.8 30.5 26.8 24.2 22.6 22.1 21.8 -
2014-6-4 15:00:0024.1 16.9 24.1 23.1 1,003.2 0 64 63 283 1.3 292 1.2 313 2 327 2.5 322 5.5 9035 8437 26.4 26.4 22.5 22.9 22.2 22 21.8 -
2014-6-4 14:00:0023.1 17.3 24.1 23 1,003.7 0 70 62 22 1.9 11 1.3 8 1.9 332 2.5 324 5.2 4730 4765 22.4 24.8 21.7 22.6 22.3 21.9 21.7 -
2014-6-4 13:00:0024.2 16.5 24.9 23.9 1,003.5 0 62 59 314 3.4 319 2.2 328 2.4 330 2.9 328 5.6 6398 6422 25 27.9 25 23.6 22.1 21.7 21.6 -
2014-6-4 12:00:0023.9 17.2 23.9 23.3 1,004.1 0 66 65 282 4.2 277 2.4 285 2 291 3.1 269 6.1 4851 4919 25 25 23 22.4 21.8 21.5 21.5 -
2014-6-4 11:00:0023.3 16.8 23.3 23.2 1,004.7 0 67 64 274 5.6 272 3 283 2.5 283 3.1 260 7.2 4889 4833 23.5 23.5 22.6 22.2 21.6 21.4 21.4 -
2014-6-4 10:00:0023.2 16.3 23.4 23.1 1,004.6 0 65 64 287 4.2 277 2.9 284 3.1 284 3.1 276 6.9 6168 6240 23 24.6 23 22.4 21.4 21.2 21.3 -
2014-6-4 9:00:0023.1 16.4 23.3 22.5 1,004.7 0 66 65 308 6.3 301 3.8 287 2.9 297 3.6 294 8.5 6670 6436 24.1 24.7 23.2 22.1 21 20.9 21.2 -
2014-6-4 8:00:0022.5 16.5 22.8 21.8 1,004.7 0 69 68 272 4.1 280 2.8 282 2.5 282 2.5 287 6 5276 5252 23.1 23.3 21.5 21.2 20.4 20.7 21.2 -
2014-6-4 7:00:0021.8 16.5 21.8 20.4 1,004.4 0 72 72 297 4.8 289 2.2 284 2 273 2.3 276 4.8 5255 5111 21.5 21.5 18.8 19.9 20 20.7 21.3 -
2014-6-4 6:00:0020.3 16.3 20.4 20.3 1,004.3 0 78 76 274 2.5 274 1.6 269 1.5 277 1.8 278 3.7 4808 4831 18.7 18.7 17.9 19.1 19.9 20.8 21.4 -
2014-6-4 5:00:0020.3 15.9 20.3 19.7 1,004.2 0 76 76 309 3.5 302 2.4 294 1.6 281 1.6 283 3.6 5347 5203 17.9 17.9 17.2 18.9 20 20.9 21.5 -
2014-6-4 4:00:0019.7 16 19.9 19.7 1,004.1 0 79 79 271 3.4 262 1.1 284 1.3 274 1.6 272 3.5 5122 5089 17.2 17.5 17.2 19 20.2 21.1 21.7 -
2014-6-4 3:00:0019.9 16.3 20.1 19.9 1,004.1 0 80 80 275 2.1 285 1.2 280 1.4 295 2.1 293 4.4 5006 4870 17.5 18.1 17.4 19.3 20.4 21.3 21.8 -
2014-6-4 2:00:0020.1 16.7 20.1 19.7 1,003.9 0 81 81 293 3 285 1.8 285 1.6 283 1.6 282 3.5 4255 4221 18.1 18.4 17.8 19.6 20.6 21.5 21.9 -
2014-6-4 1:00:0019.8 16.8 20.2 19.8 1,004.4 0 83 82 254 1.7 268 1.1 282 1.2 284 1.6 284 3.6 4339 4308 17.8 18.5 17.8 19.8 20.9 21.7 22.1 -
2014-6-4 00:00:0020.2 17 20.7 20.2 1,004.8 0 82 81 293 2.7 298 1.7 288 1.5 283 1.8 288 3.7 4193 4098 18.6 19.3 18.6 20.3 21.2 21.9 22.2 -
2014-6-3 23:00:0020.7 17.1 20.8 20.7 1005 0 80 78 291 1.5 273 1 280 1.4 313 1.4 299 3.7 4073 4158 19.3 19.5 19.3 20.6 21.4 22 22.3 -
2014-6-3 22:00:0020.7 17.3 20.9 20.7 1,005.4 0 81 80 319 1.9 307 1.2 293 1.1 333 1.6 303 3.6 3846 3800 19.5 19.7 19.5 20.8 21.6 22.2 22.4 -
2014-6-3 21:00:0020.9 17.3 21.3 20.9 1,005.3 0 80 77 295 2.9 289 1.2 285 1.4 276 1.8 312 3.5 4814 4959 19.7 20 19.7 21 21.8 22.4 22.5 -
2014-6-3 20:00:0021.3 17.1 21.8 21.3 1,004.9 0 77 71 336 2.1 345 1 306 0.8 340 2.7 329 6.6 6110 6270 20 20.1 19.7 21.3 22.1 22.6 22.6 -
2014-6-3 19:00:0021.8 16.5 21.8 21.5 1,004.7 0 72 71 335 3.3 337 1.8 318 1.5 337 2.3 336 4.9 7507 7707 20.1 20.6 20.1 21.7 22.4 22.8 22.7 -
2014-6-3 18:00:0021.5 16.9 23 21.5 1,004.2 0 75 64 343 4.5 339 3.2 337 2.4 351 3.7 346 7.2 6348 6351 20.5 22.1 20.5 22.2 22.8 22.9 22.7 -
2014-6-3 17:00:0023 16.1 23.6 22.9 1,003.5 0 65 61 278 4.4 293 2.1 296 2.3 298 3.2 299 8.1 11233 11436 22.1 23.9 21.8 22.9 23.1 23 22.7 -
2014-6-3 16:00:0023.6 15.6 23.6 23.4 1,003.4 0 61 61 293 5.8 293 4.3 296 3.1 300 3.5 328 7.2 12371 12438 23.9 24.1 22.9 23.6 23.3 23 22.7 -
2014-6-3 15:00:0023.5 16.5 24.2 23.5 1,003.6 0 65 58 265 4.2 270 2.3 287 2.5 280 4 275 7.8 9620 9166 23.4 26 23.4 24.2 23.4 22.9 22.6 -
2014-6-3 14:00:0024.2 16 24.4 23.5 1,003.7 0 60 60 298 6.6 288 2.8 281 2.9 283 3.5 298 6.6 8870 9192 26.1 27.6 25.3 24.6 23.1 22.7 22.4 -
2014-6-3 13:00:0023.5 15.8 23.8 23.1 1,003.8 0 62 60 293 4.3 290 2.9 292 2.8 299 3.3 299 6.9 9102 8952 25.1 26.6 24.2 23.6 22.8 22.5 22.4 -
2014-6-3 12:00:0023 16.1 23.6 22.7 1,004.1 0 65 63 279 3.4 291 1.4 291 2.3 294 2.8 301 6.3 13234 10954 24.1 25.8 22.6 23.1 22.7 22.4 22.3 -
2014-6-3 11:00:0023.4 16.2 24.1 22.7 1,004.1 0 64 58 285 3.8 301 2.6 290 2.5 284 3.5 297 9.1 8641 8231 25.7 28.8 23.1 23.5 22.6 22.2 22.1 -
2014-6-3 10:00:0024 16.3 24 22.1 1,004.2 0 62 61 308 3.7 303 2.2 288 3 287 3.2 299 6.5 7891 9178 28.5 28.5 23.6 23.6 22 21.9 22 -
2014-6-3 9:00:0022.2 16.5 22.4 21.6 1,004.2 0 70 69 289 4.1 276 2.4 275 2 282 2.7 294 5.4 7240 7498 23.7 24.7 22.6 22.4 21.5 21.7 22 -
2014-6-3 8:00:0021.9 17.1 22 20.8 1,004.2 0 74 72 262 2.6 271 1.5 267 2.2 273 3.2 280 7 6835 6833 23.7 23.7 21.1 21.5 21 21.6 22.1 -
2014-6-3 7:00:0020.8 16 20.8 20.2 1,004.4 0 74 74 277 3.7 270 2.5 278 2.1 274 2.7 278 6.5 6817 6962 21.1 21.1 19 20.3 20.8 21.6 22.2 -
2014-6-3 6:00:0020.2 16.2 20.2 20 1,004.5 0 78 78 259 3.1 273 1.9 279 2.2 285 2.5 267 5.6 5717 5939 19 19 18.3 19.8 20.9 21.8 22.4 -
2014-6-3 5:00:0020.1 16.5 20.4 20.1 1004 0 80 76 275 2.6 276 1.7 278 2.1 277 2.2 266 4.8 6747 7201 18.4 18.8 18.4 20 21 22 22.5 -
2014-6-3 4:00:0020.4 16 20.4 20.3 1,003.9 0 76 75 252 0.8 261 0.9 266 1.6 300 2.8 293 6.5 12319 12775 18.6 18.7 18.6 20.1 21.2 22.2 22.7 -
2014-6-3 3:00:0020.4 16 20.4 20.3 1,003.6 0 76 75 307 6.7 311 2.5 296 2.3 302 2.3 307 6.7 11183 11043 18.7 18.8 18.7 20.3 21.4 22.4 22.9 -
2014-6-3 2:00:0020.4 15.8 20.5 20.4 1,004.1 0 75 72 273 3.3 280 1.8 282 1.9 294 2.8 298 5.7 14232 16037 18.7 19 18.7 20.4 21.7 22.6 23 -
2014-6-3 1:00:0020.4 15.6 20.5 20.4 1,004.2 0 74 73 274 3.7 276 1.6 292 1.9 303 2.9 287 6.9 19646 19599 19 19.2 18.9 20.8 22 22.9 23.2 -
2014-6-3 00:00:0020.5 15.9 20.6 20.4 1,004.7 0 75 72 293 3.9 292 2.4 298 2.4 294 3 296 6.1 22195 24740 19.3 19.8 19.3 21.1 22.3 23.1 23.4 -
2014-6-2 23:00:0020.4 17.4 20.5 19.9 1,005.1 0 83 81 265 4.3 275 2.4 276 1.8 291 2.9 282 6.5 9443 8806 19.8 19.9 19.7 21.5 22.6 23.4 23.6 -
2014-6-2 22:00:0020.6 17.2 21.9 20.6 1005 0 81 76 286 4.4 284 3.2 289 2.7 270 4.5 268 9.6 6734 8594 20 20.5 20 21.9 23 23.7 23.8 -
2014-6-2 21:00:0021.9 17.5 22.4 21.9 1,004.3 0 76 73 267 3.3 275 2.8 270 2.3 283 3.2 276 7.7 8038 8077 20.5 20.8 20.5 22.3 23.4 24 24 -
2014-6-2 20:00:0022.4 17.5 22.9 22.4 1,003.4 0 74 71 293 2.6 291 1.7 282 2.8 274 3.2 279 6.5 9316 9964 20.8 21.2 20.8 22.8 23.9 24.3 24.1 -
2014-6-2 19:00:0022.8 17.5 23.2 22.8 1,002.4 0 72 68 263 4.9 262 2.1 270 2 277 4 271 9.3 11758 12060 21.2 22 21.2 23.4 24.5 24.7 24.3 -
2014-6-2 18:00:0023.2 17.2 23.8 23.2 1,002.2 0 69 66 292 2.9 280 1.8 273 2.4 277 5.4 274 11.9 13014 13413 22 23.2 21.9 24.3 25.2 25 24.3 -
2014-6-2 17:00:0023.8 17.5 25.8 23.8 1002 0 68 61 275 7.8 276 4.4 280 4.5 277 5.5 278 13.2 11807 12514 23.1 28.3 23 25.8 25.9 25.1 24.2 -
2014-6-2 16:00:0025.8 17.7 26.3 25.8 1,001.5 0 61 60 273 10 277 6.3 279 5.2 272 5.9 268 13.3 10903 11772 28.4 30.3 28.4 27.5 26.1 25 24 -
2014-6-2 15:00:0025.7 18.6 26.3 25.6 1,001.6 0 65 62 288 9.7 285 4.7 278 6 276 6 278 12.4 8842 9451 29.9 30.6 28.4 27.8 26 24.8 23.8 -
2014-6-2 14:00:0026.1 18.8 26.9 26 1,001.4 0 64 60 256 7.2 263 4.2 268 4.5 272 4.8 266 11.4 10255 11480 29.3 33.1 29.2 28.2 25.7 24.4 23.6 -
2014-6-2 13:00:0025.9 20.2 25.9 25.1 1,001.5 0 71 69 264 5.7 273 3 271 4 277 4.4 272 8.8 9194 9124 30.8 31.3 27.3 26.9 25.1 24.1 23.4 -
2014-6-2 12:00:0025.3 20.1 25.8 25.2 1,001.5 0 73 70 270 3.3 269 3.3 277 3.6 269 4.4 279 10 7091 6665 28.3 29.3 27.5 26.7 24.9 23.8 23.2 -
2014-6-2 11:00:0025.7 19.8 26.4 25.7 1,001.8 0 70 67 258 6.6 258 4.1 267 3.8 268 4.9 264 8.7 7780 8407 28 31.6 28 26.9 24.5 23.4 23 -
2014-6-2 10:00:0025.9 20.5 25.9 24.6 1,001.5 0 72 71 263 7.5 261 4.6 268 3.7 267 3.8 267 7.8 9166 8010 30.6 30.6 26.4 25.6 23.7 23.1 22.9 -
2014-6-2 9:00:0024.5 20.6 24.5 24.2 1,001.6 0 79 79 265 5.2 263 3 279 2.9 269 3.9 275 7.9 6212 6149 26.4 26.4 24.9 24.1 23.1 22.8 22.8 -
2014-6-2 8:00:0024.5 21.2 24.6 23.9 1,001.6 0 82 82 260 3.4 264 3 270 2.7 267 3 270 7.3 4965 4716 25.6 26.1 24.1 23.8 22.7 22.7 22.8 -
2014-6-2 7:00:0023.8 21.1 23.9 22.7 1,001.3 0 85 85 263 4 258 3 265 2.5 259 3.1 261 5.7 4745 4562 24 24.1 22 22.7 22.3 22.6 22.8 -
2014-6-2 6:00:0022.7 21.3 22.7 22.2 1,001.1 0 92 92 284 1.4 277 0.9 263 1.4 264 1.5 267 4 3794 3710 22 22 21.1 22 22.3 22.7 22.8 -
2014-6-2 5:00:0022.3 21.1 22.9 22.3 1,000.7 0 93 91 269 1.6 261 0.8 266 1.3 275 3 270 5.3 3814 4042 21.1 21.7 21.1 22 22.5 22.8 22.9 -
2014-6-2 4:00:0022.9 21.9 23 22.9 1,000.1 0 94 94 273 4.1 272 2.3 272 2.3 275 2.6 270 5.4 3914 3759 21.7 22.4 21.7 22.4 22.6 22.8 22.9 -
2014-6-2 3:00:0022.9 22.4 22.9 22.8 1,000.1 0.1 97 97 256 2.7 254 1.8 256 1.8 255 1.9 256 3.3 1991 1924 22.4 22.4 22.2 22.5 22.6 22.8 22.9 -
2014-6-2 2:00:0022.7 22.2 22.7 22.7 1,000.1 0 97 97 270 1.8 269 1.3 263 1.4 263 1.7 268 2.9 1838 1831 22.3 22.4 22.3 22.5 22.6 22.8 23 -
2014-6-2 1:00:0022.7 22.2 22.7 22.7 1,000.1 0.7 97 95 277 1.4 275 1 266 1 215 1.3 187 1.7 1621 1864 22.4 22.4 22.3 22.5 22.6 22.9 23 -
2014-6-2 00:00:0022.8 22 22.8 22.8 1,000.7 0.5 95 95 212 0.9 203 1 212 1.5 212 1.6 190 3.8 1997 2210 22.3 22.3 22.3 22.5 22.6 22.9 23 -
2014-6-1 23:00:0022.8 22 22.8 22.8 1,000.7 0 95 94 137 0.8 172 1.1 155 1.5 138 1.9 161 5.5 3320 3389 22.3 22.3 22.2 22.5 22.6 22.9 23.1 -
2014-6-1 22:00:0022.8 21.8 22.8 22.7 1,000.9 0 94 94 142 3.8 131 1.9 136 2.1 134 2.5 138 5.9 4066 3993 22.2 22.2 22.1 22.4 22.6 22.9 23.1 -
2014-6-1 21:00:0022.7 21.7 22.7 22.5 1,001.2 0 94 94 140 2.9 141 1.8 132 2.4 138 2.9 146 6.7 6449 6796 22.1 22.1 22 22.4 22.7 23 23.1 -
2014-6-1 20:00:0022.5 21.3 22.6 22.5 1,001.3 0 93 93 123 4.3 131 1.9 141 2.2 129 3.1 148 6.8 9867 9844 22.1 22.3 22 22.5 22.7 23 23.1 -
2014-6-1 19:00:0022.6 21.4 22.6 22.5 1,000.9 0 93 93 147 4.5 142 2.6 135 2.3 133 2.9 160 6.9 7952 7877 22.3 22.7 22.3 22.6 22.7 22.9 23.2 -
2014-6-1 18:00:0022.5 21.5 22.5 22 1,000.5 0 94 94 157 3.7 143 2.3 136 2.7 136 3 126 7.6 8340 7523 22.8 23 22.4 22.6 22.6 22.9 23.2 -
2014-6-1 17:00:0022 21.2 22 21.6 1,000.9 1.5 95 95 164 4.4 150 2.3 135 3.1 132 3.8 126 8.1 6017 6161 22.5 22.5 21.7 22.2 22.4 22.9 23.2 -
2014-6-1 16:00:0021.6 20.9 21.6 21.5 1,001.8 9.1 96 96 147 3.8 137 3.6 130 3.4 130 3.5 129 7.8 4125 4255 21.6 21.7 21.5 22.1 22.5 23 23.4 -
2014-6-1 15:00:0021.6 20.9 21.9 21.6 1,003.5 20 96 94 224 4.9 179 1.8 159 2.2 126 4.8 122 8.9 2616 2834 21.6 22.1 21.4 22.3 22.9 23.4 23.6 -
2014-6-1 14:00:0021.9 20.9 22.2 21.9 1,002.5 3.2 94 92 120 6.7 123 5 127 4.9 127 4.9 130 9.7 3585 3835 22.1 22.8 22.1 23.1 23.5 23.7 23.7 -
2014-6-1 13:00:0022.2 21 23.2 22.2 1,003.4 4 93 87 133 4.6 133 3 131 4 125 5.5 127 10.7 7771 6529 22.8 25.1 22.7 23.6 23.6 23.7 23.8 -
2014-6-1 12:00:0023.2 20.9 23.2 22.3 1,003.9 0 87 87 123 7 131 4.2 132 3.8 129 4.9 124 9.6 13313 12356 25 25.1 23.1 23.7 23.5 23.7 23.8 -
2014-6-1 11:00:0022.2 20.8 22.4 22 1005 1.4 92 91 139 5.8 145 3.9 139 3.4 132 4 131 8.5 10811 10777 23 23.5 22.8 23.4 23.5 23.7 23.8 -
2014-6-1 10:00:0022.4 20.9 22.6 22.4 1,005.4 0.2 91 89 130 6.2 126 3.5 134 3 129 4.1 124 9.3 22036 15112 23.4 24.3 23.3 23.5 23.4 23.7 23.9 -
2014-6-1 9:00:0022.6 20.7 22.6 22.4 1,005.5 0.2 89 87 131 10.6 131 4.3 136 3.7 126 4.1 131 10.6 13593 12504 24.2 24.2 22.8 23.2 23.3 23.7 24 -
2014-6-1 8:00:0022.4 20.3 22.4 22.2 1006 0 88 87 126 5.8 127 3.8 135 3.4 127 4 132 9.2 11374 10573 22.7 22.8 22.2 23 23.3 23.8 24.1 -
2014-6-1 7:00:0022.2 19.9 22.2 21.7 1,006.4 0 87 87 140 5.2 131 3.3 133 3.5 127 4.2 127 8.3 10808 10226 22.6 22.6 21.6 22.9 23.3 23.9 24.2 -
2014-6-1 6:00:0021.7 19.6 21.7 21.4 1,006.4 0 88 88 126 6.2 130 4.2 129 3.5 127 4.1 125 7.8 9368 9108 21.6 21.6 21.1 22.8 23.5 24.1 24.3 -
2014-6-1 5:00:0021.4 19.7 21.9 21.3 1,006.6 0.6 90 85 132 5.7 130 3.8 130 4.1 128 4.3 121 7.4 8778 8958 21.1 21.4 21 22.9 23.6 24.2 24.5 -
2014-6-1 4:00:0021.9 19.5 21.9 21.8 1,006.8 0 86 86 131 5 122 3 129 3 127 3.9 129 7.1 11871 12042 21.4 21.5 21.4 23.1 23.8 24.4 24.6 -
2014-6-1 3:00:0021.7 19.6 21.7 21.5 1,007.2 0 88 88 129 5.9 125 3.1 131 2.8 134 2.8 124 6.1 13363 12745 21.5 21.5 21.3 23.3 24 24.6 24.8 -
2014-6-1 2:00:0021.4 19.7 21.4 21.4 1,007.7 0.1 90 90 129 7 137 2.7 134 2.8 135 3.2 121 7.6 8745 8560 21.3 21.4 21.3 23.5 24.3 24.8 24.9 -
2014-6-1 1:00:0021.4 19.7 21.9 21.4 1,008.4 0.5 90 85 133 3.5 141 2.3 135 2.7 131 4.2 140 8 8983 9334 21.4 22.8 21.4 23.8 24.6 25 25.1 -
