2014-7-1 1:00:0021.5 19.2 21.6 21.4 1,009.6 0 87 87 129 2.6 130 1.4 146 1.4 139 1.7 157 3.1 6031 5895 21.1 21.4 21.1 22.3 23.8 24.2 24.6 -
2014-7-1 00:00:0021.4 19.5 21.8 21.4 1,010.4 0 89 87 125 0.9 128 0.7 122 0.6 112 0.7 112 1.1 5210 4505 21.4 21.5 21.4 22.5 24 24.5 24.7 -
2014-6-30 23:00:0021.8 19.5 21.9 21.8 1,010.5 0 87 86 185 1.4 144 0.4 115 0.7 138 1.2 194 3.1 5582 5632 21.4 21.6 21.4 22.6 24.3 24.7 24.9 -
2014-6-30 22:00:0021.9 19.6 22 21.9 1,010.9 0 87 86 86 0.4 105 0.3 151 0.6 193 1.6 193 4.5 4850 4908 21.6 21.8 21.5 22.9 24.6 25 25.1 -
2014-6-30 21:00:0022 19.7 22 21.9 1,010.7 0 87 86 178 1.9 180 1.5 188 1.4 188 1.4 192 3 4043 4033 21.8 22 21.8 23.2 25 25.3 25.3 -
2014-6-30 20:00:0021.9 19.5 22.2 21.9 1,010.4 0 86 85 167 1 152 0.7 173 0.9 156 1.9 154 3.9 3536 3526 21.9 22.6 21.9 23.6 25.4 25.6 25.5 -
2014-6-30 19:00:0022.2 19.6 22.6 22.2 1010 0 85 80 157 2.4 180 1.5 186 1.4 169 2.4 221 5 3530 3606 22.7 23.9 22.7 24.5 25.9 25.9 25.6 -
2014-6-30 18:00:0022.6 19 23.1 22.6 1,009.9 0 80 75 176 4.7 176 2.7 187 2.1 185 2.3 199 4.7 3718 3886 24 24.2 23.7 25.1 26.4 26.2 25.7 -
2014-6-30 17:00:0023.1 18.4 24 23.1 1,009.5 0 75 67 195 2.4 200 1.4 198 1.8 187 2.4 157 5.6 5153 5189 24.1 25.7 23.7 25.9 27 26.4 25.7 -
2014-6-30 16:00:0024 17.5 25.5 24 1,009.5 0 67 53 202 3.9 191 2.5 190 2.4 190 2.4 151 5 5997 6568 25.8 28.7 25.8 27.5 27.6 26.5 25.5 -
2014-6-30 15:00:0025.6 15.9 27 25.6 1,009.7 0 55 47 184 3.2 174 2 167 1.9 195 1.9 150 4.2 22355 19450 28.6 34.4 28.6 29.5 27.9 26.3 25.3 -
2014-6-30 14:00:0027 14.7 27.3 26.7 1,010.1 0 47 47 202 3.8 189 2.6 194 1.7 159 1.7 179 4.6 19918 20949 32.9 35.1 32.9 30.8 27.6 25.9 24.9 -
2014-6-30 13:00:0026.8 15.5 27.7 26.6 1,009.8 0 50 48 176 2.8 171 1.8 155 1.7 184 2.2 176 4.5 27453 18117 34.6 38 33.8 31.1 26.9 25.3 24.6 -
2014-6-30 12:00:0027.3 16.3 27.3 25.8 1010 0 51 51 269 1.8 264 1.3 264 1.4 221 1.8 216 2.9 16225 14482 37.7 37.7 32 29.8 25.8 24.7 24.4 -
2014-6-30 11:00:0025.8 17.2 25.8 24.2 1,010.3 0 59 59 206 2.1 217 1.5 217 1.5 223 1.5 218 3.5 14398 13174 32.1 32.1 27.9 27 25 24.4 24.3 -
2014-6-30 10:00:0024.2 17.7 24.2 23.2 1010 0 67 66 167 1.2 196 0.6 206 1 201 2 197 3.5 7851 7215 28 28 26.1 25.6 24.6 24.2 24.2 -
2014-6-30 9:00:0023.2 19.2 23.3 23.1 1,009.5 0 78 78 211 2.2 190 2 198 2 190 2.2 187 4.8 4961 4342 25.9 26 24.8 24.8 24.3 24.1 24.3 -
2014-6-30 8:00:0023.1 21.4 23.1 22.9 1,009.9 0.1 90 90 207 1.1 190 0.8 210 0.9 210 0.9 195 2.3 3177 2665 24.9 25 23.4 24 24.1 24.1 24.3 -
2014-6-30 7:00:0022.9 22.1 22.9 22.6 1,009.9 0.4 95 95 - 0.2 - 0.2 212 0.7 185 0.9 190 2.2 2077 2202 23.4 23.4 22.5 23.4 24 24.2 24.4 -
2014-6-30 6:00:0022.6 21.8 22.7 22.5 1,009.5 0.3 95 95 133 0.3 - 0.2 - 0.2 197 0.7 190 1.6 1787 1953 22.5 22.5 22.4 23.1 24.1 24.3 24.5 -
2014-6-30 5:00:0022.5 21.8 22.6 22.5 1,008.9 0 96 95 - 0 - 0 - 0.1 107 0.8 122 1.5 1334 1211 22.5 22.5 22.5 23.2 24.2 24.5 24.7 -
2014-6-30 4:00:0022.6 21.8 22.8 22.6 1,009.2 0.5 95 92 178 0.4 190 0.3 - 0.1 176 0.3 182 0.7 1118 1251 22.5 22.6 22.5 23.3 24.4 24.6 24.8 -
2014-6-30 3:00:0022.8 21.4 23.2 22.8 1,008.7 0 92 88 - 0 - 0 - 0 - 0.2 137 1 2309 2289 22.6 22.7 22.6 23.5 24.6 24.8 24.9 -
2014-6-30 2:00:0023.2 21.1 23.5 23.2 1,008.6 0 88 84 179 0.3 183 0.4 - 0.1 244 0.8 184 1.9 3441 3454 22.7 22.8 22.7 23.6 24.8 25 25.1 -
2014-6-30 1:00:0023.6 20.9 23.9 23.6 1008 0 85 82 144 0.3 - 0.1 132 0.4 163 1.1 168 2.1 4348 4461 22.8 23 22.8 23.7 25 25.2 25.3 -
2014-6-30 00:00:0023.8 20.7 24 23.8 1,008.2 0 83 82 159 1.9 161 1.2 172 0.9 170 1.2 171 2.5 4363 4391 23 23.1 23 23.9 25.3 25.5 25.5 -
2014-6-29 23:00:0024 20.7 24.3 24 1,008.6 0 82 77 160 0.6 180 0.6 188 1.2 191 2 181 3.9 3938 4096 23 23.2 23 24.1 25.6 25.8 25.6 -
2014-6-29 22:00:0024.3 20 24.4 24.3 1,008.7 0 77 76 185 4.5 190 1.6 186 1.7 185 1.8 185 4.5 4260 4385 23.2 23.5 23.2 24.5 26 26.1 25.8 -
2014-6-29 21:00:0024.4 20.5 24.8 24.4 1,008.5 0 79 73 163 3.1 154 1.3 198 1.3 192 1.3 176 3.1 4029 3980 23.5 24.2 23.5 25.1 26.5 26.4 26 -
2014-6-29 20:00:0024.8 19.6 25.7 24.8 1,007.4 0 73 69 154 1.9 150 1.3 213 1.1 138 1.4 165 3 5112 5656 24.1 24.8 24.1 25.8 27.1 26.8 26.1 -
2014-6-29 19:00:0025.7 19.8 27 25.7 1007 0 70 67 138 1.8 130 1.2 136 1.3 138 1.6 136 3.5 6436 6329 24.7 26.9 24.7 26.9 27.7 27 26.1 -
2014-6-29 18:00:0027 20.4 28.1 27 1,006.4 0 67 62 106 2.1 132 1.2 131 1.2 132 1.9 108 3.9 5425 5491 27 29.9 27 28.3 28.3 27.2 26 -
2014-6-29 17:00:0028.2 20.2 28.9 28.1 1,006.4 0 62 59 155 1.8 167 1.7 154 1.7 151 1.7 137 2.9 4667 4781 30 33 30 30.1 28.7 27.1 25.8 -
2014-6-29 16:00:0028.5 20 29.3 28.5 1,006.4 0 60 57 161 1.6 158 1.1 172 1.1 117 2.2 103 3.9 4863 4953 31.4 35.3 31.3 31.2 28.7 26.9 25.5 -
2014-6-29 15:00:0029.4 20.6 29.5 28.9 1,006.3 0 59 58 146 2.6 129 1.6 194 1.3 172 1.8 170 3.6 3225 3105 35 37.1 33.7 32 28.4 26.5 25.1 -
2014-6-29 14:00:0029.5 21.2 29.5 28.8 1,006.8 0 61 60 193 2.4 206 1.4 195 1 176 1.6 176 3.5 2839 3069 36.1 37 34.2 31.7 28 25.9 24.7 -
2014-6-29 13:00:0029.2 21.4 29.2 28.6 1,007.1 0 63 61 178 2.6 173 1.5 195 1 203 1.2 178 2.6 3124 2890 36.2 37.7 35.8 31.9 27.3 25.3 24.3 -
2014-6-29 12:00:0028.6 22.1 28.6 27.4 1,007.4 0 68 63 231 1.6 216 0.8 212 1 158 1.8 168 3 2948 3003 37 37 33.2 30.6 26.2 24.7 24 -
2014-6-29 11:00:0027.4 20 27.4 26.4 1,007.7 0 64 63 191 2.3 192 1.3 207 1.2 240 1.2 222 2.5 4292 4625 33.2 33.9 30.1 28.6 25.3 24.2 23.8 -
2014-6-29 10:00:0026.5 19.1 26.6 25.6 1,007.8 0 64 64 158 1.4 166 1.1 189 0.7 227 0.8 239 1.8 5084 5626 31.2 31.3 29.5 27.4 24.6 23.8 23.6 -
2014-6-29 9:00:0025.6 19.7 25.6 23.6 1,007.7 0 70 69 192 0.9 172 0.4 214 0.7 236 1.3 224 2.8 5949 5526 29.6 30.1 26.5 26.1 23.9 23.5 23.6 -
2014-6-29 8:00:0023.6 20.3 23.6 22 1,007.4 0 82 81 230 1.3 230 0.7 248 0.7 229 0.8 197 1.7 4034 4410 26.5 26.5 23.3 23.9 23.4 23.4 23.6 -
2014-6-29 7:00:0021.9 20.4 21.9 21.3 1,007.4 0 91 90 - 0.2 - 0.2 - 0.1 - 0.2 200 0.8 3974 3622 23.3 23.3 22 22.7 23.2 23.4 23.7 -
2014-6-29 6:00:0021.3 20.8 21.3 21 1,007.1 0 97 97 - 0 - 0 - 0 - 0.1 178 0.3 2538 2454 22 22 21.2 22.2 23.2 23.5 23.8 -
2014-6-29 5:00:0021 20.5 21 20.9 1,006.8 0 97 96 227 0.3 - 0.2 - 0 - 0 230 0.3 1278 1412 21.2 21.2 21.1 22 23.4 23.7 24 -
2014-6-29 4:00:0021 20.3 21.4 21 1,006.6 0 96 95 - 0 - 0 - 0 - 0.1 207 0.5 1411 1567 21.1 21.7 21.1 22.3 23.6 23.9 24.1 -
2014-6-29 3:00:0021.4 20.7 21.4 21 1,006.7 0 96 96 - 0 - 0 - 0 - 0.2 227 0.6 1823 1920 21.7 21.8 21.2 22.5 23.8 24.1 24.3 -
2014-6-29 2:00:0021.1 20.3 21.6 21.1 1,006.6 0 95 94 - 0 - 0 - 0 245 0.3 245 1.2 1306 1436 21.3 21.8 21.3 22.6 24.1 24.4 24.4 -
2014-6-29 1:00:0021.6 20.4 22.4 21.6 1,007.2 0 93 89 - 0.2 - 0 - 0 223 0.5 16 2.1 2107 2083 21.8 22.8 21.8 23.1 24.5 24.6 24.6 -
2014-6-29 00:00:0022.4 21 22.8 22.4 1,007.6 0 92 91 324 0.4 - 0.1 195 0.3 246 0.5 259 1.7 2453 3298 22.8 23.2 22.8 23.8 24.8 24.8 24.7 -
2014-6-28 23:00:0022.8 21.3 22.9 22.8 1008 0 91 90 - 0 - 0.1 - 0.2 199 0.6 198 2.2 3051 3367 23.2 23.4 23.2 24 25.1 25 24.9 -
2014-6-28 22:00:0022.9 21.2 23.3 22.9 1008 0 90 88 251 0.6 243 0.3 242 0.4 233 1.3 211 4 3619 3632 23.4 23.8 23.4 24.3 25.4 25.3 25 -
2014-6-28 21:00:0023.3 21.7 23.9 23.3 1,007.5 0 91 90 250 1.2 249 1.2 240 1 231 1.5 229 3.1 2151 2120 23.8 24.2 23.8 24.8 25.8 25.6 25.1 -
2014-6-28 20:00:0023.9 22.7 25.1 23.9 1,006.8 6 93 83 211 1.4 217 1.2 232 0.9 165 1.5 186 2.9 2031 1783 24.1 25 23.9 25.2 26.2 25.8 25.2 -
2014-6-28 19:00:0025.1 21.8 25.5 25.1 1,006.1 0 82 78 164 2.2 165 1.7 163 1.2 191 1.6 178 3.6 2753 2841 25 26.2 25 26.2 26.8 26.1 25.1 -
2014-6-28 18:00:0025.5 21.4 25.9 25.5 1,005.4 0 78 78 162 2.2 155 1.7 164 1.4 203 1.9 201 3.8 3015 3022 26.2 28.4 26.2 27.4 27.3 26.2 25 -
2014-6-28 17:00:0025.8 22.1 27 25.8 1,005.1 0 80 76 154 3.5 148 1.8 167 2 165 2.4 197 5.2 3645 3739 28.5 31.5 28.5 28.8 27.6 26.1 24.8 -
2014-6-28 16:00:0027 22.6 27.6 26.9 1,005.2 0 77 74 196 4 199 2.1 187 2.1 170 2.9 172 6 3295 3213 31.7 32.5 31.5 29.9 27.6 26 24.6 -
2014-6-28 15:00:0027.4 22.8 28.8 27.4 1,005.6 0 76 66 196 2.1 194 2 175 2.2 172 2.2 199 4.2 2773 2514 31.9 34 30.8 29.9 27.6 25.7 24.2 -
2014-6-28 14:00:0028.8 21.6 29.1 28.6 1,005.9 0 65 63 159 0.9 161 0.7 156 0.8 236 1.4 241 3.6 2392 2418 34 36.4 34 31.3 27.4 25.2 23.8 -
2014-6-28 13:00:0028.6 21.4 28.7 27.8 1006 0 65 65 - 0.2 - 0.1 207 0.7 172 1.2 163 2.4 2599 2541 35.8 37.1 34 31.4 26.6 24.5 23.3 -
2014-6-28 12:00:0027.8 21.4 28.1 27.4 1,006.5 0 68 66 160 0.9 147 0.6 152 1 241 1.5 268 2.7 2738 2804 34.5 37 34.1 30.6 25.9 23.8 22.8 -
2014-6-28 11:00:0027.4 21.4 27.4 26.3 1,006.9 0 70 70 226 2.9 242 1.5 237 1.4 238 1.5 226 2.9 2858 2965 36.4 36.4 32.5 29.4 24.8 23.1 22.4 -
2014-6-28 10:00:0026.4 22.3 26.4 24.9 1,007.2 0 78 74 246 2.5 233 1.6 237 1.1 221 1.6 225 2.9 3412 3431 34.3 34.8 31.5 28.4 23.6 22.4 22.1 -
2014-6-28 9:00:0024.8 21.3 24.8 22.4 1,006.9 0 81 81 201 2 214 1.2 225 1 208 1.2 211 2.2 4027 4044 31.5 32 25.8 25.8 22.4 21.9 22 -
2014-6-28 8:00:0022.4 21.2 22.4 21.6 1,006.9 0 93 93 183 0.6 188 0.3 200 0.7 199 0.8 169 1.6 4971 5243 25.8 25.8 23 23 21.7 21.6 21.9 -
2014-6-28 7:00:0021.6 21.4 21.6 20.8 1,006.8 0 99 99 141 0.4 148 0.3 - 0.2 - 0.2 155 0.5 4691 4615 23 23 20.9 21.5 21.3 21.5 22 -
2014-6-28 6:00:0020.8 20.6 20.8 19.8 1,006.9 0 99 99 - 0.1 - 0 - 0 - 0.1 211 0.4 2708 2646 20.8 20.8 19.4 20.4 21.2 21.5 22.1 -
2014-6-28 5:00:0019.8 19.6 19.8 19.5 1,006.2 0 99 99 - 0 - 0 - 0 43 0.3 37 0.8 2336 1879 19.4 19.4 18.8 19.8 21.2 21.7 22.2 -
2014-6-28 4:00:0019.6 19.4 19.8 19.6 1006 0 99 99 - 0.1 - 0 - 0 61 0.3 63 0.7 1647 1279 18.8 19.2 18.8 19.8 21.3 21.8 22.3 -
2014-6-28 3:00:0019.7 19.5 19.8 19.4 1,006.1 0 99 98 - 0 - 0 - 0 - 0.1 213 0.4 2959 2635 19.2 19.2 18.8 20 21.4 21.9 22.4 -
2014-6-28 2:00:0019.4 19.1 19.4 19.2 1,006.3 0 98 98 209 0.5 218 0.3 - 0.1 - 0.1 209 0.5 1851 1994 18.7 18.8 18.5 19.8 21.6 22.1 22.6 -
2014-6-28 1:00:0019.3 19 19.6 19.3 1,006.5 0 98 98 - 0 - 0 - 0 - 0 - 0.2 2073 2007 18.5 18.7 18.5 19.9 21.8 22.4 22.7 -
2014-6-28 00:00:0019.6 19.3 20 19.6 1,007.1 0 98 98 - 0 - 0 - 0 226 0.3 212 0.5 285 540 18.8 19.4 18.8 20.3 22.1 22.6 22.9 -
2014-6-27 23:00:0020 19.7 20.4 20 1,007.4 0 98 97 255 0.3 - 0 - 0 - 0 255 0.3 1933 1249 19.4 20 19.4 20.8 22.5 22.8 23 -
2014-6-27 22:00:0020.4 19.9 20.8 20.4 1,007.4 0 97 97 - 0 - 0 - 0 202 0.3 209 0.7 2862 2837 20 20.7 20 21.3 22.8 23 23.1 -
2014-6-27 21:00:0020.8 20.3 21.3 20.8 1007 0 97 95 205 0.6 205 0.3 - 0.1 33 0.4 33 0.9 2289 2896 20.7 21.5 20.7 21.9 23.1 23.2 23.2 -
2014-6-27 20:00:0021.3 20.5 21.9 21.3 1,006.9 0 95 94 - 0 - 0 - 0 38 0.6 27 1.3 6047 6234 21.5 22.3 21.5 22.5 23.4 23.3 23.2 -
2014-6-27 19:00:0021.9 20.9 22.3 21.9 1,006.4 0 94 94 - 0.1 - 0.1 68 0.4 74 1 79 2.3 7286 6965 22.3 23.3 22.3 23.2 23.6 23.4 23.2 -
2014-6-27 18:00:0022.3 21.5 22.7 22.3 1,006.3 0 95 91 82 1.3 85 0.7 89 0.8 73 1 73 2.2 4200 3558 23.2 23.8 23.2 23.6 23.8 23.4 23.2 -
2014-6-27 17:00:0022.7 21.2 23.4 22.7 1,005.9 0 91 86 74 1.6 73 0.8 63 1 67 1 92 2.8 5151 5869 23.7 25 23.5 24 23.9 23.4 23.1 -
2014-6-27 16:00:0023.4 20.9 23.6 23.2 1,005.7 0 86 86 73 1 85 0.4 72 0.5 68 1.1 80 2.5 35000 28444 25.1 26.1 24.8 24.6 23.9 23.3 23 -
2014-6-27 15:00:0023.5 21 23.6 23.3 1,005.6 0 86 85 144 1.4 83 0.8 67 1.1 61 1.1 53 3.1 18525 17069 26.2 26.8 26 25 23.8 23.1 22.9 -
2014-6-27 14:00:0023.3 21.4 23.3 23 1,005.8 0 89 87 86 2.9 88 1.4 69 0.9 40 1.2 90 3 15938 17247 26.2 26.2 25 24.5 23.5 23 22.8 -
2014-6-27 13:00:0023 21.1 23 22.7 1,005.8 0 89 88 62 2.2 62 0.9 34 1.3 39 1.5 74 3.4 14016 13844 25.1 25.3 24.6 24.1 23.3 22.9 22.7 -
2014-6-27 12:00:0022.8 21.4 22.8 22.5 1,006.1 0 92 91 16 1.6 18 1.4 40 0.8 34 1.2 18 3.2 11691 8917 25 25.5 24.2 24 23.1 22.7 22.6 -
2014-6-27 11:00:0022.6 21.2 23 22.5 1,006.3 0.5 92 89 49 2.2 46 0.9 41 0.9 26 1.3 32 3.3 9772 9645 24.4 25.2 23.6 23.6 23 22.6 22.5 -
2014-6-27 10:00:0022.9 21.2 22.9 22.3 1006 0 90 89 314 1.6 320 0.9 29 1 25 1.2 53 2.5 14410 12563 25.2 25.3 23.6 23.5 22.7 22.4 22.5 -
2014-6-27 9:00:0022.3 20.9 22.3 22.1 1,005.7 0 92 92 6 1.8 2 1.6 22 1.2 26 1.3 36 3.1 9911 9919 23.6 23.8 23.4 22.9 22.5 22.3 22.4 -
2014-6-27 8:00:0022.1 21.1 22.1 21.8 1,005.6 0 94 94 26 1.2 26 1 35 0.9 35 1.2 53 2.7 8811 8653 23.5 23.5 22.6 22.5 22.4 22.3 22.4 -
2014-6-27 7:00:0021.8 21 21.8 21.7 1,005.1 0 95 95 61 0.9 5 0.4 42 0.8 49 1.3 55 3 9672 10825 22.5 22.5 22 22.1 22.3 22.3 22.4 -
2014-6-27 6:00:0021.7 21 21.7 21.6 1,004.2 0 96 96 33 0.9 51 0.3 50 0.7 46 1.3 33 2.9 11186 13347 22 22 21.6 21.8 22.2 22.3 22.5 -
2014-6-27 5:00:0021.5 21 21.5 21.5 1,003.6 0 97 97 59 1.7 50 0.6 36 0.5 45 1.5 47 3.2 14414 15365 21.5 21.5 21.5 21.7 22.3 22.3 22.5 -
2014-6-27 4:00:0021.5 21 21.5 21.5 1,003.2 0 97 97 95 2.7 50 1.5 36 1.5 26 1.5 21 3.8 15435 14454 21.5 21.5 21.5 21.8 22.3 22.4 22.5 -
2014-6-27 3:00:0021.5 21 21.7 21.5 1,003.3 0.2 97 97 65 2.5 56 1 47 1 26 1.5 5 3.6 14622 11199 21.5 21.7 21.5 21.8 22.3 22.4 22.5 -
2014-6-27 2:00:0021.7 21.2 22 21.7 1,003.4 0.6 97 97 49 2.6 35 1.9 24 1.5 22 1.5 11 4 19545 12332 21.6 21.9 21.6 22 22.4 22.4 22.5 -
2014-6-27 1:00:0022 21.7 22.2 22 1,003.7 6.7 98 98 46 2.7 52 1.3 48 0.5 17 1.1 7 2.7 4056 3231 21.9 22 21.9 22 22.3 22.4 22.5 -
2014-6-27 00:00:0022.2 21.9 22.4 22.2 1,004.1 17.4 98 98 337 1 327 0.9 297 0.7 47 1 349 2.6 1786 3542 22 22.2 22 22.1 22.4 22.5 22.6 -
2014-6-26 23:00:0022.4 22.1 22.5 22.3 1,003.7 5.3 98 97 144 0.4 35 0.5 60 0.6 7 1.3 4 3 1641 2120 22.2 22.2 22.2 22.3 22.6 22.6 22.7 -
2014-6-26 22:00:0022.5 22.2 22.6 22.4 1,004.3 0 98 98 28 1.4 22 1.5 29 1 9 1.2 341 2.9 2831 2664 22.3 22.3 22.3 22.4 22.7 22.6 22.7 -
2014-6-26 21:00:0022.4 22.1 22.4 22.2 1,004.1 0.6 98 97 38 1.9 46 0.7 34 0.5 53 0.5 38 1.9 1770 2137 22.3 22.3 22.3 22.4 22.7 22.7 22.7 -
2014-6-26 20:00:0022.2 21.7 22.3 22.2 1004 0.9 97 97 - 0 - 0 - 0.1 46 0.7 49 1.7 1781 1945 22.3 22.5 22.3 22.5 22.8 22.7 22.7 -
2014-6-26 19:00:0022.3 21.8 22.4 22.3 1,003.8 0.2 97 97 50 0.6 - 0.2 81 0.3 96 1.2 95 1.9 4045 3659 22.5 23.1 22.5 22.7 22.8 22.6 22.7 -
2014-6-26 18:00:0022.4 21.9 22.4 22.3 1,003.1 0.3 97 97 110 1.3 98 1.1 96 1.2 19 1.3 26 3 8937 7078 23.1 23.1 22.8 22.8 22.7 22.6 22.6 -
2014-6-26 17:00:0022.2 21.7 22.3 22 1,003.2 8.9 97 97 4 0.9 3 0.8 15 0.8 284 2.2 264 5.3 8423 8595 23 23.1 22.1 22.6 22.6 22.5 22.6 -
2014-6-26 16:00:0022 21.5 22 21.9 1,002.7 8.6 97 97 94 2.7 95 2.1 89 1.7 89 2.3 82 4 1287 1442 22.1 22.8 22.1 22.4 22.6 22.6 22.7 -
2014-6-26 15:00:0022 21.5 22 21.9 1,003.4 2.2 97 97 92 4.1 83 2.3 89 2.2 89 2.2 90 4.8 8239 6961 22.8 22.9 22.6 22.8 22.9 22.7 22.7 -
2014-6-26 14:00:0021.9 21.4 21.9 21.8 1,003.4 6.2 97 97 75 2.9 72 1.9 77 1.6 81 1.9 79 4 3802 3330 22.7 23 22.5 22.8 22.9 22.7 22.7 -
2014-6-26 13:00:0021.9 21.4 22.1 21.9 1,004.1 1.9 97 96 78 0.3 - 0.1 91 0.9 83 2 85 4.5 4100 4267 23 23.3 22.8 23 22.8 22.5 22.6 -
2014-6-26 12:00:0022 21.5 22.1 21.8 1,004.2 1.3 97 97 43 1.7 58 1.1 75 1.3 85 1.6 78 3.4 7231 9071 23.3 23.4 22.9 22.8 22.7 22.5 22.5 -
2014-6-26 11:00:0021.9 21.4 21.9 21.6 1,004.6 4.7 97 97 91 2.9 86 1.6 74 1.2 80 1.6 72 4.4 5054 4872 22.9 22.9 22.1 22.6 22.6 22.4 22.5 -
2014-6-26 10:00:0021.6 21.1 22 21.6 1,004.9 4.9 97 96 56 1.3 69 1 87 1.7 89 2.6 90 4.9 2120 1296 22.2 23.9 22.2 22.8 22.7 22.4 22.4 -
2014-6-26 9:00:0021.9 21.4 22 21.5 1,004.5 4.4 97 97 88 4.9 89 3.3 83 2.1 83 2.1 90 5.1 11606 8225 23.7 23.8 22 22.5 22.2 22.1 22.3 -
2014-6-26 8:00:0021.6 21.3 21.6 21.2 1,005.4 5.6 98 98 31 1.5 23 1 40 0.9 82 1.8 90 4.1 6029 5250 22.1 22.3 21.5 21.9 22 22.1 22.4 -
2014-6-26 7:00:0021.2 20.9 21.2 21 1005 0.1 98 98 45 1 47 0.7 56 0.9 75 1.8 85 4.3 2209 2193 21.6 21.6 21.2 21.6 22 22.2 22.6 -
2014-6-26 6:00:0021 20.7 21 20.9 1,004.9 0.1 98 98 43 2.3 62 1.7 74 1.7 78 1.7 82 3.5 2494 2425 21.2 21.2 21 21.4 22 22.2 22.6 -
2014-6-26 5:00:0020.9 20.6 20.9 20.8 1,004.9 0.3 98 97 52 1.4 60 0.7 74 0.9 67 1.5 74 3.8 2131 1906 20.9 20.9 20.9 21.3 22 22.3 22.7 -
2014-6-26 4:00:0020.9 20.4 20.9 20.8 1,004.7 0.1 97 97 109 1.2 112 0.7 75 0.5 65 1.1 42 3.4 3972 4448 20.9 20.9 20.8 21.3 22 22.3 22.7 -
2014-6-26 3:00:0020.8 20.3 20.8 20.7 1,004.7 2 97 97 63 1.6 65 0.7 69 1 70 1.5 78 3.7 5691 4936 20.8 20.8 20.7 21.2 22 22.4 22.8 -
2014-6-26 2:00:0020.7 20.2 20.7 20.5 1,005.2 0 97 97 1 1 46 0.8 62 1 77 1.7 87 3.3 9780 10730 20.7 20.8 20.7 21.3 22.1 22.4 22.9 -
2014-6-26 1:00:0020.5 20 20.5 20.3 1,005.9 0.6 97 97 65 1.7 58 0.9 74 1.6 78 1.8 88 4.1 8122 8082 20.7 20.7 20.5 21.2 22.1 22.5 22.9 -
2014-6-26 00:00:0020.3 19.8 20.3 20.1 1,006.5 0.2 97 97 70 2 69 0.7 73 0.8 78 1.9 82 4.1 6476 7094 20.6 20.6 20.4 21.2 22.2 22.6 23 -
2014-6-25 23:00:0020.1 19.6 20.1 19.8 1,006.9 0.3 97 96 76 1.3 83 1.1 77 1.1 74 1.7 81 3.5 6663 6525 20.4 20.4 20.2 21.2 22.3 22.7 23.1 -
2014-6-25 22:00:0019.8 19.1 20.3 19.7 1,007.3 0.5 96 96 75 3.8 66 1.9 70 1.7 69 2.4 82 5.7 7205 7222 20.2 20.5 20.2 21.3 22.4 22.8 23.2 -
2014-6-25 21:00:0020.3 19.6 20.5 20.3 1,007.2 0.6 96 96 80 3.1 73 1.8 81 1.9 98 2.7 74 5.7 5697 4924 20.5 20.8 20.5 21.5 22.5 22.9 23.3 -
2014-6-25 20:00:0020.4 19.7 20.8 20.4 1,006.9 4 96 96 102 3 98 2.3 99 2.7 89 2.8 104 6.4 5701 6781 20.5 21.2 20.5 21.5 22.4 22.9 23.3 -
2014-6-25 19:00:0020.8 20.1 21.3 20.8 1,006.5 4.4 96 96 81 2.7 80 2.1 80 1.8 96 3.2 92 5.9 3986 3764 21.2 21.7 21.2 22 22.8 23.1 23.5 -
2014-6-25 18:00:0021.3 20.6 21.6 21.3 1006 6.4 96 96 101 3 102 2.1 104 1.7 83 2.4 94 6 4269 3242 21.7 22.2 21.7 22.4 23.1 23.3 23.7 -
2014-6-25 17:00:0021.6 20.9 21.9 21.6 1,005.6 4.5 96 96 109 2.5 101 2 101 2.2 100 2.8 85 6.1 5841 5148 22.2 22.7 22.1 23 23.6 23.7 23.8 -
2014-6-25 16:00:0021.9 21.2 22 21.9 1006 3.1 96 95 61 3.4 55 1.5 84 1.5 86 2.2 99 5.4 4396 4831 22.7 23.2 22.7 23.5 24 23.9 23.8 -
2014-6-25 15:00:0021.9 21.2 22.4 21.9 1,005.9 3.2 96 93 90 2.3 98 1.2 101 1.9 104 2.3 122 4.6 3809 4939 23.1 23.6 22.9 23.8 24.2 23.9 23.8 -
2014-6-25 14:00:0022.4 21.4 23.2 22.4 1,006.3 0.9 94 88 114 2.5 112 2 100 1.4 102 2.5 95 4.1 8502 6410 23.7 25.7 23.7 24.4 24.3 23.9 23.7 -
2014-6-25 13:00:0023.2 20.9 23.6 23 1,006.6 0.1 87 83 99 1.4 104 1.1 125 1.1 131 1.6 151 3.1 7246 8075 25.8 26.2 24.2 24.7 24.2 23.8 23.7 -
2014-6-25 12:00:0023.6 20.5 23.6 23.5 1,007.2 0 83 82 129 1.4 119 1 100 1.4 100 1.6 99 3.2 8404 8777 24.6 25.2 24.6 24.5 24.1 23.7 23.6 -
2014-6-25 11:00:0023.6 20.3 24 23.6 1,007.2 0 82 79 120 2.9 110 1.9 110 1.3 113 1.3 120 2.9 15657 15623 25.1 27.3 25.1 24.6 24 23.5 23.6 -
2014-6-25 10:00:0023.7 20.4 23.7 22.9 1,007.2 0 82 82 76 1 68 0.5 91 1 104 1.6 96 2.4 12730 13087 27.3 27.3 24.6 24.2 23.6 23.4 23.5 -
2014-6-25 9:00:0022.9 20.2 22.9 22.5 1,007.4 0 85 85 96 2.6 94 2 98 1.4 139 1.8 138 3.5 11901 11745 24.6 24.8 23.4 23.6 23.3 23.3 23.6 -
2014-6-25 8:00:0022.5 20.2 22.5 22.3 1,006.9 0 87 87 107 2.3 106 1.4 94 1.1 110 2.1 152 3.4 10783 10329 23.5 23.5 22.9 22.9 23.1 23.3 23.6 -
2014-6-25 7:00:0022.2 20.1 22.2 21.9 1,006.4 0 88 87 108 2.9 105 1.7 109 2.1 110 2.2 97 3.7 8317 8089 22.8 22.8 21.8 22.5 23 23.3 23.7 -
2014-6-25 6:00:0021.9 20.2 21.9 21.6 1,006.4 0 90 89 156 1.4 143 1 141 0.5 102 1.2 108 2.7 7209 6856 21.8 21.8 20.9 21.9 22.9 23.4 23.8 -
2014-6-25 5:00:0021.6 19.9 21.7 21.5 1,006.1 0 90 90 87 0.8 98 0.7 100 0.8 105 0.8 81 2.3 7162 7178 20.9 20.9 20.6 21.8 23 23.6 24 -
2014-6-25 4:00:0021.7 19.8 22.1 21.7 1006 0 89 88 106 1.1 102 0.5 123 0.4 136 1.4 162 3.2 7131 7800 20.6 20.7 20.5 21.8 23.2 23.8 24.2 -
2014-6-25 3:00:0022.1 20 22.6 22.1 1,005.7 0 88 84 117 1.5 123 1 111 1.2 181 1.2 153 3.2 9128 9878 20.7 21.2 20.7 22.1 23.5 24 24.3 -
2014-6-25 2:00:0022.6 19.8 22.7 22.6 1,006.1 0 84 83 181 1.7 176 0.9 182 0.5 175 1.8 163 4.2 13475 13365 21.2 21.3 21.1 22.3 23.7 24.2 24.5 -
2014-6-25 1:00:0022.7 20 22.8 22.7 1,006.5 0 85 82 206 1.6 184 1.1 178 1.2 177 2.1 174 5.5 14310 14330 21.3 21.4 21.2 22.5 24 24.5 24.7 -
2014-6-25 00:00:0022.7 19.5 23 22.6 1,006.8 0 82 80 198 2.4 178 2 168 1.4 179 1.7 189 3.7 18148 18203 21.2 21.3 21.1 22.6 24.3 24.8 24.9 -
2014-6-24 23:00:0023 19.6 23.3 23 1007 0 81 80 148 2.5 159 1.3 180 1.4 194 2.1 190 5 20810 20312 21.3 21.7 21.3 23 24.7 25.1 25.2 -
2014-6-24 22:00:0023.3 19.7 23.8 23.3 1,007.4 0 80 78 191 3.6 186 1.8 178 1.3 188 2.2 169 4.8 20091 20579 21.7 22.5 21.7 23.6 25.3 25.5 25.4 -
2014-6-24 21:00:0023.7 21 24.2 23.7 1,006.9 0 85 83 175 3 180 1.8 162 1.3 149 2.7 104 5.9 4680 7765 22.5 23.2 22.5 24.3 25.8 25.9 25.5 -
2014-6-24 20:00:0024.2 21.1 24.9 24.2 1,006.2 0 83 79 177 3.9 167 2.2 150 2.8 147 3 154 5.4 5930 6071 23.2 24.1 23.2 25 26.4 26.3 25.7 -
2014-6-24 19:00:0024.9 21 26 24.9 1,006.1 0 79 73 149 3.6 154 2.3 152 2.6 151 2.6 100 5.5 8458 8744 24.1 26 24.1 26.2 27.2 26.6 25.7 -
2014-6-24 18:00:0026 20.8 26.8 26 1,005.4 0 73 68 135 2.8 137 2.4 118 2.2 135 2.4 136 4.6 13265 14657 26 29.1 26 27.4 27.8 26.8 25.7 -
2014-6-24 17:00:0026.8 20.2 27 26.7 1,005.1 0 67 66 168 2.5 159 2.1 160 2.3 117 2.6 125 5.4 15596 16521 29.1 29.6 28.4 28.5 28.3 27 25.6 -
2014-6-24 16:00:0026.8 20.6 27.8 26.8 1005 0 69 66 157 3.9 159 2.4 152 2 124 2.6 126 5.4 11915 12184 28.5 34.4 28.5 29.5 28.9 27 25.4 -
2014-6-24 15:00:0027.7 20.8 28.1 27.4 1,005.2 0 66 63 108 4.6 109 2.9 133 1.7 137 2.7 154 5.2 12494 12099 33.8 35.9 32 30.9 29.1 26.8 25 -
2014-6-24 14:00:0028.1 20.1 28.5 27.5 1,005.5 0 62 61 141 3.2 149 2.5 154 2.2 145 2.6 101 5.5 11917 12527 36.1 38.1 34.1 32.3 29 26.3 24.5 -
2014-6-24 13:00:0028 20.8 28.5 28 1,005.9 0 65 61 194 2.4 194 1.8 133 2.3 109 2.5 109 5.3 10398 11526 36.1 40 36.1 32.8 28.5 25.5 24 -
2014-6-24 12:00:0028.4 20.2 28.6 27.4 1,006.6 0 61 59 113 3.5 108 2.4 116 2.2 116 2.2 125 4.1 13790 11951 39.9 40.9 36.3 32.4 27.3 24.6 23.4 -
2014-6-24 11:00:0027.3 20.4 27.5 26.5 1,007.1 0 66 64 170 2.1 186 1.1 163 1.5 138 1.8 164 3.4 10245 10005 36.2 39.2 33.9 30.6 26 23.8 23 -
2014-6-24 10:00:0026.6 21.1 26.6 25.6 1,007.4 0 72 70 124 1.8 136 1.3 148 1.4 198 1.7 192 3.6 7012 6545 34 36.1 31.7 28.6 24.5 23.1 22.7 -
2014-6-24 9:00:0025.7 21.2 25.7 24.2 1,007.2 0 76 76 202 2.3 208 1.4 199 1.6 177 1.8 180 3.6 5701 5474 32.2 33.4 27.3 25.9 23.3 22.5 22.6 -
2014-6-24 8:00:0024.4 21.1 24.5 22.7 1,007.1 0 82 82 218 2.6 218 1.9 175 1.4 175 1.4 218 2.9 6121 5408 28.2 29.3 24.8 24.2 22.4 22.2 22.5 -
2014-6-24 7:00:0022.7 21.2 22.7 21 1,006.9 0 91 90 145 1 134 0.8 123 0.8 150 1.1 121 2.1 3956 3853 24.9 25.2 21.3 22.2 21.8 22.1 22.6 -
2014-6-24 6:00:0021 20.7 21 20.1 1,006.7 0 98 98 - 0.1 - 0.1 - 0.2 43 0.4 40 0.9 2218 2205 21.2 21.2 19.3 20.7 21.6 22.2 22.7 -
2014-6-24 5:00:0020.1 19.8 20.3 20.1 1,006.8 0 98 97 40 0.5 42 0.5 40 0.3 56 0.4 25 0.7 979 1421 19.3 19.4 19.3 20.4 21.8 22.3 22.8 -
2014-6-24 4:00:0020.3 19.8 20.7 20.3 1,006.5 0 97 97 - 0 - 0 - 0.1 44 0.4 47 0.7 939 1099 19.5 20 19.5 20.7 22 22.5 22.9 -
2014-6-24 3:00:0020.7 20.2 20.9 20.7 1,006.5 0 97 96 73 0.5 - 0.2 56 0.3 69 0.5 43 0.9 1519 1425 20 20.2 19.8 20.9 22.2 22.6 23 -
2014-6-24 2:00:0020.8 20.3 21.1 20.8 1,006.7 0 97 96 - 0 - 0 - 0 140 0.7 118 1.2 1760 1798 20.2 20.4 19.9 21.1 22.4 22.8 23.2 -
2014-6-24 1:00:0021.1 20.4 21.2 20.9 1,007.1 0 96 94 113 0.7 128 0.6 137 0.7 138 0.7 92 1.8 2308 2234 20.4 20.4 20.1 21.3 22.5 23 23.3 -
2014-6-24 00:00:0021.2 20.2 21.6 21.2 1,007.7 0 94 92 78 0.5 79 0.3 93 0.4 135 1.4 139 2.4 2464 2514 20.3 20.8 20.3 21.5 22.8 23.2 23.4 -
2014-6-23 23:00:0021.6 20.2 21.8 21.5 1008 0 92 91 105 1.2 105 1 137 1.3 144 1.4 178 2.8 3286 3350 20.7 20.9 20.6 21.8 23.1 23.4 23.6 -
2014-6-23 22:00:0021.7 20.2 22 21.7 1,008.5 0 91 89 172 0.9 175 0.4 154 0.8 141 1.2 132 2.6 4011 4097 20.7 20.7 20.6 22 23.4 23.7 23.7 -
2014-6-23 21:00:0022 20.1 22.6 21.9 1,008.3 0 89 84 153 1.4 143 1 143 1.1 134 1.4 138 3.3 5287 5467 20.7 21.3 20.7 22.4 23.8 23.9 23.8 -
2014-6-23 20:00:0022.6 19.8 23.4 22.6 1,007.4 0 84 79 151 1.3 153 1.2 135 1.1 143 1.4 143 2.8 9478 10467 21.3 22.6 21.3 23.2 24.4 24.2 23.8 -
2014-6-23 19:00:0023.4 19.6 24.1 23.4 1,006.9 0 79 75 161 1 150 0.9 143 1.3 139 1.5 168 2.8 11280 11615 22.6 24.9 22.6 24.4 24.9 24.3 23.8 -
2014-6-23 18:00:0024.1 19.4 24.7 24.1 1,006.3 0 75 71 163 2.2 165 1.5 163 1.2 141 1.7 93 3.2 12967 14950 24.9 29.5 24.9 25.9 25.2 24.2 23.6 -
2014-6-23 17:00:0024.6 19.4 24.7 24.2 1006 0 73 72 149 2.8 140 1.6 131 1.6 131 1.6 105 3 14864 15969 29.3 30.4 27.8 26.4 24.9 23.9 23.5 -
2014-6-23 16:00:0024.2 19.7 24.2 24 1,006.3 0 76 73 148 0.4 131 0.3 101 0.3 91 1.1 85 1.8 13654 14736 27.9 28.6 26.5 25.7 24.6 23.7 23.3 -
2014-6-23 15:00:0024 19.7 24 23.7 1,006.6 0 77 77 86 1.3 63 1 70 0.7 133 1.2 101 2.2 13718 14622 28.2 28.2 26.7 25.6 24.3 23.5 23.2 -
2014-6-23 14:00:0023.9 20 23.9 22.8 1007 0 79 79 161 1.6 179 1 127 1.3 112 1.6 119 3.2 12184 12512 28.1 29.5 24.9 25 23.8 23.3 23.1 -
2014-6-23 13:00:0022.8 20.9 23.1 22.7 1,007.7 0.1 89 84 80 0.5 86 0.5 115 1 121 2.3 104 3.1 7469 7647 24.8 24.8 24.1 24.1 23.7 23.1 23 -
2014-6-23 12:00:0022.8 20.1 23.3 22.8 1,006.9 0 85 80 132 2.5 143 2.2 121 2.4 152 2.5 130 5 10807 11321 24.2 26.1 24.2 24.3 23.5 23 22.9 -
2014-6-23 11:00:0023.1 20.2 23.3 23 1,008.1 0 84 81 146 2.8 132 1.6 137 1.4 85 1.4 61 3 10468 10267 25.3 25.8 25 24.1 23.2 22.8 22.8 -
2014-6-23 10:00:0023 20 23 22.4 1,008.7 0 83 83 110 0.8 85 0.8 57 0.8 98 1.3 112 2.7 11865 10249 25 25 23.7 23.3 22.8 22.6 22.8 -
2014-6-23 9:00:0022.4 20.5 22.5 22.4 1,008.1 0.1 89 85 63 0.8 77 0.8 99 1.4 84 1.5 109 3.1 7039 6650 23.7 23.9 23.1 22.9 22.6 22.5 22.7 -
2014-6-23 8:00:0022.5 20 22.5 21.5 1,007.9 0 86 85 95 2.9 98 1.9 85 1.5 97 2.3 91 4.4 7910 8689 23.8 24 22.5 22.6 22.3 22.4 22.8 -
2014-6-23 7:00:0021.4 20.2 21.5 20.8 1,007.8 0 93 92 96 1.6 93 0.8 78 0.6 132 0.7 23 1.6 6639 5772 22.6 22.6 21 21.7 22 22.4 22.8 -
2014-6-23 6:00:0020.8 20.1 20.8 20.3 1,007.5 0 96 95 84 0.4 - 0.2 54 0.4 326 0.9 327 1.6 3619 3757 21 21 20 21.1 22 22.5 23 -
2014-6-23 5:00:0020.3 19.6 20.5 20.3 1,007.2 0 96 95 - 0 - 0 - 0 122 0.9 151 1.5 2768 2728 20 20 19.9 20.9 22.1 22.6 23.1 -
2014-6-23 4:00:0020.5 19.7 20.6 20.4 1,006.8 0 95 94 28 0.6 30 0.5 46 0.4 132 0.7 133 1.3 4035 4034 20 20.1 20 21.1 22.3 22.8 23.2 -
2014-6-23 3:00:0020.6 19.6 20.8 20.5 1,007.2 0 94 93 92 0.9 85 0.5 - 0.2 147 1 152 1.6 4705 4172 20.2 20.2 20.2 21.2 22.5 22.9 23.3 -
2014-6-23 2:00:0020.7 19.5 21 20.7 1,007.6 0 93 92 - 0.1 - 0 - 0.1 121 1.4 107 3.5 3884 4510 20.2 20.3 20.2 21.4 22.7 23.1 23.5 -
2014-6-23 1:00:0020.8 19.6 21.2 20.8 1,007.6 0 93 90 140 2.9 135 1.5 133 1.1 146 1.2 140 2.9 5896 5546 20.3 20.5 20.3 21.5 22.9 23.3 23.6 -
2014-6-23 00:00:0021.2 19.5 21.6 21.2 1,008.6 0 90 88 154 2.6 151 1.5 144 1 116 1.4 154 2.6 7138 6529 20.5 21 20.5 21.9 23.2 23.6 23.8 -
2014-6-22 23:00:0021.6 19.5 21.8 21.5 1,009.1 0 88 88 146 0.9 131 0.9 123 0.9 139 1.8 111 3.3 8857 8675 21.1 21.4 21 22.2 23.5 23.8 23.9 -
2014-6-22 22:00:0021.5 19.8 21.6 21.4 1,009.1 0 90 89 133 1.4 134 1.1 77 0.8 87 1.4 68 2.5 8228 8045 21.3 21.5 21.2 22.5 23.8 24 24 -
2014-6-22 21:00:0021.6 19.9 22 21.6 1,008.8 0 90 87 32 0.9 31 0.8 64 0.9 79 1.1 76 2.3 9496 9537 21.5 22.1 21.5 23 24.2 24.3 24.1 -
2014-6-22 20:00:0022 19.7 22.4 22 1,008.4 0 87 84 61 1.1 65 0.7 72 1 76 1.3 85 2.9 17152 16675 22.1 22.7 22.1 23.6 24.6 24.5 24.2 -
2014-6-22 19:00:0022.4 19.6 23.1 22.4 1,008.3 0 84 82 53 1.9 36 0.6 71 1 88 1.9 83 3.3 18231 18618 22.7 24.2 22.7 24.3 25.2 24.7 24.2 -
2014-6-22 18:00:0023.1 19.7 24.1 23.1 1,007.7 0 81 74 81 2.1 81 1.3 79 1.6 93 2.3 102 3.8 16603 15017 24.2 26.9 24.2 25.4 25.6 24.8 24.1 -
2014-6-22 17:00:0024.1 19.4 24.2 24 1,007.6 0 75 75 93 3.9 93 2.4 92 2.1 76 2.3 85 4.5 22292 20897 27 27.6 26.8 26.5 25.8 24.8 24 -
2014-6-22 16:00:0024.3 20 24.9 24.3 1,007.6 0 77 73 56 3.7 58 1.7 74 2.3 94 2.7 92 4.8 19966 20666 27.4 29.4 27.4 27.1 25.8 24.6 23.8 -
2014-6-22 15:00:0025 19.8 25.3 24.8 1,007.6 0 73 69 104 3.7 95 2.6 94 2.6 93 2.6 97 4.9 20196 20637 29.4 29.8 28.1 27.3 25.7 24.4 23.6 -
2014-6-22 14:00:0025 19.8 25.3 24.9 1,008.1 0 73 67 28 1.9 48 1.1 61 0.9 69 1.7 60 3.5 23609 22698 28.2 30.3 28.2 27.4 25.5 24 23.3 -
2014-6-22 13:00:0025.2 19.3 25.3 24.2 1,007.8 0 70 70 146 1.4 108 0.6 60 0.9 96 1.9 87 3.3 29470 26136 30.6 33.3 29.6 27.9 24.9 23.5 23 -
2014-6-22 12:00:0024.4 19.9 24.5 23.9 1,008.3 0 76 74 114 2.7 113 2 101 1.4 74 1.4 98 2.9 16449 20362 30 31 27.6 26.6 24.1 23.1 22.9 -
2014-6-22 11:00:0024 20.3 24 23 1,008.6 0 80 79 138 0.9 42 0.5 54 0.9 59 1.2 96 3.2 17959 18669 28.3 28.3 25.8 25 23.4 22.8 22.7 -
2014-6-22 10:00:0023.1 19.9 23.1 22.4 1,008.4 0 82 82 61 1.9 68 1.1 67 0.9 15 1.2 45 2.5 17876 15917 26.7 26.7 24.7 24 23 22.6 22.6 -
2014-6-22 9:00:0022.4 20.3 22.8 21.7 1,008.2 0 88 82 87 2.9 86 1.5 77 1.1 21 1.6 336 4 16524 17371 24.6 28.5 23.8 23.7 22.6 22.3 22.6 -
2014-6-22 8:00:0021.7 20 21.7 20.9 1,008.2 0 90 89 74 1 75 0.7 60 1 53 1.1 52 2.2 16065 16296 23.7 23.7 21.7 22.1 22.1 22.2 22.6 -
2014-6-22 7:00:0020.9 19.9 20.9 20.6 1,007.7 0 94 94 58 1.6 47 1.1 56 0.7 53 0.7 37 1.9 15347 14576 21.7 21.7 20.8 21.4 22 22.3 22.7 -
2014-6-22 6:00:0020.6 19.8 20.6 20.4 1,007.6 0 95 93 33 1.2 37 0.4 54 0.7 53 1 48 2.1 15603 13690 20.8 20.8 20.4 21.1 22 22.4 22.7 -
2014-6-22 5:00:0020.5 19.5 20.8 20.5 1,006.7 0 94 94 57 2.9 52 1.2 54 1.1 56 1.5 57 3.8 15301 15408 20.4 20.8 20.4 21.2 22.1 22.4 22.8 -
2014-6-22 4:00:0020.8 20 21.1 20.8 1,006.8 0 95 95 95 2.2 69 1.2 47 1.1 52 1.5 56 4.2 11959 11606 20.8 21.1 20.8 21.5 22.2 22.5 22.9 -
2014-6-22 3:00:0021 20.7 21 20.8 1,006.5 0 98 97 42 0.6 41 0.3 67 0.5 68 0.6 71 1.5 6919 7041 21.1 21.1 20.9 21.5 22.3 22.6 22.9 -
2014-6-22 2:00:0020.8 20.3 20.8 20.7 1,006.2 0 97 97 - 0 - 0 - 0.1 26 0.6 29 1.5 5004 5103 20.9 21 20.8 21.5 22.3 22.7 23 -
2014-6-22 1:00:0020.8 20.3 20.8 20.8 1,006.3 0 97 97 - 0.2 - 0.1 - 0.2 46 0.8 76 1.7 8074 7656 21 21.1 21 21.6 22.4 22.7 23.1 -
2014-6-22 00:00:0020.8 20.3 20.8 20.5 1,006.7 0.2 97 97 49 1.3 45 0.9 46 0.9 34 1 47 1.8 14020 11104 21 21 20.9 21.6 22.5 22.8 23.2 -
2014-6-21 23:00:0020.6 20.1 21 20.6 1,006.6 0.5 97 96 99 1.2 97 0.3 - 0.2 71 1.3 58 3.8 9459 8561 21 21.2 20.9 21.7 22.6 22.9 23.2 -
2014-6-21 22:00:0020.9 20.4 21.3 20.8 1,006.6 2.9 97 96 49 0.7 46 0.4 44 0.4 80 1.7 82 3.6 6001 7020 21.2 21.4 21.1 21.8 22.7 23 23.3 -
2014-6-21 21:00:0021.3 20.6 21.6 21.3 1,006.5 3.5 96 96 86 2.6 68 1.3 66 1.5 72 1.7 65 4.3 5347 6033 21.3 21.8 21.3 22.2 23 23.2 23.5 -
2014-6-21 20:00:0021.7 21.2 21.7 21.7 1,005.7 1.6 97 96 63 0.8 70 0.5 72 0.9 76 0.9 89 2.5 4073 4571 21.8 22.1 21.8 22.6 23.3 23.4 23.5 -
2014-6-21 19:00:0021.7 21 21.8 21.7 1,005.1 0.6 96 95 101 0.9 89 0.4 67 0.7 67 1.5 80 3.7 11769 10903 22.1 22.3 22.1 22.8 23.5 23.5 23.6 -
2014-6-21 18:00:0021.8 21 22.1 21.8 1,004.5 1.1 95 93 68 1.8 58 1.6 64 1.3 8 2.2 51 4.4 5483 4357 22.2 22.9 22.2 23.1 23.7 23.6 23.6 -
2014-6-21 17:00:0022.1 20.9 22.2 22 1,004.1 0 93 93 347 4 3 2.9 26 1.6 56 2 86 4.8 17590 14677 22.9 23.8 22.9 23.5 23.8 23.6 23.6 -
2014-6-21 16:00:0022.1 21.1 22.4 22.1 1,003.8 0.4 94 93 30 3.7 47 2 55 2.1 54 2.2 91 6.5 8135 7452 23.5 24 23.3 23.8 23.9 23.6 23.5 -
2014-6-21 15:00:0022.4 21.4 22.9 22.4 1,003.5 0 94 92 87 4.1 64 0.8 45 1.5 41 2.4 21 5.7 8366 9184 23.7 24.9 23.6 24 24 23.6 23.5 -
2014-6-21 14:00:0022.9 21.9 23 22.8 1003 0.2 94 93 67 3.9 72 1.9 56 1.3 32 2.3 5 5.5 13700 13285 25.2 25.5 24.6 24.4 23.8 23.4 23.4 -
2014-6-21 13:00:0022.8 21.8 22.9 22.6 1,003.1 0.1 94 94 7 3.6 5 2.1 22 1.7 30 1.9 335 4.5 20372 18920 24.8 25.3 24.4 24.1 23.6 23.3 23.4 -
2014-6-21 12:00:0022.6 22.1 22.6 22.4 1,003.3 11.5 97 96 59 1.9 66 1.1 84 0.9 25 2.1 6 4.3 12762 10018 24.2 24.2 22.8 23.2 23.3 23.2 23.4 -
2014-6-21 11:00:0022.5 21.8 22.7 22.5 1003 6.4 96 96 38 2.5 25 1.8 19 1.9 45 1.9 79 4.7 2284 4132 22.9 23.4 22.9 23.1 23.3 23.2 23.3 -
2014-6-21 10:00:0022.7 22.2 22.7 22.5 1,003.1 3.7 97 97 7 2.6 9 1.2 13 1.1 15 1.5 88 4.4 5434 9264 23.3 23.7 22.9 23.2 23.2 23.1 23.3 -
2014-6-21 9:00:0022.5 22 22.5 22.3 1003 12.1 97 97 100 1.3 79 0.7 66 1 63 1.5 75 3.6 7460 6181 23.1 23.1 22.2 22.7 23 23.1 23.3 -
2014-6-21 8:00:0022.4 22.1 22.5 22.4 1,003.1 33.4 98 97 10 1.7 347 0.8 12 0.8 53 1.2 14 3 2186 844 22.2 22.5 22.2 22.5 22.9 23.1 23.4 -
2014-6-21 7:00:0022.5 22 22.8 22.5 1,002.5 8.4 97 97 36 2.7 42 1.6 58 1.2 52 1.3 43 3.6 1952 1606 22.5 22.8 22.5 23 23.5 23.6 23.8 -
2014-6-21 6:00:0022.8 22.3 22.8 22.7 1,002.4 3 97 97 15 1.7 11 0.9 16 1 27 1.4 39 3.1 2307 1786 22.7 22.8 22.6 23.1 23.6 23.7 23.8 -
2014-6-21 5:00:0022.7 22.2 22.7 22.7 1,002.3 0.4 97 97 65 0.7 53 0.4 58 0.7 67 1.1 21 2.4 1988 1803 22.7 22.8 22.7 23.2 23.7 23.8 23.9 -
2014-6-21 4:00:0022.7 22.2 22.8 22.7 1,002.2 0 97 97 22 1.4 36 0.5 50 0.4 58 1.1 34 2.7 1500 1605 22.8 22.9 22.8 23.3 23.8 23.9 24 -
2014-6-21 3:00:0022.8 22.3 23.1 22.8 1,002.2 0 97 96 80 1.7 78 1.2 51 1.1 31 1.5 9 3.3 1354 1524 22.9 23.1 22.9 23.4 23.9 24 24 -
2014-6-21 2:00:0023.1 22.4 23.3 23.1 1,002.4 0.2 96 96 32 0.9 29 0.6 65 0.4 38 1.2 26 3.6 2586 2754 23.1 23.3 23 23.6 24.1 24 24.1 -
2014-6-21 1:00:0023.3 22.6 23.6 23.3 1,002.5 0.5 96 95 19 1.1 32 0.8 35 0.7 51 0.7 72 1.7 2174 2013 23.3 23.5 23.3 23.8 24.2 24.1 24.1 -
2014-6-21 00:00:0023.6 22.9 23.8 23.6 1,002.7 0 96 95 121 0.4 - 0.2 68 0.5 27 1.1 22 2.2 2249 2089 23.5 23.7 23.5 23.9 24.3 24.2 24.2 -
2014-6-20 23:00:0023.8 23.1 23.9 23.8 1003 0 96 96 336 1 1 0.9 29 1.1 27 1.1 43 2.3 2723 2305 23.7 23.9 23.7 24.1 24.4 24.3 24.2 -
2014-6-20 22:00:0023.9 23.2 23.9 23.8 1,003.1 0 96 96 19 1.1 16 0.7 30 0.5 99 1 13 1.8 2260 2169 23.8 24 23.8 24.2 24.6 24.4 24.3 -
2014-6-20 21:00:0023.9 23.2 24 23.9 1,002.9 0 96 96 102 1.5 99 1.1 104 0.8 77 1.4 79 3.3 2361 2555 24 24.1 24 24.4 24.8 24.5 24.3 -
2014-6-20 20:00:0024 23.3 24.3 24 1,002.3 0 96 94 79 2.1 68 0.8 81 0.9 88 1.5 84 3.2 2428 2374 24.1 24.5 24.1 24.7 25 24.6 24.3 -
2014-6-20 19:00:0024.3 23.3 24.9 24.3 1,002.1 0 94 92 73 2.1 86 0.9 70 1 78 1.2 91 2.6 2897 3277 24.6 25.9 24.6 25.2 25.3 24.7 24.3 -
2014-6-20 18:00:0024.9 23.7 25.3 24.9 1,001.4 0 93 91 62 1.9 62 1.1 80 1.2 76 1.5 74 3.5 3148 3055 25.9 27.1 25.9 26 25.5 24.7 24.2 -
2014-6-20 17:00:0025.3 23.7 25.7 25.3 1,001.3 0 91 90 31 1 32 1 45 0.8 47 1.1 93 2.2 3391 3484 26.8 30.2 26.8 26.6 25.5 24.5 24 -
2014-6-20 16:00:0025.3 23.9 25.3 24.3 1,001.2 0 92 92 75 0.6 81 0.4 81 0.9 91 1.1 32 2.1 3572 3517 30.2 30.3 25.7 26.3 25 24.2 23.9 -
2014-6-20 15:00:0024.3 23.4 24.3 24.2 1,001.5 0 95 95 29 1.2 51 0.4 68 0.5 73 1.2 78 2.4 2527 2209 25.8 27 25.5 25.3 24.7 24.1 23.9 -
2014-6-20 14:00:0024.2 23.5 24.2 24 1,001.7 0.5 96 95 92 1.2 85 0.7 69 0.9 68 0.9 54 2.4 2728 2388 26.1 26.1 24.9 25.1 24.5 24 23.8 -
2014-6-20 13:00:0024 23.3 24.2 24 1002 0.3 96 94 - 0.2 - 0.1 57 0.5 70 1 63 2.1 1483 1271 25.4 25.7 24.9 24.9 24.4 23.9 23.8 -
2014-6-20 12:00:0024.1 23.1 24.1 23.7 1,002.2 0 94 94 56 0.5 42 0.3 67 0.5 79 0.8 62 2 1942 2295 25.2 25.7 25.2 24.7 24.2 23.8 23.7 -
2014-6-20 11:00:0023.7 22.7 23.7 23.3 1,002.6 0 94 94 101 1.5 93 1 74 0.8 95 1.9 90 3.2 7852 8514 25.5 25.6 25 24.5 24 23.7 23.7 -
2014-6-20 10:00:0023.3 22.5 23.3 22.8 1,002.4 0.6 95 94 94 2.2 88 1.3 93 1.8 91 2.2 82 4.3 12108 10993 24.9 25.1 23.6 24.1 23.7 23.6 23.7 -
2014-6-20 9:00:0022.9 22.1 22.9 22.7 1,002.6 0.8 95 94 90 2.6 96 2.1 89 1.9 102 2.5 92 4.9 4952 5712 23.6 23.6 23.1 23.5 23.6 23.5 23.7 -
2014-6-20 8:00:0022.7 21.9 22.7 22.6 1003 0.5 95 93 106 3.2 101 1.9 97 1.8 107 2.2 101 4.2 5863 5412 23 23.1 22.7 23.2 23.5 23.6 23.8 -
2014-6-20 7:00:0022.6 21.4 22.9 22.6 1,002.9 0.2 93 90 128 1.1 124 1.1 107 1.8 96 2.4 99 4.6 4333 4299 22.7 22.7 22.3 23 23.5 23.6 23.8 -
2014-6-20 6:00:0022.9 21.2 23 22.9 1,002.7 0 90 88 124 2.1 114 1.4 111 1.5 104 1.8 88 3.9 5194 5645 22.3 22.5 22.2 22.9 23.5 23.7 23.9 -
2014-6-20 5:00:0022.9 20.8 22.9 22.8 1,002.6 0 88 88 101 2.6 113 1.6 104 1.5 112 2.5 116 5.6 4952 7112 22.6 22.6 22.6 22.9 23.6 23.8 24 -
2014-6-20 4:00:0022.8 20.9 22.8 22.8 1,002.4 0 89 89 94 2.5 96 1.4 96 1.6 99 2.5 91 4.1 7769 8058 22.6 22.6 22.5 23 23.7 23.9 24.1 -
2014-6-20 3:00:0022.8 20.7 22.8 22.7 1,002.6 0 88 88 128 2.6 134 2.2 114 1.9 104 2 89 4.4 9144 9087 22.5 22.5 22.4 23.1 23.8 24.1 24.2 -
2014-6-20 2:00:0022.8 20.7 22.9 22.8 1,002.9 0 88 88 107 1.7 99 1.2 99 1.5 100 2.9 98 6.9 9003 8807 22.5 22.7 22.5 23.2 24 24.2 24.4 -
2014-6-20 1:00:0022.8 20.7 22.8 22.8 1,003.4 0 88 88 107 3.7 100 3.1 100 3 100 3 102 5 7899 7846 22.7 22.7 22.6 23.4 24.2 24.4 24.5 -
2014-6-20 00:00:0022.8 20.7 22.9 22.8 1,003.6 0 88 87 94 4.7 92 2.5 99 2.2 101 2.6 103 5.7 8169 8119 22.7 22.9 22.7 23.6 24.4 24.6 24.6 -
2014-6-19 23:00:0022.8 20.7 22.8 22.6 1,004.5 0 88 88 122 1.7 145 1.4 131 1.9 99 2.5 103 5.7 7904 7967 22.9 22.9 22.3 23.8 24.7 24.9 24.8 -
2014-6-19 22:00:0022.6 20.5 22.9 22.6 1,004.6 0 88 86 142 2.6 126 1.3 113 1.7 99 2.9 89 6.2 8325 8655 22.3 23.2 22.2 24 25.1 25.2 25 -
2014-6-19 21:00:0022.9 20.6 23.3 22.8 1,004.3 0 87 84 97 3.9 91 2.1 96 2.3 113 2.7 109 5.5 10087 9909 23.1 23.9 23 24.7 25.7 25.5 25.1 -
2014-6-19 20:00:0023.3 20.4 23.9 23.3 1,004.1 0 84 81 136 2.5 117 2.2 112 2.8 109 3 109 6 12279 11913 23.9 24.8 23.9 25.6 26.3 25.8 25.2 -
2014-6-19 19:00:0023.9 20.4 24.7 23.9 1,003.8 0 81 77 72 5.4 83 2.5 93 2.2 101 2.9 115 6.1 12833 12529 24.9 26.7 24.9 26.5 26.9 26.1 25.1 -
2014-6-19 18:00:0024.7 20.4 25.5 24.7 1,003.3 0 77 74 96 4 93 2.5 99 2.3 104 2.8 122 5.2 14571 14174 26.7 30 26.7 27.9 27.7 26.2 25 -
2014-6-19 17:00:0025.5 20.7 25.9 25.4 1,003.1 0 75 73 163 1.7 138 1.3 121 1.7 96 2.8 90 4.8 12858 12459 29.9 34.5 29.9 29.6 28.1 26.1 24.8 -
2014-6-19 16:00:0025.8 20.6 26.5 25.7 1,002.8 0 73 71 101 3.4 96 3.2 114 2.5 95 2.9 96 6.2 12774 11485 33.4 37 33.3 30.4 28.2 25.8 24.4 -
2014-6-19 15:00:0026.3 20.8 26.6 26.1 1,003.9 0 72 69 118 2.3 125 1.8 127 2 103 3.4 120 6.6 10610 10957 37 38.7 36.2 31.1 27.6 25.2 24.1 -
2014-6-19 14:00:0026.2 20.5 26.2 24.8 1,004.4 0 71 70 117 3.7 117 1.9 129 1.8 108 2.9 102 5.6 7346 10402 36.8 38.4 31.3 29.8 26.5 24.7 23.8 -
2014-6-19 13:00:0024.7 20 24.8 24.5 1,004.6 0 75 74 97 4.3 92 2.6 128 2.1 90 2.5 85 5.5 11994 10240 31.3 31.3 30.2 27.5 25.8 24.4 23.6 -
2014-6-19 12:00:0024.5 20 24.7 24.3 1,004.8 0 76 74 127 4 128 1.5 131 1.8 121 2.6 116 5.4 8832 8924 30.8 30.9 28.4 27.2 25.6 24.1 23.3 -
2014-6-19 11:00:0024.3 19.8 25.1 24.3 1,004.8 0 76 73 174 2.8 178 1.9 152 2.6 145 2.9 157 6 8394 8325 29.2 35 29.1 27.7 25.5 23.6 23 -
2014-6-19 10:00:0025.1 20.1 25.1 24.3 1,004.8 0 74 73 111 3.1 107 2.1 132 1.7 124 2.7 108 5 8594 8005 35.1 35.5 32.7 27.9 24.6 23 22.7 -
2014-6-19 9:00:0024.3 19.6 24.5 23.8 1005 0 75 75 128 2.8 137 2.5 121 2.3 96 3.1 101 5.5 8988 8940 33.1 35 29.7 26.1 23.2 22.3 22.5 -
2014-6-19 8:00:0023.7 19.6 23.7 22.3 1,004.9 0 78 78 100 3.4 110 2.1 110 2.5 109 2.8 106 4.7 14187 11788 30.7 30.7 25.1 23.3 22 22 22.4 -
2014-6-19 7:00:0022.3 19.7 22.3 20.7 1,005.4 0 85 85 107 1.9 114 1.7 110 1.7 95 2.6 92 4.6 6647 6706 24.9 24.9 20.8 21.3 21.4 21.9 22.5 -
2014-6-19 6:00:0020.7 19.5 20.7 20.2 1,005.3 0 93 93 61 1 82 0.7 86 1.1 88 1.2 100 2.4 4613 4693 20.7 20.7 18.4 20.1 21.2 22 22.6 -
2014-6-19 5:00:0020.3 19.1 20.4 20.2 1,005.2 0 93 92 66 1.1 66 0.5 89 0.9 88 1.2 87 3.6 4513 4144 18.5 19.1 18.4 20.1 21.4 22.1 22.7 -
2014-6-19 4:00:0020.4 19.1 20.6 20.4 1,004.5 0 92 90 68 2.1 73 1.1 89 1.2 92 1.6 86 3.6 3981 3959 19 19.3 19 20.3 21.6 22.3 22.9 -
2014-6-19 3:00:0020.5 19 20.7 20.5 1,004.6 0 91 90 67 1.4 79 0.6 97 1 89 1.5 99 3.2 4850 4719 19.1 19.5 19.1 20.5 21.7 22.4 23 -
2014-6-19 2:00:0020.7 19 20.9 20.6 1005 0 90 88 71 1.5 85 1.2 88 1.2 97 1.9 88 3.6 5327 5273 19.5 20.1 19.5 20.7 21.9 22.5 23.1 -
2014-6-19 1:00:0020.8 18.7 20.8 20.3 1,005.2 0 88 88 103 2.1 97 1.1 103 1.7 105 1.9 100 4 6937 6805 20.1 20.1 18.8 20.7 21.9 22.7 23.3 -
2014-6-19 00:00:0020.3 18.4 20.8 20.3 1,006.2 0 89 87 102 1.4 94 0.7 84 1 101 1.5 117 3.1 6535 6713 18.8 19.4 18.8 20.7 22.2 22.9 23.4 -
2014-6-18 23:00:0020.8 18.6 21 20.8 1,006.3 0 87 86 85 2 76 1.1 89 1.3 107 1.8 95 4.5 7310 7629 19.4 19.9 19.4 21.1 22.5 23.1 23.6 -
2014-6-18 22:00:0020.9 18.5 21.1 20.9 1,006.7 0 86 83 121 1.7 125 1.2 109 1.4 100 1.8 93 3.9 9606 10022 19.8 20.1 19.8 21.4 22.8 23.4 23.7 -
2014-6-18 21:00:0021.1 18.1 21.5 21.1 1,006.1 0 83 80 112 2.6 116 1.6 95 1.1 95 2.1 101 4.1 16009 19465 20.1 20.4 20.1 21.8 23.2 23.7 23.9 -
2014-6-18 20:00:0021.5 18.1 22.1 21.5 1,005.4 0 81 76 93 3.4 91 2.1 96 2 102 2.6 108 4.9 29252 28874 20.5 21.5 20.5 22.4 23.7 24 24 -
2014-6-18 19:00:0022.1 17.7 22.6 22.1 1,004.9 0 76 75 100 3 97 2.1 93 2.1 98 2.3 95 4.7 35000 33602 21.5 23.8 21.5 23.4 24.3 24.2 24 -
2014-6-18 18:00:0022.6 18.4 22.8 22.4 1,004.7 0 77 76 91 2.4 100 1.3 75 1.3 95 2 101 4.2 22319 21913 23.8 25.2 23.8 24.3 24.6 24.3 24 -
2014-6-18 17:00:0022.5 18.9 22.6 22.5 1,004.9 0 80 79 98 3.3 103 2.1 89 1.9 81 2.1 83 4.5 17077 14920 24.5 25.3 24.5 24.7 24.8 24.3 24 -
2014-6-18 16:00:0022.6 19.2 23.4 22.6 1,005.2 0 81 77 56 1.4 79 1 81 1.6 85 2.2 83 4.4 14220 14170 25.1 26.8 25.1 25.2 25 24.4 24 -
2014-6-18 15:00:0023.3 19.2 23.9 23.3 1,005.4 0 78 73 56 2.7 57 1.2 66 1.5 108 2 91 4.1 14327 15821 26.9 29.4 26.2 25.7 25.1 24.3 23.9 -
2014-6-18 14:00:0023.6 18.7 23.7 23.5 1,005.6 0 74 71 96 2.4 95 1.8 96 1.6 90 1.6 88 3 19807 22701 28.4 28.6 26.5 25.6 25 24.2 23.7 -
2014-6-18 13:00:0023.6 18.5 23.9 23.5 1006 0 73 70 53 1.5 69 1.1 94 1.2 120 1.8 100 3.2 24905 26998 27.2 30.2 27.2 26 25.1 24 23.5 -
2014-6-18 12:00:0023.9 17.9 24.1 23.3 1,006.3 0 69 68 135 1.4 129 0.6 117 0.9 90 1.9 99 3.7 28517 29778 30.3 32.7 29.3 26.7 24.6 23.6 23.4 -
2014-6-18 11:00:0023.3 18.6 23.3 22.7 1,006.4 0 75 72 89 3.1 92 2.3 103 1.9 99 2 85 3.6 35000 35000 29.1 29.6 25.9 24.8 23.9 23.3 23.2 -
2014-6-18 10:00:0023.1 18.4 23.1 22.7 1,006.4 0 75 74 64 2.2 64 1.4 84 1.3 97 1.9 89 3.6 29016 35000 27.7 28.3 26.6 24.4 23.5 23 23.1 -
2014-6-18 9:00:0022.7 18 22.7 21.9 1,006.1 0 75 75 41 2.4 23 0.9 58 1 71 1.5 81 3 27420 33971 27.8 27.9 24 23.5 22.9 22.8 23.1 -
2014-6-18 8:00:0022 18.2 22.1 21.2 1006 0 79 77 95 2.3 98 1.7 80 1.2 86 1.4 96 2.8 35000 33147 24.8 25.1 22.9 22.7 22.5 22.7 23.1 -
2014-6-18 7:00:0021.2 18.4 21.2 20.5 1,005.5 0 84 83 78 1.7 58 0.8 58 0.8 75 1.3 100 2.5 31855 31942 22.8 22.8 20.8 21.7 22.3 22.7 23.2 -
2014-6-18 6:00:0020.5 18.4 20.6 20.5 1,005.2 0 88 88 52 0.5 41 0.3 40 0.6 81 1.1 57 2.7 12735 12020 20.7 20.7 20.3 21.4 22.3 22.8 23.3 -
2014-6-18 5:00:0020.5 18.8 20.8 20.5 1005 0 90 89 95 2.1 93 1.1 77 0.8 32 1.2 13 2.3 12751 12397 20.3 20.4 20.2 21.4 22.4 22.9 23.4 -
2014-6-18 4:00:0020.8 18.9 21.2 20.8 1,004.8 0 89 85 134 1 76 0.9 44 1.2 37 1.2 8 2.8 6047 7300 20.3 20.7 20.3 21.5 22.5 23 23.5 -
2014-6-18 3:00:0021.2 18.6 21.3 21.2 1,004.7 0 85 84 57 1.5 33 1.2 21 1.2 22 1.3 41 2.6 16258 15538 20.7 20.8 20.7 21.6 22.6 23.1 23.6 -
2014-6-18 2:00:0021.2 18.8 21.2 21.2 1,004.6 0 86 85 45 0.7 29 0.6 55 0.5 74 0.8 79 1.9 18102 15930 20.8 20.9 20.8 21.7 22.7 23.2 23.7 -
2014-6-18 1:00:0021.2 18.8 21.4 21.2 1,004.2 0 86 85 94 0.9 86 0.6 70 0.7 75 1.5 92 3.1 12583 13084 20.8 20.9 20.8 21.8 22.8 23.4 23.8 -
2014-6-18 00:00:0021.4 18.8 21.4 21.3 1,003.8 0 85 85 61 1.1 73 1 24 1.1 18 1.5 25 3 17955 19471 20.9 21 20.9 21.9 23 23.5 23.9 -
2014-6-17 23:00:0021.3 18.7 21.4 21.3 1004 0 85 84 96 1.5 87 0.9 77 1.1 37 1.3 56 3.6 25321 24207 21 21.1 21 22.1 23.2 23.7 24 -
2014-6-17 22:00:0021.3 18.7 21.3 21.2 1,003.8 0 85 85 69 1.3 39 1 41 1.2 44 1.5 352 4.3 16337 14352 21.1 21.3 21.1 22.3 23.4 23.9 24.2 -
2014-6-17 21:00:0021.3 19.4 21.9 21.3 1,003.5 0 89 85 336 1.5 38 1.1 41 1.5 14 2 20 3.9 7862 7312 21.3 21.6 21.2 22.6 23.7 24.1 24.3 -
2014-6-17 20:00:0021.9 19.3 22.2 21.9 1003 0 85 85 6 3.7 12 2 22 1.6 22 1.6 6 3.7 7223 8542 21.6 22.2 21.5 23 24 24.3 24.4 -
2014-6-17 19:00:0022.1 19.6 22.5 22.1 1,002.4 0 86 85 35 0.8 43 0.5 55 1 21 1.6 8 3.3 7999 7765 22.1 23 22.1 23.5 24.4 24.5 24.4 -
2014-6-17 18:00:0022.5 20 22.7 22.5 1,001.5 0 86 85 60 2.2 84 1.1 23 1.1 15 1.8 7 3.7 7000 7231 23 24.2 22.9 24.1 24.7 24.6 24.5 -
2014-6-17 17:00:0022.7 20.2 23.2 22.7 1,001.5 0 86 84 339 0.9 345 0.7 31 1.2 39 1.7 41 3.2 5497 5606 24.3 24.4 23.5 24.7 25 24.7 24.4 -
2014-6-17 16:00:0023.2 20.3 24.2 23.2 1,001.5 0 84 81 4 2.6 4 1.8 18 1.2 30 1.5 18 2.9 4940 4985 24.3 30.4 24.3 25.4 25.3 24.6 24.3 -
2014-6-17 15:00:0024.1 21 24.1 23.3 1,001.1 0 83 81 28 2.1 35 1.4 6 1.3 28 1.4 11 3 6255 6349 30.6 31.3 25.9 26 25 24.4 24.2 -
2014-6-17 14:00:0023.3 20.8 23.6 22.9 1,001.2 0 86 85 38 0.5 12 0.5 32 0.9 22 1.3 37 3 7989 7729 26.2 29.3 25.7 25.6 24.9 24.3 24.2 -
2014-6-17 13:00:0022.9 21.2 23.1 22.8 1,001.1 0.2 90 88 73 1.2 74 0.7 60 0.5 39 1.2 67 2.4 5376 5565 25.6 25.6 24.1 24.7 24.5 24.1 24.1 -
2014-6-17 12:00:0023 21.1 23.2 22.9 1,001.1 0.1 89 87 112 1 105 0.7 89 0.9 63 1.4 91 2.9 7209 8490 25.1 26.2 25.1 24.8 24.3 24 24.1 -
2014-6-17 11:00:0022.9 21 22.9 22.5 1,001.4 0 89 88 20 1.7 28 1 32 1.2 7 1.4 30 3.5 8420 8154 25.3 25.3 23.2 24 24 23.9 24.1 -
2014-6-17 10:00:0022.6 20.9 22.6 22.5 1,001.4 0 90 90 51 1.7 32 1.4 28 1.4 32 1.8 8 3.8 4053 4894 23.5 24 23.5 23.7 24 23.9 24.1 -
2014-6-17 9:00:0022.6 21.2 23 22.6 1,001.2 0 92 91 33 3.2 31 1.6 43 1.3 18 1.6 18 3.6 10992 9610 24.1 24.2 23.5 23.8 24 23.9 24.1 -
2014-6-17 8:00:0023 21.8 23.7 23 1,000.7 0.2 93 92 28 2.3 32 1.1 32 1.4 27 1.9 345 5 8659 7901 23.5 24 23.4 23.7 23.9 23.9 24.1 -
2014-6-17 7:00:0023.7 22.7 23.7 23.6 1,000.2 0 94 94 262 0.7 295 0.9 323 1.5 329 1.6 345 3.2 4800 5098 23.8 23.8 23.4 23.6 23.9 23.9 24.1 -
2014-6-17 6:00:0023.6 23.1 23.6 23.4 999.9 0.3 97 97 307 1.1 324 1 315 1.1 321 1.1 292 2.7 2258 1984 23.4 23.4 23.2 23.5 23.8 23.9 24.2 -
2014-6-17 5:00:0023.4 22.9 23.4 23.3 999.4 0 97 97 306 1.5 304 1 311 0.8 263 0.8 263 2.6 1569 1520 23.2 23.2 23.1 23.4 23.8 24 24.2 -
2014-6-17 4:00:0023.3 22.8 23.3 23.1 999.4 0 97 97 273 0.5 275 0.4 266 0.3 343 1.1 310 2.6 2413 2206 23.1 23.1 23 23.4 23.8 24 24.3 -
2014-6-17 3:00:0023.1 22.8 23.1 22.9 999.2 0.1 98 98 35 0.9 16 0.8 337 1.1 330 1.2 338 2.3 1425 1400 23 23 22.9 23.3 23.8 24 24.3 -
2014-6-17 2:00:0022.8 22.5 22.9 22.7 999.3 0.3 98 97 31 0.6 81 0.3 65 0.3 70 0.8 56 1.7 892 1036 22.9 22.9 22.8 23.3 23.9 24.1 24.4 -
2014-6-17 1:00:0022.7 22.2 22.7 22.6 999.8 0 97 97 359 0.7 349 0.3 67 0.5 88 0.8 88 1.4 1267 1097 22.8 22.8 22.7 23.3 23.9 24.1 24.4 -
2014-6-17 00:00:0022.6 22.1 22.6 22.5 1,000.6 0 97 97 84 0.5 76 0.5 76 0.4 92 1.4 83 2.5 1216 1252 22.7 22.7 22.6 23.3 23.9 24.2 24.5 -
2014-6-16 23:00:0022.5 22 22.5 22.4 1,001.1 0 97 97 94 1.9 81 0.9 75 1.1 92 1.4 88 3.1 1096 1089 22.6 22.6 22.4 23.3 24 24.3 24.6 -
2014-6-16 22:00:0022.4 21.9 22.4 22.3 1,001.9 0 97 96 99 1.5 107 1.2 95 1.2 94 2.1 98 4.7 1712 1730 22.4 22.4 22.2 23.3 24.1 24.4 24.7 -
2014-6-16 21:00:0022.3 21.6 22.3 22.2 1,002.2 0 96 95 105 3.6 91 2.2 96 1.9 102 3.1 93 6.6 2635 2491 22.2 22.2 22 23.4 24.2 24.5 24.8 -
2014-6-16 20:00:0022.3 21.5 22.6 22.3 1,001.9 0 95 91 110 4.3 105 2.7 99 2.5 97 3.5 91 7.1 2690 2614 22.1 22.8 22.1 23.6 24.4 24.6 24.9 -
2014-6-16 19:00:0022.6 21.1 23 22.6 1002 0 91 84 87 4.8 92 3.3 97 2.6 111 3.6 88 6.5 4940 6145 22.8 23.5 22.8 23.9 24.6 24.8 24.9 -
2014-6-16 18:00:0023 20 23.3 23 1,001.8 0 83 76 124 2.4 112 2 113 2.8 103 4.5 99 7.9 14267 14671 23.4 24.5 23.4 24.2 24.8 24.9 25 -
2014-6-16 17:00:0023.3 18.8 23.3 22.7 1,001.9 0 76 76 115 6.1 113 4.5 115 3.5 99 4.1 108 8.5 22095 21346 24.5 24.8 24.1 24.5 24.9 24.9 25 -
2014-6-16 16:00:0022.7 20 22.7 22.6 1002 0 85 84 118 5.1 111 2.8 101 3.1 107 3.8 89 7.3 13700 13829 24.3 24.7 24.2 24.7 25 25 25.1 -
2014-6-16 15:00:0022.6 20 22.6 22.4 1,002.5 0 85 85 102 5.7 106 4.2 107 3.8 108 4.2 115 8.8 16056 14633 24.6 25 24.1 24.8 25.1 25 25.1 -
2014-6-16 14:00:0022.6 20 22.9 22.6 1,003.2 0 85 83 96 5.6 107 4.3 103 4 97 4.3 97 8.6 8631 11973 24.2 25.1 24.2 24.9 25.1 25 25.1 -
2014-6-16 13:00:0022.9 20.6 23.2 22.9 1,003.7 0 87 85 109 3.9 111 3.6 104 4 106 4.6 120 9.4 12215 13754 24.8 25.7 24.8 25 25.1 25 25.2 -
2014-6-16 12:00:0023 20.7 23.9 23 1,004.1 0 87 80 103 5.1 106 3.5 114 3.5 109 4.4 113 8.3 10753 10090 24.6 25.7 24.5 24.9 25.1 25 25.2 -
2014-6-16 11:00:0023.9 20.6 23.9 23.7 1,004.8 0 82 82 102 4.7 105 3.5 107 3.9 99 4.2 112 7.9 17918 20221 25.1 25.3 24.7 24.8 25 25.1 25.2 -
2014-6-16 10:00:0023.7 21.2 24 23.7 1,004.8 0 86 84 88 7.2 77 2.7 100 3.8 105 4.2 101 7.8 16384 16482 25.1 26.1 24 24.7 25 25.1 25.3 -
2014-6-16 9:00:0024 21.1 24.1 23.7 1,004.9 0 84 84 94 3.3 101 3.2 98 3.3 93 3.9 91 7.5 17063 13861 26 26.3 24.8 24.9 24.9 25 25.3 -
2014-6-16 8:00:0023.7 21.4 23.7 23.5 1,005.2 0 87 87 100 3.9 88 2 92 2.7 81 3.2 96 6.4 14080 15645 24.7 24.7 23.4 24.2 24.8 25.1 25.4 -
2014-6-16 7:00:0023.5 21.6 23.5 23.4 1,005.3 0 89 88 86 5.1 79 3.1 83 2.3 84 2.3 75 6.1 11135 10616 23.9 24 23.6 24.1 24.8 25.2 25.5 -
2014-6-16 6:00:0023.4 21.5 23.4 23.3 1,005.1 0 89 89 83 1.7 82 1.4 83 2.2 86 2.4 81 5.5 8992 9204 23.7 23.7 23.3 24.1 24.9 25.3 25.7 -
2014-6-16 5:00:0023.4 21.7 23.4 23.4 1,004.9 0 90 89 80 3.2 84 1.5 82 1.7 98 2.6 95 5.6 8337 8644 23.3 23.3 23.1 24.1 25 25.4 25.8 -
2014-6-16 4:00:0023.3 21.6 23.3 23.3 1,004.6 0 90 88 87 3 82 2.1 87 2.4 92 2.6 97 4.7 9287 8893 23.3 23.3 23.1 24.1 25.1 25.6 25.9 -
2014-6-16 3:00:0023.3 21.2 23.3 23.3 1,004.8 0 88 87 79 4.4 86 2.6 91 2.4 95 2.5 105 5.5 11638 11608 23.2 23.2 22.9 24.2 25.2 25.8 26.1 -
2014-6-16 2:00:0023.3 20.8 23.4 23.3 1,005.1 0 86 85 93 4.1 91 2.8 86 2.1 95 2.9 94 5.6 13267 12994 23 23.2 23 24.3 25.5 26 26.3 -
2014-6-16 1:00:0023.4 20.9 23.5 23.3 1,005.4 0 86 85 94 4.2 90 2.3 94 2.9 99 3.2 92 6 9922 9501 23.2 23.3 23.2 24.5 25.7 26.2 26.5 -
2014-6-16 00:00:0023.3 20.8 23.3 23 1,006.1 0 86 86 79 1.4 86 1.2 87 1.6 93 2.4 82 5.1 7520 7651 23.3 23.3 22.9 24.7 26 26.5 26.8 -
2014-6-15 23:00:0023.1 20.6 23.3 23.1 1,006.6 0 86 85 77 3.6 82 1.8 77 1.9 77 1.9 67 4.1 8832 9127 22.9 23.1 22.7 24.9 26.4 26.9 27 -
2014-6-15 22:00:0023.3 20.6 23.9 23.3 1,006.9 0 85 83 75 2.7 71 1.5 71 1.5 80 1.9 96 4 9465 9242 22.9 23.9 22.9 25.5 26.9 27.2 27.2 -
2014-6-15 21:00:0024 20.9 24.6 24 1,007.1 0 83 65 59 1.7 69 1.1 76 1.2 109 2.1 108 4.2 8047 8844 23.9 24.6 23.9 26.2 27.5 27.6 27.4 -
2014-6-15 20:00:0024.5 17.7 25.3 24.4 1007 0 66 54 98 3.2 113 2.4 98 1.4 98 1.9 129 3.6 22204 20054 24.6 25.6 23.9 26.9 28.1 28.1 27.6 -
2014-6-15 19:00:0025.3 15.3 26.1 25.3 1,006.2 0 54 54 96 2.5 100 2 97 1.9 95 2.4 92 4.7 27863 27682 25.7 27.7 25.7 28 28.9 28.4 27.7 -
2014-6-15 18:00:0026.1 17.5 26.8 26.1 1,005.8 0 59 50 99 2.6 95 1.3 100 2 101 2 100 3.5 18427 18645 27.8 30 27.8 29.4 29.6 28.7 27.7 -
2014-6-15 17:00:0026.8 15.8 28 26.8 1,005.9 0 51 47 107 2.5 106 1.6 111 1.8 114 2.3 118 4.6 17956 19227 29.7 34.3 29.6 30.6 30.3 28.9 27.7 -
2014-6-15 16:00:0028 16.9 28.6 28 1,005.5 0 51 43 120 2.1 126 1.9 114 2.3 97 2.4 98 4.2 15494 15019 34 35.9 33.8 32 30.6 28.8 27.5 -
2014-6-15 15:00:0028.5 15.1 28.8 28.5 1,005.7 0 44 44 106 3.7 104 2.5 93 2.2 87 2.2 70 4.5 14910 18386 34.5 37.9 34.5 32.5 30.7 28.6 27.2 -
2014-6-15 14:00:0028.8 17 28.8 28.4 1,005.8 0 49 48 34 1.6 49 1.2 75 1.7 103 2.7 108 4.5 19852 17962 38 39.1 37 33.2 30.6 28.2 26.9 -
2014-6-15 13:00:0028.4 19.1 29.2 28.3 1,006.6 0 57 53 78 2.9 75 1.9 105 2.3 107 2.4 84 4.6 13802 14730 38.9 44.7 37.8 33.4 30.2 27.7 26.5 -
2014-6-15 12:00:0028.8 18.6 29.3 28.7 1,007.3 0 54 48 82 4.4 74 2.4 69 2.1 87 2.3 100 4.6 14201 13901 38.7 45.8 38.6 33.1 29.2 26.8 26.1 -
2014-6-15 11:00:0029 17.8 29 26.6 1,007.8 0 51 48 66 3.2 74 2 77 2 98 2.3 85 4.5 13347 14896 45.8 46.1 33.8 30.5 27.1 26.1 26 -
2014-6-15 10:00:0026.6 19.5 26.6 25.5 1,007.9 0 65 65 103 3.7 105 2.5 92 1.8 89 1.8 103 3.7 7501 6753 33.5 33.5 28.3 27.2 26.2 25.9 26 -
2014-6-15 9:00:0025.5 19.9 25.5 24.9 1,008.5 0 71 70 67 1.3 69 0.8 75 0.6 102 1.2 101 1.9 6422 6428 28.3 28.6 26.9 26 25.8 25.8 26 -
2014-6-15 8:00:0024.9 19.7 24.9 23.6 1,008.5 0 73 72 59 0.7 64 0.6 91 0.5 115 1.1 117 2.2 5972 5861 26.8 26.9 24.8 25.2 25.5 25.8 26.2 -
2014-6-15 7:00:0023.5 20.1 23.5 23.1 1,007.5 0 81 81 57 0.6 55 0.5 55 0.3 286 0.4 220 0.8 6229 5885 24.7 24.7 23 24.5 25.4 25.9 26.3 -
2014-6-15 6:00:0023.2 20.2 23.5 23.2 1,007.5 0 83 74 21 0.3 - 0.2 20 0.3 28 0.7 14 1.3 6101 6014 23 23.2 22.6 24.4 25.6 26.2 26.5 -
2014-6-15 5:00:0023.4 18.9 23.7 23.4 1,007.2 0 76 75 - 0.2 - 0 106 0.3 108 0.7 109 1.3 8248 8139 23.1 23.2 23.1 24.6 25.8 26.4 26.7 -
2014-6-15 4:00:0023.7 19.2 23.7 23.3 1,007.2 0 76 74 19 0.6 25 0.5 34 0.6 37 0.9 0 1.8 7610 7647 23.2 23.3 23.2 24.8 26.1 26.7 27 -
2014-6-15 3:00:0023.5 18.8 23.8 23.5 1,006.9 0 75 73 - 0.1 - 0.2 99 0.3 52 0.6 61 1.1 9770 9144 23.3 23.6 23.3 25.2 26.5 27 27.2 -
2014-6-15 2:00:0023.8 18.7 24.5 23.8 1,007.2 0 73 70 58 0.8 66 0.6 78 0.4 194 0.8 175 1.3 8272 8048 23.6 24.1 23.6 25.5 26.8 27.3 27.4 -
2014-6-15 1:00:0024.5 18.9 24.8 24.5 1,007.1 0 71 70 192 0.9 195 0.4 197 0.7 213 1.1 223 2.2 7782 7763 24.1 24.4 24.1 25.8 27.2 27.6 27.7 -
2014-6-15 00:00:0024.8 19.6 25.2 24.8 1,007.5 0 73 69 218 1.4 199 0.8 214 0.8 179 1.6 192 3.7 6879 6922 24.4 24.7 24.4 26.2 27.6 28 28 -
2014-6-14 23:00:0025.1 19.2 25.7 25.1 1,007.8 0 70 63 179 1.6 176 0.7 167 0.9 142 1.7 138 3 6568 6605 24.5 24.8 24.4 26.7 28.2 28.5 28.3 -
2014-6-14 22:00:0025.7 17.9 25.8 25.5 1,008.2 0 62 62 143 2.2 135 1.4 138 1.4 153 1.6 146 3.3 7597 7252 24.9 25.4 24.9 27.4 28.9 29 28.6 -
2014-6-14 21:00:0025.5 19.2 27.1 25.5 1,007.9 0 68 62 129 1.9 123 1 123 0.7 116 1.6 82 2.7 6959 7175 25.1 26.2 25 28.1 29.7 29.6 28.9 -
2014-6-14 20:00:0027.1 18.9 28.7 27 1,007.4 0 61 45 100 1.4 100 1.3 121 1.5 143 1.6 152 3.5 8196 8045 26.3 27.9 26.3 29.4 30.7 30.2 29.1 -
2014-6-14 19:00:0028.7 15.6 29.8 28.7 1,007.2 0 45 41 109 2.2 125 1.7 141 1.6 155 1.9 145 4.3 8335 8418 27.9 31.2 27.9 31.2 32 30.8 29.2 -
2014-6-14 18:00:0029.8 15.1 30.8 29.8 1007 0 41 40 193 2.5 177 1.7 140 1.7 156 2.1 201 4.1 8833 8896 31.3 36.9 31.3 33.5 33.2 31.1 29.1 -
2014-6-14 17:00:0030.7 15.9 31.5 30.7 1,006.8 0 41 40 141 2.2 124 2 144 2 140 2.4 114 4.5 7777 8443 36.1 40.6 35.9 35.7 34 31.2 28.8 -
2014-6-14 16:00:0031.6 17.5 32.3 31.6 1,006.5 0 43 42 148 3.2 130 2.4 121 1.9 91 2.4 75 4.1 9805 8429 40.8 44.9 40.8 37.4 34.5 31 28.4 -
2014-6-14 15:00:0032.1 18.3 33.1 32 1,006.4 0 44 43 85 3.1 88 2.5 93 2.1 84 2.8 92 5.8 7616 8189 43.7 48.3 43.7 38.5 34.6 30.5 27.8 -
2014-6-14 14:00:0032.8 18.6 33.3 32.8 1,006.4 0 43 35 51 2.1 73 2.1 69 2.2 76 2.4 104 5.4 6812 6811 47 51.9 46.3 39.3 34.1 29.6 27.1 -
2014-6-14 13:00:0033.1 16 33.3 32.1 1,006.9 0 36 35 95 2.9 92 2.4 104 2 104 2 105 3.5 8575 7992 51.1 53.2 50.5 39.1 32.7 28.4 26.3 -
2014-6-14 12:00:0032.3 17.4 32.4 31.2 1,007.3 0 41 39 131 2.2 134 1.8 157 0.7 138 1.5 161 2.9 7387 7085 51.3 51.9 46.2 36.9 30.7 27.2 25.7 -
2014-6-14 11:00:0031.4 17.7 31.4 30.1 1,007.7 0 44 42 168 1.5 163 1.4 214 1.2 201 1.3 213 2.8 7556 8333 46.4 47 43.7 33.8 28.7 26.1 25.3 -
2014-6-14 10:00:0030.1 17.9 30.1 27.9 1008 0 48 47 184 1.8 195 1.3 215 1.1 227 1.5 274 3 7487 7743 43.3 43.3 35.8 30.6 26.7 25.2 25.1 -
2014-6-14 9:00:0027.9 19.7 27.9 25.4 1,008.1 0 61 60 229 2.4 225 1.8 227 1.2 227 1.2 229 2.4 5061 5061 36.1 36.1 29.1 27 25.2 24.8 25 -
2014-6-14 8:00:0025.3 19.9 25.3 23.7 1,008.2 0 72 72 222 1.2 233 0.7 251 0.3 251 0.3 222 1.2 4035 3932 29 29 25.2 24.7 24.5 24.7 25.1 -
2014-6-14 7:00:0023.7 19.8 23.7 22 1,007.9 0 79 79 - 0 - 0 - 0 - 0.2 236 0.6 3846 3710 25.2 25.2 22.8 23.7 24.2 24.7 25.2 -
2014-6-14 6:00:0021.9 19.8 21.9 21.3 1,007.8 0 88 85 - 0 - 0 - 0 - 0.1 - 0.2 3881 3907 22.8 22.8 21.2 22.9 24.1 24.9 25.4 -
2014-6-14 5:00:0021.3 19 21.3 21.1 1,007.4 0 87 85 - 0 - 0 - 0 - 0 - 0.2 3627 3582 21.2 21.2 20.5 22.7 24.2 25.1 25.7 -
2014-6-14 4:00:0021.2 18.6 22 21.2 1,007.1 0 85 79 - 0.2 - 0 - 0 - 0.1 315 0.3 3877 4018 20.6 20.6 20.3 22.7 24.5 25.4 25.9 -
2014-6-14 3:00:0022 18.2 22.3 22 1,007.1 0 79 77 - 0 - 0 - 0 234 0.4 194 1.5 4743 4909 20.5 21 20.5 23.1 24.9 25.8 26.2 -
2014-6-14 2:00:0022.4 18.4 23.2 22.3 1007 0 78 76 258 0.5 - 0.2 - 0.2 215 0.3 210 1.3 4841 5033 21 21.5 20.9 23.6 25.4 26.1 26.5 -
2014-6-14 1:00:0023.2 18.7 24.1 23.2 1,007.3 0 76 72 - 0.1 - 0 - 0.1 183 1 202 1.9 4871 4628 21.5 22.4 21.5 24.2 25.9 26.5 26.8 -
2014-6-14 00:00:0024.1 18.7 24.6 24.1 1,007.9 0 72 69 167 2 166 1.2 188 1 192 1.6 195 4.4 4890 4815 22.4 23.1 22.3 24.8 26.4 26.9 27 -
2014-6-13 23:00:0024.6 18.5 25.4 24.6 1,008.1 0 69 61 185 2.8 183 1.5 205 1.2 212 1.4 210 3.4 4930 5139 23.1 24 23.1 25.4 27 27.4 27.3 -
2014-6-13 22:00:0025.3 17.2 25.9 25.3 1,008.3 0 61 54 216 1.6 212 1.3 214 1.1 206 1.2 204 2.8 6378 6504 24 24.5 23.9 26.1 27.6 27.8 27.6 -
2014-6-13 21:00:0025.9 15.6 26.4 25.9 1,007.9 0 53 51 208 1.6 219 0.6 217 0.8 204 1.4 214 3 8414 8676 24.5 25.4 24.5 26.9 28.3 28.3 27.8 -
2014-6-13 20:00:0026.4 15.5 27 26.3 1,007.2 0 51 50 203 2.3 190 1.2 204 1.3 200 1.3 196 3.2 10659 10443 25.4 26.8 25.4 27.9 29.1 28.8 28 -
2014-6-13 19:00:0027 15.7 27.7 26.9 1,006.8 0 50 48 127 1.4 135 1.2 157 1.1 148 1.9 143 3.7 10026 10281 26.8 28.6 26.8 29.2 30.1 29.3 28.2 -
2014-6-13 18:00:0027.7 16 28.7 27.7 1,006.1 0 49 48 116 3.5 138 1.9 126 1.4 182 2.3 174 4.7 9777 9698 28.7 32.5 28.7 30.9 31.1 29.7 28.2 -
2014-6-13 17:00:0028.7 16.6 29.4 28.6 1,005.4 0 48 47 175 3.1 183 2 182 1.9 168 2.6 168 5.3 8377 8843 32.7 36.3 31.8 32.5 31.9 29.9 28.1 -
2014-6-13 16:00:0029.3 17.5 31 29.2 1,005.4 0 49 43 182 3.4 177 2.9 175 1.5 131 3.2 99 8.2 8134 7591 36 39.9 34.8 34.1 32.6 29.9 27.8 -
2014-6-13 15:00:0031.1 16.7 31.3 30.8 1,005.3 0 42 39 99 2 93 0.6 95 1 136 1.4 130 2.4 7091 7090 40.3 43.7 40 36 32.9 29.7 27.4 -
2014-6-13 14:00:0030.9 16.9 31.5 30.6 1,005.6 0 43 39 237 0.9 238 0.8 199 0.9 190 1.5 230 3 6966 6996 42 50 41.3 36.5 32.9 29.2 26.8 -
2014-6-13 13:00:0031.4 16.6 31.4 30.3 1006 0 41 40 214 0.5 225 0.3 143 0.8 172 1.8 313 3.7 7070 7264 50.2 50.2 45.3 37.3 32.2 28.3 26.2 -
2014-6-13 12:00:0030.7 16.7 30.7 29.7 1,006.8 0 43 42 106 2 85 1.6 210 1.2 239 1.9 224 3.7 6917 7350 49.5 49.6 46.4 36.7 31 27.2 25.5 -
2014-6-13 11:00:0029.7 17.2 29.7 28.6 1007 0 47 45 169 2.3 196 1.6 177 1 206 1.9 224 3.8 6976 7066 48.3 48.8 43.7 34.7 29 26 25 -
2014-6-13 10:00:0028.8 18 28.8 27.1 1,007.2 0 52 52 188 3.8 196 2.2 205 1.6 205 1.6 188 3.8 7249 6632 44.5 44.7 36.3 31.2 26.9 25.1 24.7 -
2014-6-13 9:00:0027.5 17.9 27.5 25.8 1,007.2 0 56 56 210 2.2 207 1.7 202 1.1 233 1.8 222 3.5 5987 5558 41 41.4 33.3 28.7 25.3 24.4 24.5 -
2014-6-13 8:00:0025.8 18.2 25.8 23.5 1,007.1 0 63 61 211 2 204 1.1 202 1.2 210 1.4 201 2.7 6023 6317 33.3 33.4 27.1 25.4 23.9 24 24.6 -
2014-6-13 7:00:0023.4 17.8 23.4 20.5 1,006.9 0 71 71 259 1 272 0.3 236 0.5 220 0.7 203 1.2 5866 5425 27.3 27.3 21.7 22.7 23.1 24 24.7 -
2014-6-13 6:00:0020.5 19.2 20.5 19.4 1,006.5 0 92 92 - 0.1 - 0 - 0 - 0.2 247 0.7 3231 3281 21.6 21.6 18.3 21.4 23 24.2 25 -
2014-6-13 5:00:0019.5 18 20.4 19.5 1,006.4 0 91 87 - 0 - 0 - 0 244 0.7 248 1.5 2779 2910 18.3 18.5 18.1 21.1 23.3 24.5 25.3 -
2014-6-13 4:00:0020.3 18.1 20.4 20.2 1,006.4 0 87 87 253 1.2 249 0.6 242 0.6 256 0.9 247 2.2 4298 4041 18.5 18.7 18.5 21.5 23.7 24.9 25.6 -
2014-6-13 3:00:0020.4 18.2 20.5 20.3 1,006.4 0 87 85 - 0 - 0.2 240 0.3 188 0.5 195 1.6 3131 3108 18.8 19.1 18.7 21.9 24.2 25.3 25.9 -
2014-6-13 2:00:0020.6 18 21.1 20.6 1,006.3 0 85 83 221 0.3 - 0.1 - 0.2 233 0.9 224 2.3 3456 3501 19.2 19.8 19.2 22.5 24.7 25.7 26.3 -
2014-6-13 1:00:0021.1 18.3 21.1 20 1,006.6 0 84 84 262 1 247 0.7 218 0.8 194 1.4 182 3.1 3286 3273 19.8 20 19.7 23 25.2 26.2 26.6 -
2014-6-13 00:00:0020 18.5 20.5 20 1,006.9 0 91 88 149 0.8 151 0.3 - 0.1 32 0.4 202 0.9 2844 3061 19.8 20.5 19.8 23.6 25.9 26.8 27 -
2014-6-12 23:00:0020.5 18.6 21.2 20.5 1,007.1 0 89 84 36 0.5 35 0.4 34 0.4 38 0.7 38 1.3 3420 3603 20.5 21.4 20.5 24.4 26.6 27.3 27.3 -
2014-6-12 22:00:0021.2 18.4 21.8 21.2 1007 0 84 80 26 0.9 27 0.6 39 0.5 128 0.6 122 1.6 4701 4649 21.4 22.3 21.4 25.4 27.5 28 27.7 -
2014-6-12 21:00:0021.9 18.3 23.1 21.9 1007 0 80 70 67 0.4 - 0.1 - 0.2 103 1.3 92 2 5627 5908 22.3 23.5 22.3 26.4 28.5 28.6 28 -
2014-6-12 20:00:0023.2 17.4 24.5 23.2 1,006.1 0 70 59 96 1.8 99 1.2 104 1.2 75 1.4 28 3 8345 8441 23.5 25.5 23.5 27.9 29.7 29.3 28.2 -
2014-6-12 19:00:0024.6 16.1 25.5 24.6 1,005.7 0 59 58 83 2.5 77 1.6 67 1.5 67 2.4 81 5.4 10864 10965 25.5 29.6 25.5 29.9 31 29.9 28.3 -
2014-6-12 18:00:0025.4 18.3 27.6 25.4 1,004.9 0 65 49 89 3.3 88 1.3 80 1.8 81 2.3 79 5.3 9743 9709 29.6 35 29.5 32.5 32.3 30.3 28.2 -
2014-6-12 17:00:0027.5 16.2 28 27.5 1,004.7 0 50 47 348 4.6 350 2.8 45 1.9 43 2.2 12 5.2 10644 11407 34.4 40.2 34.4 34.9 33.2 30.4 28 -
2014-6-12 16:00:0028 16.3 28.5 27.6 1,004.6 0 49 47 37 3.4 31 2 34 1.4 41 2.5 343 5.2 10969 11241 39.7 44.9 38.2 36.5 33.6 30.1 27.5 -
2014-6-12 15:00:0028.4 16 28.7 27.9 1,004.6 0 47 44 28 2.9 20 1.6 47 1.7 33 2.3 52 5 10818 11115 45.3 46.9 43.8 37.8 33.5 29.5 27 -
2014-6-12 14:00:0027.9 16.2 28.3 27.3 1005 0 49 44 50 1.5 48 1.6 34 2.4 29 2.4 3 6 11207 10843 43.8 48.9 41.5 37.7 32.9 28.7 26.3 -
2014-6-12 13:00:0027.9 15.9 27.9 27 1,005.4 0 48 47 4 2.5 22 1.7 5 2.2 359 2.3 5 5.7 10065 9486 46.1 49.7 44.5 37.5 31.8 27.7 25.6 -
2014-6-12 12:00:0027.3 17.8 27.3 26.3 1,005.8 0 56 53 284 2.7 266 1 309 1.7 51 2.4 51 4.7 8662 9436 48 49.5 42.2 36 30.2 26.6 25 -
2014-6-12 11:00:0026.5 17.3 26.6 25.7 1,006.1 0 57 56 29 5 32 2.7 57 2.4 57 2.4 76 5.8 10151 8714 43.9 44.7 40.9 33.6 28.3 25.5 24.5 -
2014-6-12 10:00:0025.6 17.5 25.8 24.9 1,006.2 0 61 60 296 2 350 1.3 37 1.9 33 2.3 13 4.8 9311 8240 41.5 42.3 36.8 30.9 26.4 24.6 24.2 -
2014-6-12 9:00:0024.8 18 24.9 23.4 1,006.4 0 66 65 101 1.8 86 1.7 70 1.3 64 1.8 95 4.6 7839 7819 37.1 37.3 30.5 27.5 24.7 24 24.1 -
2014-6-12 8:00:0023.3 18.6 23.4 22.4 1,006.5 0 75 73 20 1.7 146 1.2 353 1.3 41 1.5 28 3.1 5809 5588 30.3 30.7 25 24.5 23.6 23.7 24.2 -
2014-6-12 7:00:0022.4 19.4 22.4 21.1 1,006.4 0 83 83 15 0.8 31 0.5 48 0.8 44 1.1 40 2.4 3923 3957 24.9 25 22.1 22.7 23.1 23.7 24.3 -
2014-6-12 6:00:0021 19.8 21 19.8 1,005.9 0 93 93 26 1.5 56 0.7 67 0.5 52 0.7 49 1.7 5100 5133 22.1 22.1 19.3 21.7 23 23.9 24.5 -
2014-6-12 5:00:0019.9 19.2 20.1 19.8 1,005.7 0 96 95 - 0 - 0 - 0 - 0.2 69 0.6 3783 4231 19.2 19.5 19.2 21.5 23.3 24.2 24.8 -
2014-6-12 4:00:0020.1 19.3 20.5 20.1 1,005.5 0 95 93 - 0 - 0 - 0 42 0.4 31 0.9 4233 4336 19.4 20.7 19.4 22 23.6 24.5 25 -
2014-6-12 3:00:0020.2 19.4 20.2 19.8 1,005.6 0 95 95 49 0.3 - 0.1 54 0.3 42 0.3 53 0.8 5882 5823 20.4 20.4 19.9 22.2 23.9 24.8 25.3 -
2014-6-12 2:00:0019.8 19.1 20.1 19.6 1,005.6 0 96 93 - 0 - 0 - 0.2 51 0.3 59 0.8 5125 5184 19.9 19.9 19.2 22.2 24.3 25.2 25.6 -
2014-6-12 1:00:0020.1 18.9 20.7 20.1 1,005.9 0 93 91 - 0 - 0 - 0 - 0.2 59 0.6 5358 5510 19.7 21.1 19.7 22.9 24.9 25.6 25.9 -
2014-6-12 00:00:0020.7 19.2 21.5 20.7 1,006.3 0 91 87 - 0 - 0 - 0 77 0.5 90 1.4 7012 6824 21 21.8 20.7 23.6 25.4 26 26.2 -
2014-6-11 23:00:0021.5 19.2 21.8 21.5 1,006.6 0 87 85 112 0.8 84 0.4 74 0.6 107 1.2 128 1.7 8271 8611 21.8 22.3 21.8 24.4 26 26.5 26.5 -
2014-6-11 22:00:0021.8 19.2 22 21.8 1,006.3 0 85 84 115 1.9 115 1.1 104 1.2 88 1.7 89 3.7 7418 7662 22.3 22.7 22.3 25 26.7 27 26.8 -
2014-6-11 21:00:0022 19.2 22.2 22 1,006.3 0 84 82 61 2.3 74 1.5 80 1.6 87 1.7 66 3.4 9288 9196 22.6 22.9 22.5 25.7 27.5 27.6 27.1 -
2014-6-11 20:00:0022.3 19.1 23.2 22.3 1,005.8 0 82 76 76 1.9 74 1.1 78 1.6 91 1.8 91 4.3 14751 14545 22.9 24.5 22.9 26.9 28.6 28.3 27.3 -
2014-6-11 19:00:0023.2 18.7 24.6 23.2 1,005.5 0 76 70 76 2.8 79 1.7 85 1.8 90 2.6 94 4.6 16554 16637 24.5 28 24.5 28.8 29.9 28.8 27.3 -
2014-6-11 18:00:0024.6 19 25.6 24.6 1005 0 71 64 68 2.3 73 1.8 79 1.8 96 2.1 90 4.6 15868 16619 28 34 28 31.3 31.2 29.2 27.2 -
2014-6-11 17:00:0025.6 18.5 26.6 25.6 1,004.7 0 65 59 85 1.3 97 1.2 98 2.1 101 2.5 112 4.4 17043 17152 33.8 38.9 33.7 33.7 32 29.1 26.9 -
2014-6-11 16:00:0026.4 18 26.9 26.4 1,005.2 0 60 55 14 1.4 45 1.3 62 1.7 81 2.2 79 4.5 21811 17703 38.3 43.4 38.2 35.3 32.2 28.8 26.5 -
2014-6-11 15:00:0026.7 16.9 26.8 26.1 1,005.6 0 55 55 19 2.1 24 1.2 48 2 73 2.4 81 5.1 19046 19542 42.4 44.2 37.9 35.8 32 28.2 25.9 -
2014-6-11 14:00:0026.4 18 27 26.2 1,006.2 0 60 55 65 3.6 72 2 70 2.2 85 2.5 81 5.1 28087 20003 43 49.4 40.6 36.4 31.4 27.3 25.3 -
2014-6-11 13:00:0026.5 17 26.5 25.6 1,006.3 0 56 56 345 0.9 347 0.9 32 1.9 85 2.2 72 5 21576 22470 47.7 47.7 40.5 35.2 29.7 26.2 24.7 -
2014-6-11 12:00:0025.9 17.3 25.9 25.1 1,006.9 0 59 59 39 2.2 54 1.8 73 1.6 99 2.2 78 5 19712 23956 43.9 44.9 38 32.7 28.1 25.3 24.2 -
2014-6-11 11:00:0025.2 17.4 25.4 24.6 1,007.2 0 62 61 84 3.3 84 2.2 82 1.9 88 2.9 91 6.4 19377 23547 39 41.8 35.1 30.4 26.4 24.5 23.9 -
2014-6-11 10:00:0024.6 17.3 24.6 23.8 1,007.4 0 64 64 354 3 7 1.7 52 1.9 76 2.2 85 5.4 24917 21696 38 38 29.9 27.7 25.1 23.9 23.7 -
2014-6-11 9:00:0023.8 17.8 24.3 23.2 1,007.2 0 69 66 87 2 51 1.1 68 1.9 75 2.5 80 5.6 24420 21335 32.7 35.2 28.1 26.5 24 23.4 23.6 -
2014-6-11 8:00:0023.2 18.3 23.2 22.4 1,007.1 0 74 73 48 3.4 39 2.1 47 1.8 60 2.1 87 4.8 13683 13588 27.4 29.2 24.7 23.7 23 23.2 23.7 -
2014-6-11 7:00:0022.3 18.7 22.3 20.7 1,006.6 0 80 79 67 2.7 77 1.7 60 1.7 53 1.7 90 4.1 13817 13388 24.8 24.8 21 22.1 22.6 23.3 23.9 -
2014-6-11 6:00:0020.7 18.8 20.7 20.3 1,006.3 0 89 89 49 1.1 48 0.4 72 0.5 73 0.8 87 1.7 12262 10137 20.9 20.9 18.9 21.1 22.6 23.5 24.1 -
2014-6-11 5:00:0020.4 18.9 20.9 20.3 1006 0 91 88 70 1.1 75 0.7 49 0.6 58 1.1 43 2.3 8315 8462 18.9 19.5 18.7 21.1 23 23.8 24.3 -
2014-6-11 4:00:0020.9 18.8 21.3 20.9 1,005.9 0 88 86 90 1.5 85 0.8 56 0.6 79 1.1 46 2.9 9017 9318 19.5 20.4 19.5 21.8 23.4 24.1 24.5 -
2014-6-11 3:00:0021.4 19.1 22 21.3 1,006.1 0 87 84 55 1.5 75 0.6 80 1.1 32 1.4 76 3.3 9608 9911 20.4 21.5 20.4 22.3 23.8 24.4 24.7 -
2014-6-11 2:00:0022 19.2 22.1 21.8 1006 0 84 84 307 1.2 343 0.6 14 1.1 25 1.7 23 3.8 10429 10497 21.5 22 21.4 23 24.2 24.7 24.9 -
2014-6-11 1:00:0021.8 19.5 22 21.8 1,006.3 0 87 86 87 1.5 92 0.8 77 0.7 72 1.3 86 3.2 8341 8776 22 22.2 21.9 23.3 24.5 24.9 25.1 -
2014-6-11 00:00:0022 19.7 22.1 21.9 1,006.9 0 87 87 66 1.7 82 0.7 78 1 84 1.6 94 3.4 7452 7270 22.2 22.3 22 23.6 24.8 25.3 25.4 -
2014-6-10 23:00:0021.9 19.8 22 21.7 1007 0 88 86 89 1.9 83 1.1 74 0.9 77 1.6 74 3.9 6814 6942 22.3 22.3 21.6 23.7 25.2 25.7 25.7 -
2014-6-10 22:00:0021.8 19.7 21.9 21.8 1,007.4 0 88 86 59 1.4 63 0.8 77 1 68 1.1 67 2.6 7509 7566 22 22.3 21.6 24.1 25.8 26.2 25.9 -
2014-6-10 21:00:0021.9 19.5 22 21.8 1,007.3 0 86 82 24 2.9 43 1.3 70 1 75 1.3 73 3 7518 7476 22.3 22.8 21.9 24.9 26.6 26.7 26.2 -
2014-6-10 20:00:0022 18.8 22.3 21.9 1,006.8 0 82 78 115 2.7 110 0.9 80 1.1 70 1.5 86 3.3 9766 9552 22.8 23.6 22.5 25.9 27.6 27.3 26.4 -
2014-6-10 19:00:0022.4 18.2 23.3 22.4 1,006.5 0 77 75 80 2.6 66 1.7 69 1.5 87 2.7 80 6 12551 13278 23.6 27.1 23.6 27.7 28.8 27.9 26.5 -
2014-6-10 18:00:0023.3 18.6 24.5 23.3 1006 0 75 68 89 4.1 84 2.3 81 2.4 87 2.7 94 5.3 16507 17659 27.1 31.8 27 29.9 30 28.2 26.4 -
2014-6-10 17:00:0024.4 18.6 25.5 24.4 1,005.6 0 70 66 75 2.6 80 2.5 82 2.5 64 2.8 78 6.2 22115 23269 31.6 36.7 31.2 32.2 31 28.3 26.1 -
2014-6-10 16:00:0025.5 18.7 26.5 25.5 1,005.6 0 66 63 25 5.7 34 2.9 56 2.7 91 3.1 69 6.5 17748 18618 35.4 41.5 35.4 34.4 31.4 27.9 25.6 -
2014-6-10 15:00:0026.4 20 27 26 1,005.8 0 68 62 85 6.2 92 3.3 92 3.1 93 3.1 85 6.2 21452 19833 41.2 45.3 38.7 35.7 31.2 27.2 24.9 -
2014-6-10 14:00:0026.9 19.5 27 26.2 1,005.6 0 64 62 116 2.9 87 1.5 66 2.1 69 2.7 86 6.6 20752 20133 45 46.2 41.7 35.6 30 26.2 24.3 -
2014-6-10 13:00:0026.2 20.3 26.7 25.9 1006 0 70 66 81 4 74 2.4 64 2.5 83 2.9 101 6.2 17595 18240 43 46.2 38.3 33.8 28.7 25.1 23.6 -
2014-6-10 12:00:0026.6 19.7 26.6 25.3 1,006.4 0 66 66 357 2.3 9 1.4 62 2.1 91 3.1 95 6 14530 14687 45.1 46.1 37.1 32.3 26.6 23.9 23.2 -
2014-6-10 11:00:0025.3 20.7 25.3 24.1 1,006.8 0 76 73 63 4.2 77 2.2 95 2.6 99 2.7 105 5.2 13756 15136 37.7 38.9 34.2 28.1 24.4 23.1 23 -
2014-6-10 10:00:0024 20.1 24 22.4 1,006.9 0 79 78 90 1.8 67 1.3 55 1.4 61 2.1 64 4.2 10135 10702 34.7 34.7 24.3 24.2 23 22.7 22.9 -
2014-6-10 9:00:0022.4 20.1 22.4 21.9 1,007.3 0 87 86 67 2.5 70 1.8 74 1.5 80 2.3 91 5.3 9611 8449 24.4 24.8 22.9 22.9 22.6 22.6 22.9 -
2014-6-10 8:00:0021.9 20.4 21.9 21.5 1,006.8 0.1 91 90 15 1.5 63 1 71 1.7 84 2 89 4.3 6457 6660 22.8 23.4 21.3 22.2 22.3 22.6 23 -
2014-6-10 7:00:0021.5 20.1 21.5 21.2 1,006.6 0 92 90 70 1.8 72 1.2 70 1.3 97 1.8 45 3.8 5260 5974 21.2 21.2 20.7 21.4 22.1 22.6 23.1 -
2014-6-10 6:00:0021.2 19.7 21.2 21 1,006.4 0 91 90 90 1.4 83 0.7 88 0.7 48 0.9 22 2.2 7591 7728 20.7 20.7 20.3 21.2 22.2 22.7 23.2 -
2014-6-10 5:00:0021 19.5 21 20.8 1006 0 91 91 42 1.1 25 0.7 48 0.8 89 1 142 2.9 5700 5865 20.3 20.5 20.2 21.2 22.3 22.9 23.4 -
2014-6-10 4:00:0020.8 19.3 20.8 20.7 1,005.7 0 91 90 98 1.1 88 0.6 74 0.7 87 0.8 71 2.4 7709 7833 20.2 20.3 19.8 21.2 22.4 23 23.5 -
2014-6-10 3:00:0020.7 19 20.7 20.6 1006 0 90 89 33 1.5 30 0.8 40 0.7 107 1.2 69 2.2 11389 11903 19.8 19.9 19.7 21.2 22.6 23.3 23.7 -
2014-6-10 2:00:0020.7 18.8 20.9 20.7 1,005.6 0 89 87 90 0.9 114 0.5 108 1.2 94 1.7 93 3.2 11653 11675 19.9 20.1 19.8 21.4 22.8 23.5 24 -
2014-6-10 1:00:0020.9 18.7 21 20.8 1,006.1 0 87 86 98 2.3 101 1.6 94 1.7 110 1.7 105 3.6 11521 12156 20 20.2 19.9 21.7 23.2 23.8 24.2 -
2014-6-10 00:00:0021 18.6 21.5 21 1,006.6 0 86 83 114 3 108 1.6 105 1.6 116 2.3 90 4.3 11811 12146 20.2 21.1 20.2 22.1 23.6 24.1 24.4 -
2014-6-9 23:00:0021.5 18.5 21.6 21.4 1,007.2 0 83 82 156 2.3 152 1.7 126 1.6 108 2.8 107 5.2 13247 13357 21.1 21.6 20.9 22.6 24 24.5 24.6 -
2014-6-9 22:00:0021.5 18.7 21.5 21.4 1,007.3 0 84 84 92 3.8 102 2.6 102 2.3 104 3.1 109 5.5 12735 11905 21.4 21.5 21.2 23 24.4 24.8 24.8 -
2014-6-9 21:00:0021.5 18.7 21.8 21.5 1007 0 84 83 98 5.2 94 3.7 96 2.8 104 2.8 96 5.4 12279 11357 21.3 22.1 21.3 23.6 25.1 25.3 25 -
2014-6-9 20:00:0021.8 18.8 22.4 21.8 1,006.9 0 83 81 92 3 91 2 99 2.5 99 3.5 110 7.1 13312 12969 22.1 23.3 22.1 24.6 25.8 25.7 25.2 -
2014-6-9 19:00:0022.4 19 23 22.4 1,006.2 0 81 77 102 5.1 96 3.3 96 2.6 94 3.2 91 5.9 13232 13237 23.2 25.5 23.2 25.8 26.6 26.1 25.3 -
2014-6-9 18:00:0023 18.8 23.4 23 1006 0 77 74 77 4.8 83 2.7 91 3 97 3.6 89 8.2 16823 19068 25.3 27.4 25.3 27.1 27.4 26.4 25.2 -
2014-6-9 17:00:0023.4 19.1 24.2 23.4 1,005.7 0 77 72 108 3.9 112 3.2 105 3.1 101 3.4 85 6.9 19095 16509 27.4 31.6 27.4 28.8 28.1 26.5 25.1 -
2014-6-9 16:00:0024.2 19.1 24.8 24.2 1,005.7 0 73 69 103 5.2 106 2.8 95 3.2 106 3.6 113 8.2 21516 17183 30.6 34.4 29.2 30.2 28.5 26.3 24.8 -
2014-6-9 15:00:0024.7 19.1 25.6 24.5 1,005.7 0 71 68 96 4.3 96 3.2 96 3.4 112 4.1 119 6.9 15306 15400 34 37 32.4 30.9 28.5 26 24.5 -
2014-6-9 14:00:0025.6 19.5 25.7 25 1,005.7 0 69 64 60 3.4 55 1.9 80 2.5 102 3.4 84 6.3 14764 13823 36.7 39.1 34.5 31.4 28.2 25.5 24 -
2014-6-9 13:00:0025.5 18.9 25.8 25.1 1,006.3 0 67 65 127 2.1 123 1.9 102 2.5 109 3.1 119 5.4 12120 14517 37.8 40.2 35.4 31.3 27.3 24.8 23.6 -
2014-6-9 12:00:0025.1 18.8 26 24.8 1,006.9 0 68 65 98 4 92 2.6 107 3 99 3.2 84 5.8 12464 10997 37.3 42.2 34.2 30.2 26.2 24 23.3 -
2014-6-9 11:00:0025.1 19 25.1 24.3 1,007.5 0 69 66 16 2.1 46 1.4 99 2.3 105 2.8 98 5.8 12286 10969 36 36.2 32.3 28 25 23.4 23 -
2014-6-9 10:00:0024.2 18.4 24.4 23.7 1,007.4 0 70 66 105 3.3 105 2.1 108 2 105 2.9 91 5.5 12192 11253 33.2 35.8 31.4 26.8 24 22.8 22.7 -
2014-6-9 9:00:0023.7 18.1 23.9 22.5 1,007.1 0 71 68 92 2.8 87 1.7 103 2.7 100 2.8 108 5.7 10742 11764 31.5 33.8 25.3 24.5 22.7 22.4 22.7 -
2014-6-9 8:00:0022.5 17.6 22.5 22 1,006.9 0 74 74 114 3.1 99 2.4 121 2.1 100 2.8 111 5.3 11610 11920 25.4 25.4 23.3 22.2 22 22.2 22.7 -
2014-6-9 7:00:0022.2 18.4 22.2 20.8 1,006.7 0 79 79 106 3 106 2.7 106 2.6 106 2.6 105 5.5 8473 8247 24.8 24.9 20.2 21.2 21.4 22.1 22.8 -
2014-6-9 6:00:0020.8 18.7 20.8 19.8 1,006.6 0 88 88 86 2.9 103 2.3 102 1.7 102 1.7 114 3.5 6867 6537 20.1 20.1 18 20 21.3 22.2 23 -
2014-6-9 5:00:0019.8 18.6 20 19.6 1,006.2 0 93 93 92 1.8 86 0.7 76 0.7 96 1.6 80 3.8 4946 5073 18 18.1 17.5 19.7 21.5 22.5 23.2 -
2014-6-9 4:00:0019.6 18.4 20.1 19.6 1,006.1 0 93 92 124 1.3 96 0.5 93 0.5 97 1.3 105 2.2 6815 6403 17.6 18.3 17.5 20 21.8 22.8 23.4 -
2014-6-9 3:00:0020.1 18.8 20.2 19.9 1,005.8 0 92 92 97 1.4 96 1.1 93 0.9 104 1 82 2.5 6900 6690 18.3 18.8 18.2 20.4 22.1 23 23.6 -
2014-6-9 2:00:0020.1 18.8 20.5 20.1 1,005.6 0 92 90 103 1.2 104 0.8 95 0.7 99 1 114 2.2 4854 5260 18.6 19.1 18.5 20.7 22.5 23.3 23.9 -
2014-6-9 1:00:0020.5 18.8 21 20.5 1,005.9 0 90 88 68 1.5 97 1.2 95 0.8 104 1.8 123 3.5 5722 6008 19.1 20 19 21.2 22.9 23.6 24.1 -
2014-6-9 00:00:0021 18.9 21.1 20.9 1,006.3 0 88 87 115 2.5 104 1.7 104 1.3 102 2.2 96 4 7152 7162 19.9 20.3 19.8 21.7 23.2 24 24.3 -
2014-6-8 23:00:0021.1 18.9 21.6 21.1 1,006.8 0 87 84 89 3.6 93 1.7 94 1.8 119 2.6 139 4.6 7633 7469 20.3 20.9 20.2 22.1 23.7 24.3 24.5 -
2014-6-8 22:00:0021.6 18.8 21.7 21.6 1,007.1 0 84 84 102 3.1 111 2.4 118 2.3 103 3.2 109 5.4 10435 9349 20.9 21.3 20.7 22.6 24.1 24.7 24.8 -
2014-6-8 21:00:0021.7 18.9 22 21.7 1,006.9 0 84 83 118 3.4 106 2.1 100 2.7 107 2.9 100 5.8 10487 10749 21.1 21.7 21.1 23.2 24.7 25.1 25 -
2014-6-8 20:00:0022 19 22.4 22 1,006.4 0 83 82 108 3.4 105 1.8 108 2.4 100 3 121 6 11143 10676 21.7 22.5 21.7 24 25.5 25.5 25.2 -
2014-6-8 19:00:0022.4 19 23.3 22.4 1,005.6 0 81 76 100 4.6 98 3 96 2.9 114 3.2 101 6 11698 10586 22.5 25 22.5 25.2 26.3 25.9 25.3 -
2014-6-8 18:00:0023.4 18.9 24.3 23.4 1,004.9 0 76 76 99 3.7 99 3 85 2.2 85 2.7 95 5.6 12550 13034 25.1 27.6 25.1 26.8 27.1 26.2 25.3 -
2014-6-8 17:00:0024.4 19.9 25.3 24.4 1,005.1 0 76 72 64 3.1 70 2.1 80 2.2 106 2.7 97 4.8 13233 12213 27.6 32.1 27.6 28.3 27.8 26.2 25.1 -
2014-6-8 16:00:0025.2 20 25.8 25.2 1,004.9 0 73 71 118 3.3 111 2.4 103 2.6 103 2.6 99 4.7 10393 10459 32 34.2 31.9 29.7 27.9 26.1 24.9 -
2014-6-8 15:00:0025.6 20 26.1 25.6 1005 0 71 68 102 4 110 3 114 2.2 101 2.6 111 4.3 10404 10417 33.9 35.2 32.8 29.9 27.8 25.8 24.6 -
2014-6-8 14:00:0026 20.1 26.4 25.9 1,004.9 0 70 67 125 4.2 120 2.6 94 2.4 116 2.4 88 5.1 11887 10890 33.6 38.8 33 30.1 27.6 25.3 24.3 -
2014-6-8 13:00:0026.2 19.8 26.4 25.5 1,005.1 0 68 68 99 3.8 129 2 111 2.1 111 2.1 87 4.1 9806 10167 39 40.3 33.5 30.1 26.5 24.7 24 -
2014-6-8 12:00:0025.5 20.3 25.6 25 1,005.4 0 73 69 152 2 137 1.4 116 1.8 102 2.1 110 4 9043 9390 34.1 34.1 30.6 27.6 25.5 24.3 23.9 -
2014-6-8 11:00:0025.1 20.4 25.2 24.7 1,005.6 0 75 72 100 2.2 107 1.5 102 2.1 101 2.3 105 4 8281 8505 30.8 30.8 29.3 26.4 25 24 23.7 -
2014-6-8 10:00:0024.7 19.8 24.7 24.2 1,005.7 0 74 74 98 3 93 1.8 92 1.7 105 2.2 103 3.7 9372 9396 29.3 30 28.2 25.8 24.5 23.7 23.6 -
2014-6-8 9:00:0024.3 20 24.3 23.3 1,005.6 0 77 77 93 1.8 96 1.7 117 1.5 126 1.6 136 3.3 8178 7739 28.3 29.3 26.2 25 23.8 23.5 23.6 -
2014-6-8 8:00:0023.4 20.2 23.4 22.6 1,005.3 0 82 82 113 2.7 114 2 112 1 125 1.7 109 2.9 6689 5573 26.3 26.6 23.5 23.5 23.3 23.4 23.6 -
2014-6-8 7:00:0022.6 20.7 22.6 22 1,005.1 0 89 89 171 1.5 144 1.1 142 1.3 91 1.5 83 3.2 4419 4538 23.6 23.6 22.3 22.7 23.1 23.4 23.7 -
2014-6-8 6:00:0022 20.8 22 21.7 1,004.5 0 93 93 - 0.1 - 0 - 0 61 0.8 68 2.2 3546 3647 22.3 22.3 21.3 22.3 23 23.5 23.9 -
2014-6-8 5:00:0021.7 20.7 21.8 21.6 1,004.3 0 94 94 - 0.2 68 0.4 78 0.7 78 1.1 68 2.4 3196 3281 21.3 21.3 20.9 22 23 23.6 24.1 -
2014-6-8 4:00:0021.6 20.8 21.6 21.2 1,004.1 0 95 95 9 0.5 - 0.2 72 0.7 97 1 87 2.2 4097 3983 20.9 20.9 20.1 21.9 23.2 23.8 24.3 -
2014-6-8 3:00:0021.2 20.4 21.3 21.2 1,004.2 0 95 94 - 0 - 0 - 0 78 0.4 91 1 3999 3265 20.1 20.4 20.1 22 23.4 24.1 24.5 -
2014-6-8 2:00:0021.3 20.3 22 21.3 1,004.4 0 94 91 - 0 - 0 - 0 109 0.4 117 0.9 3212 3459 20.4 20.7 20.3 22.2 23.8 24.4 24.7 -
2014-6-8 1:00:0022.1 20.6 22.3 22.1 1,004.5 0 91 90 131 0.3 - 0.2 120 0.4 140 1.1 141 2.7 4660 5184 20.7 21.2 20.7 22.7 24.2 24.8 25 -
2014-6-8 00:00:0022.2 20.7 22.5 22.2 1,004.3 0 91 90 196 1.3 187 0.3 156 0.7 138 1.3 150 2.9 4973 4921 21.2 21.5 21.1 23.1 24.6 25.2 25.2 -
2014-6-7 23:00:0022.4 20.7 22.8 22.4 1,004.3 0 90 89 136 1.1 153 0.5 121 0.7 101 1.4 124 3 5569 5553 21.5 22.1 21.5 23.6 25.1 25.6 25.5 -
2014-6-7 22:00:0022.8 20.9 23.3 22.8 1,004.3 0 89 87 106 1 101 0.8 100 1.4 105 1.5 120 2.9 6457 6348 22.1 22.7 22.1 24.2 25.8 26 25.8 -
2014-6-7 21:00:0023.3 20.8 24 23.3 1,003.8 0 86 84 89 1.5 93 0.7 110 0.9 96 1.8 93 3.6 6915 7113 22.7 23.6 22.7 25 26.5 26.5 26 -
2014-6-7 20:00:0024 21.1 25.1 24 1,003.3 0 84 79 101 1.6 99 1.3 102 1.4 100 1.9 107 4.3 7829 7530 23.7 25 23.7 26.1 27.4 27 26.2 -
2014-6-7 19:00:0025.1 21.2 26.1 25.1 1,002.7 0 79 70 99 2.4 98 1.6 98 1.4 102 2 95 3.9 7922 8331 25.1 27.8 25.1 27.5 28.4 27.5 26.3 -
2014-6-7 18:00:0026.1 20.7 27.1 26.1 1,002.1 0 72 69 80 2.8 87 1.3 80 1.2 78 1.9 83 4.1 9948 9511 28 31.2 28 29.3 29.4 27.9 26.3 -
2014-6-7 17:00:0027.1 21.2 28.2 27.1 1,001.5 0 70 68 79 3.2 87 2.2 77 1.8 83 2.3 77 4.7 8859 8509 31.3 35.8 31 31.1 30.3 28.1 26.1 -
2014-6-7 16:00:0028.2 22 28.7 28 1,001.2 0 69 67 63 4 18 1.1 73 1.6 88 2.6 109 5.3 9386 8357 35.7 37.9 35 32.9 30.9 28 25.8 -
2014-6-7 15:00:0028.7 22 29.3 28.5 1,001.3 0 67 64 83 3.3 75 2.2 85 2 88 2.9 82 6.4 7367 7299 38.1 43.9 38.1 34.6 31.1 27.6 25.3 -
2014-6-7 14:00:0029.1 21.8 29.6 28.8 1,001.7 0 65 61 89 4.6 90 2.8 84 2.8 100 3.2 97 6.6 6844 7225 43.3 44.2 40.7 35.1 30.6 26.9 24.7 -
2014-6-7 13:00:0029.4 21.1 29.5 28.8 1,002.1 0 61 53 111 2.4 134 1.1 110 1.1 140 1.6 72 3.8 6147 6628 42.1 48.7 41.4 34.9 29.8 26 24.1 -
2014-6-7 12:00:0029.1 19.4 29.1 27.7 1,002.8 0 56 56 128 1.3 144 1 96 1.3 92 2.1 105 3.7 7114 6488 46.3 46.3 40.6 33.6 28.1 24.9 23.6 -
2014-6-7 11:00:0027.6 19.9 27.8 26.6 1,003.2 0 63 63 220 1.2 263 1 224 1.3 151 1.6 134 3.1 5124 5430 43.5 43.5 37.4 30.8 26.5 24.1 23.2 -
2014-6-7 10:00:0026.8 20.6 26.8 25.4 1,003.6 0 69 69 156 2.8 182 1.6 154 1.5 149 1.7 95 3.4 6267 5689 39.4 39.4 34.3 28.9 25 23.3 22.9 -
2014-6-7 9:00:0025.4 20.6 25.4 23.9 1,003.8 0 75 75 91 2.3 92 1.9 145 1.2 122 1.6 111 3.2 5137 5096 34.9 35.1 28.9 26.3 23.6 22.7 22.7 -
2014-6-7 8:00:0023.9 20.4 23.9 22.4 1004 0 81 81 96 2.6 101 1.7 148 1.2 104 1.9 99 3 5079 5165 29.4 29.7 24.7 23.9 22.5 22.4 22.7 -
2014-6-7 7:00:0022.3 20.2 22.3 21 1,003.8 0 88 88 124 2.3 128 1.7 114 1.8 114 1.8 115 3.2 5237 4916 24.6 24.6 21.2 21.9 21.9 22.3 22.8 -
2014-6-7 6:00:0020.9 20.1 20.9 20.4 1,003.7 0 95 95 57 0.8 55 0.3 62 0.3 59 0.4 95 1.2 3560 3502 21.1 21.1 19 20.7 21.7 22.4 23 -
2014-6-7 5:00:0020.5 19.7 20.8 20.5 1,003.4 0 95 94 35 0.6 40 0.4 52 0.3 102 0.7 124 2.1 3053 2988 18.9 19.3 18.8 20.5 21.9 22.6 23.1 -
2014-6-7 4:00:0020.7 19.7 20.9 20.7 1,003.3 0 94 93 135 2.3 129 1.4 84 0.6 95 1.2 88 2.8 3063 3118 19.2 19.6 19.1 20.8 22.1 22.8 23.3 -
2014-6-7 3:00:0020.9 19.7 21.1 20.9 1,003.5 0 93 91 106 0.8 95 0.4 109 0.7 99 1.8 107 3.4 3547 3519 19.5 19.8 19.5 21 22.4 23.1 23.5 -
2014-6-7 2:00:0021.1 19.6 21.2 21.1 1,003.7 0 91 91 106 2.6 108 1.4 98 1.7 100 2 96 3.8 3402 3673 19.8 20.1 19.8 21.3 22.7 23.3 23.7 -
2014-6-7 1:00:0021.2 19.7 21.4 21.2 1,003.9 0 91 90 77 1.6 82 1.2 82 0.8 95 2 100 3.8 3753 3685 20 20.4 20 21.6 23 23.6 23.9 -
2014-6-7 00:00:0021.2 19.7 21.2 20.8 1,004.2 0 91 91 101 2.1 105 1.9 99 1.2 96 1.5 98 3.3 4376 4288 20.3 20.3 19.7 21.7 23.3 23.9 24.2 -
2014-6-6 23:00:0020.9 19.4 21.5 20.9 1,004.6 0 91 88 95 0.5 93 0.3 70 0.4 85 1 79 2.5 4212 4561 19.8 20.3 19.8 22 23.7 24.3 24.4 -
2014-6-6 22:00:0021.5 19.2 21.9 21.5 1,004.9 0 87 84 79 2 73 0.5 95 0.5 94 1.9 77 3.6 5604 5801 20.3 21.2 20.3 22.7 24.3 24.7 24.7 -
2014-6-6 21:00:0021.9 19.1 22.1 21.9 1,004.6 0 84 83 92 2.3 96 1.4 100 1.3 89 2.2 96 4.4 8123 8303 21.3 21.7 21.3 23.4 24.9 25.2 24.9 -
2014-6-6 20:00:0022 19.4 22.3 21.9 1,004.6 0 85 83 75 1.4 96 1 101 1.4 98 2 109 3.7 8503 8197 21.6 22.4 21.5 24.1 25.7 25.7 25.1 -
2014-6-6 19:00:0022.3 19.3 23.6 22.3 1004 0 83 77 21 2.6 38 1.5 66 1.1 78 1.9 67 4.2 8652 8586 22.4 25.4 22.4 25.5 26.8 26.2 25.2 -
2014-6-6 18:00:0023.7 19.4 25.6 23.6 1,003.6 0 77 68 85 2.3 97 1.4 80 2 69 2.1 71 5 9586 9739 25.4 30.6 25.4 27.6 27.9 26.5 25.1 -
2014-6-6 17:00:0025.6 19.5 26 25.5 1,003.3 0 69 65 53 4 55 2.2 70 2.1 95 2.6 96 4.3 9699 10604 30.3 33.8 30.3 29.7 28.5 26.5 24.9 -
2014-6-6 16:00:0025.7 19.8 26.6 25.7 1,003.4 0 70 63 91 4.2 93 2.2 84 2.1 87 2.4 80 4.9 11965 11378 32.5 36.3 31.7 30.7 28.8 26.4 24.6 -
2014-6-6 15:00:0026.6 19 27.2 26.5 1,003.8 0 63 61 48 2.4 55 1.8 67 2 89 2.8 97 5.6 16379 12930 35.6 39.7 35.6 31.9 28.8 26 24.2 -
2014-6-6 14:00:0026.8 19.4 27.4 26.5 1,004.3 0 64 60 91 4.3 93 2.7 86 2.8 88 3.3 103 6.3 16793 13349 38.3 39.6 35.8 31.6 28.3 25.5 23.8 -
2014-6-6 13:00:0027.1 19.7 27.4 26.8 1,004.8 0 64 59 79 3.8 91 2.7 93 2.2 95 2.3 99 4.5 14187 11838 36.5 39.6 34.2 31.2 27.7 24.8 23.3 -
2014-6-6 12:00:0027.1 19.2 27.3 26 1005 0 62 59 85 2.3 89 1.7 66 1.6 92 2 118 4.5 10651 10013 35.6 40.5 34.3 30.8 26.9 24 22.8 -
2014-6-6 11:00:0025.9 19.8 25.9 24.7 1,005.5 0 69 64 91 2.3 94 1.6 117 1.6 117 1.6 110 2.9 8501 8066 38.7 39.7 31.9 29.6 25.3 23.2 22.4 -
2014-6-6 10:00:0025.4 18.8 25.4 23.7 1,005.3 0 67 67 15 1.8 42 1.6 92 1.1 200 1.4 196 2.8 7631 7159 37 37.5 29.4 27 24 22.5 22.2 -
2014-6-6 9:00:0023.7 19.4 23.7 22.7 1,005.7 0 77 76 183 1.5 193 1 205 1.4 212 1.7 188 3.1 5735 5125 30.3 31 28.3 25.3 23 22 22 -
2014-6-6 8:00:0022.7 18.9 22.7 21.8 1,005.7 0 79 79 113 2.1 111 1.2 109 1.4 93 1.6 87 2.7 4520 4525 28.9 28.9 24.9 23.4 22 21.7 22 -
2014-6-6 7:00:0021.8 19.4 21.8 20.5 1,005.7 0 86 86 110 2.6 88 1.2 72 0.9 91 1.6 94 2.9 3563 3498 25.6 25.6 21.4 21.5 21.3 21.6 22 -
2014-6-6 6:00:0020.5 19.2 20.5 20 1,005.5 0 92 92 100 0.7 98 0.3 89 0.8 87 1.4 83 2.2 3457 3406 21.3 21.3 19.6 20.4 21 21.6 22.1 -
2014-6-6 5:00:0020 19 20 19.7 1,005.5 0 94 94 - 0.1 - 0 - 0.1 81 0.3 97 0.8 3585 3594 19.5 19.5 19.1 20 21 21.7 22.3 -
2014-6-6 4:00:0019.7 18.9 19.7 18.7 1,004.9 0 95 95 - 0.2 - 0.1 - 0.1 117 0.6 126 1.3 3132 3174 19.2 19.3 17.9 19.8 21 21.8 22.5 -
2014-6-6 3:00:0018.7 18 18.8 18.7 1005 0 96 95 - 0 - 0 - 0 63 0.4 60 0.8 2360 2196 17.9 18 17.8 19.6 21.2 22.1 22.7 -
2014-6-6 2:00:0018.8 18 18.9 18.7 1,005.2 0 95 94 - 0.1 - 0 - 0 - 0.2 88 0.6 3031 2950 18 18.1 17.9 19.8 21.5 22.4 22.9 -
2014-6-6 1:00:0018.8 17.8 19.3 18.8 1,005.5 0 94 91 - 0.1 - 0 - 0 119 0.4 121 0.9 3475 3636 17.9 18.3 17.9 20 21.9 22.7 23.1 -
2014-6-6 00:00:0019.3 17.8 19.9 19.3 1006 0 91 88 130 0.7 116 0.4 113 0.5 95 0.7 93 1.6 4986 5159 18.3 18.7 18.3 20.5 22.3 23.1 23.4 -
2014-6-5 23:00:0020 18 20.8 20 1,006.2 0 88 84 89 0.4 90 0.3 109 0.3 146 1.5 133 2.7 7301 7422 18.7 19.3 18.7 21 22.8 23.5 23.6 -
2014-6-5 22:00:0020.8 18 20.9 20.7 1,006.3 0 84 83 106 2.4 109 1.1 133 1.1 143 1.4 132 2.5 9707 10175 19.3 19.9 19.3 21.6 23.4 23.9 23.8 -
2014-6-5 21:00:0020.9 18.5 21.4 20.9 1,006.1 0 86 81 159 1.5 154 1 126 0.6 122 1.5 85 2.7 7389 6657 19.9 20.7 19.9 22.4 24.1 24.4 24 -
2014-6-5 20:00:0021.4 18 22.3 21.4 1,005.7 0 81 80 97 1.7 107 1.1 129 1.1 100 1.6 110 3 17997 19300 20.7 21.9 20.7 23.4 24.9 24.8 24.2 -
2014-6-5 19:00:0022.3 18.5 23.4 22.3 1,005.3 0 79 75 91 3.2 86 1.4 81 0.8 78 2.1 85 4.4 18561 19611 22 24.2 22 24.7 25.9 25.2 24.2 -
2014-6-5 18:00:0023.4 18.7 25 23.4 1,004.5 0 75 70 94 2.9 87 2.1 76 1.9 87 2.3 91 4.8 21323 21902 24.3 28.7 24.3 26.6 26.8 25.4 24.1 -
2014-6-5 17:00:0025.1 19 26.5 25 1,004.1 0 69 59 86 2.2 68 2 75 1.8 89 2.2 21 4.1 16715 15309 28.6 32.9 28.6 28.4 27.4 25.4 23.8 -
2014-6-5 16:00:0026.5 18.1 26.5 25.8 1,004.5 0 60 59 88 2.3 91 1.4 43 1.1 10 1.8 352 4 11880 10941 33 34.5 32.2 29.7 27.5 25.1 23.5 -
2014-6-5 15:00:0025.7 18.1 26.5 25.4 1,004.8 0 63 60 355 1.3 351 1.6 53 1.8 63 2.6 91 4.9 9292 9762 31.8 37.5 31.7 29.9 27.4 24.6 23 -
2014-6-5 14:00:0026.5 18.1 26.6 25.3 1005 0 60 60 13 4.5 19 2.1 64 1.7 47 1.8 13 4.5 8152 7867 37.6 37.7 33 30.5 26.7 24 22.5 -
2014-6-5 13:00:0025.6 18.5 25.8 24.5 1,005.3 0 65 63 77 2.7 43 1.8 47 1.6 53 1.7 65 4.5 8221 7921 34 38.3 34 29.9 25.8 23.2 22.1 -
2014-6-5 12:00:0024.6 18.1 24.7 24 1,005.8 0 67 66 55 1.5 38 1 36 1.3 31 2.1 34 4.5 9344 8931 35.6 35.6 31.8 28.1 24.7 22.4 21.7 -
2014-6-5 11:00:0024.1 17.6 24.3 23.1 1006 0 67 67 31 1.8 28 1.2 333 1.8 317 2.2 318 5.3 6518 9623 34.3 37.5 31.9 27.8 23.2 21.6 21.4 -
2014-6-5 10:00:0023.4 17.8 23.4 21.4 1,006.2 0 71 70 331 2.2 341 1.1 327 1.2 23 1.7 335 4.2 8545 10554 31.8 32.6 23.5 23.2 21.6 21.2 21.3 -
2014-6-5 9:00:0021.5 17.7 21.5 21.1 1006 0 79 78 61 2.1 61 1.5 28 1.3 27 1.6 19 3.7 13136 13444 23.6 23.7 21.9 21.5 21.1 21 21.3 -
2014-6-5 8:00:0021.1 17.3 21.2 20.8 1,005.8 0 79 79 105 1.2 78 0.8 46 0.8 22 1.2 80 2.9 15542 14974 21.8 21.9 21.3 20.9 20.8 20.9 21.3 -
2014-6-5 7:00:0020.9 17.3 20.9 20.4 1,005.4 0 80 80 33 2.4 34 1.3 23 0.6 54 1.1 18 2.5 14114 13299 21.3 21.3 20 20.4 20.6 20.9 21.3 -
2014-6-5 6:00:0020.4 17.6 20.4 20.3 1,004.8 0 84 84 30 0.9 26 0.6 44 0.8 54 1.2 31 2.6 8999 8343 19.9 19.9 19.3 19.9 20.5 20.9 21.4 -
2014-6-5 5:00:0020.3 18.1 20.7 20.3 1,004.2 0 87 84 59 1.4 69 1 54 1.1 322 1.2 303 3.1 6805 7290 19.3 19.6 19 19.8 20.6 21 21.4 -
2014-6-5 4:00:0020.7 18.1 20.8 20.6 1,003.8 0 85 84 23 1.6 6 0.8 317 0.7 320 1.3 302 3 9898 9885 19.6 19.6 19.4 19.9 20.6 21 21.5 -
2014-6-5 3:00:0020.8 18 20.8 20.6 1,003.9 0 84 83 - 0 - 0.1 301 0.6 40 1 14 2.4 10343 10656 19.4 19.5 19.1 19.8 20.6 21.1 21.6 -
2014-6-5 2:00:0020.5 17.9 20.5 19.6 1,003.9 0 85 85 356 1.5 331 0.8 311 0.6 186 0.6 331 1.7 9849 9613 19.1 19.1 17.7 19.5 20.6 21.3 21.8 -
2014-6-5 1:00:0019.8 17.8 20.5 19.8 1,004.3 0 88 84 - 0.2 - 0 203 0.3 327 1.7 312 3.9 9531 9746 17.7 18.4 17.7 19.4 20.9 21.5 21.9 -
2014-6-5 00:00:0020.5 17.5 21.1 20.5 1,004.8 0 83 80 120 1.4 97 0.8 304 1.1 351 1.6 55 3.7 12232 12219 18.4 19 18.4 19.9 21.2 21.7 22.1 -
2014-6-4 23:00:0021.1 17.7 21.6 21.1 1005 0 81 79 32 3 40 1.2 26 0.6 326 1.2 32 3 15927 15343 19 19.8 19 20.4 21.5 21.9 22.2 -
2014-6-4 22:00:0021.5 17.7 21.9 21.4 1,005.2 0 79 78 324 2.5 316 1.3 321 1.3 328 1.6 313 4.2 17302 17196 19.8 19.8 19.3 20.7 21.8 22.2 22.3 -
2014-6-4 21:00:0021.9 17.9 22.6 21.9 1,004.8 0 78 75 7 1.4 1 0.7 13 1 22 1.2 56 3.8 15406 15696 19.9 20.8 19.9 21.3 22.2 22.4 22.4 -
2014-6-4 20:00:0022.6 17.9 23.1 22.6 1,004.3 0 75 71 320 0.7 306 0.3 355 0.8 19 1.7 15 3.8 16537 17348 20.8 21.4 20.8 21.8 22.6 22.5 22.4 -
2014-6-4 19:00:0023.1 17.6 23.8 23 1004 0 71 64 218 1.1 306 1.1 5 1.1 326 1.8 275 3.3 12854 12184 21.4 22.2 21.3 22.3 23 22.7 22.4 -
2014-6-4 18:00:0023.8 16.6 24 23.8 1,003.3 0 64 61 314 3.2 304 2.2 329 1.9 329 2.6 356 6.3 10204 10242 22.2 24.1 22.2 23.1 23.4 22.8 22.3 -
2014-6-4 17:00:0024 16 24.4 23.7 1,002.8 0 61 59 296 1.3 322 1.5 326 2 338 2.6 274 6.2 14757 14820 24.2 27.5 24.2 24.3 23.6 22.7 22.2 -
2014-6-4 16:00:0023.8 15.6 24 23 1,002.9 0 60 58 346 3.8 333 2.7 333 2.3 331 2.4 318 4.8 18342 19903 25.7 27.2 24.7 24.4 23.3 22.5 22.1 -
2014-6-4 15:00:0023 16.1 24 22.8 1003 0 65 61 9 2.5 344 1.5 36 1 17 2.2 16 4.7 13029 12534 24.4 27.8 23.3 23.8 23.2 22.3 21.9 -
2014-6-4 14:00:0023.5 17 23.5 22.6 1,003.2 0 67 66 359 1.2 15 0.9 348 1.9 329 2.2 325 5 9550 10457 27.5 27.5 24.6 23.9 22.9 22.1 21.8 -
2014-6-4 13:00:0022.7 17.2 22.8 22.4 1,003.3 0 71 68 236 1.6 276 1.1 300 1.3 321 2.5 324 5.8 9522 9209 25.6 27 24.5 23.5 22.6 21.9 21.7 -
2014-6-4 12:00:0022.4 16.7 22.4 22.2 1,004.1 0 70 70 343 2.1 342 1.6 342 2.3 324 2.8 324 6.2 11979 9624 25.1 25.1 22.5 22.7 22.4 21.8 21.5 -
2014-6-4 11:00:0022.2 16.7 23 22.2 1,004.5 0 71 66 343 2.9 342 1.8 313 1.8 323 2.3 311 6 7771 7189 23.3 25.4 22.2 22.9 22.5 21.6 21.3 -
2014-6-4 10:00:0022.9 16.5 23.7 22.9 1,004.1 0 67 64 261 2.2 294 1.2 308 2 331 2.3 349 6.3 8031 7994 24.8 31.4 24.7 23.9 22.2 21.2 21.1 -
2014-6-4 9:00:0023.5 17 23.5 21.8 1004 0 67 65 292 3.4 270 2.4 325 2.1 318 3.1 300 7 6497 7506 31.5 31.5 24 23.1 21.1 20.7 21 -
2014-6-4 8:00:0021.8 16.3 21.8 21.4 1,004.1 0 71 71 341 3 338 1.7 314 2.6 320 2.6 263 6 5607 5681 24 24.1 21.8 21.1 20.3 20.4 21 -
2014-6-4 7:00:0021.6 16.6 21.6 20.5 1,003.9 0 73 72 215 1.8 215 0.9 268 1.3 276 1.9 324 5 4577 4720 22.7 22.9 19.3 19.9 19.7 20.3 21 -
2014-6-4 6:00:0020.5 16.3 20.5 20.2 1,003.8 0 77 76 300 2.3 340 1.2 272 1.6 260 1.8 259 4.2 4047 4087 19.3 19.3 17.7 18.6 19.5 20.3 21.2 -
2014-6-4 5:00:0020.2 16 20.2 19.8 1,003.5 0 77 77 228 2 275 1.5 248 1.7 261 1.7 267 4.5 4300 4266 17.6 17.6 16.6 18 19.5 20.5 21.3 -
2014-6-4 4:00:0019.9 15.8 20.2 19.9 1,003.6 0 77 75 327 2.8 293 1 261 1.6 279 2.1 246 5.6 4197 4277 16.8 17.1 16.8 18.1 19.7 20.7 21.5 -
2014-6-4 3:00:0020.1 15.5 20.2 20.1 1,003.6 0 75 75 263 2.7 284 1.4 268 1.8 263 1.8 273 6.1 5696 5435 16.9 17.1 16.9 18.2 19.9 20.9 21.6 -
2014-6-4 2:00:0020.2 15.8 20.4 20.1 1,003.5 0 76 75 319 2.6 293 1.3 270 1.7 259 2.4 240 5.7 5505 5396 17 17.5 17 18.5 20.2 21.1 21.8 -
2014-6-4 1:00:0020.4 15.8 20.4 20.2 1,003.6 0 75 75 265 1.7 265 1.3 256 2 249 2.5 271 6.1 5032 5082 17.4 17.7 17.4 18.9 20.5 21.3 21.9 -
2014-6-4 00:00:0020.3 15.9 20.5 20.2 1,004.4 0 76 75 284 3.8 279 1.5 273 1.5 257 1.6 259 5.3 6178 6432 17.7 18.6 17.7 19.3 20.8 21.5 22.1 -
2014-6-3 23:00:0020.5 16.1 20.6 20.4 1,004.5 0 76 75 235 3.1 234 1.7 256 1.8 263 1.9 260 5.2 7726 7900 18.6 19 18.5 19.7 21.1 21.7 22.2 -
2014-6-3 22:00:0020.6 16 20.6 20.5 1,004.7 0 75 75 244 4.1 238 2.8 258 1.7 292 2 280 5.6 9228 8780 19 19.3 19 20.1 21.4 21.9 22.3 -
2014-6-3 21:00:0020.5 16.5 20.6 20.5 1,004.9 0 78 78 11 1 183 1.1 267 1.2 307 2.7 305 5.2 7275 7426 19.3 19.5 19.2 20.4 21.6 22.1 22.5 -
2014-6-3 20:00:0020.6 16.6 20.6 20.2 1,004.4 0 78 78 295 2.3 303 1.6 315 2.3 313 2.4 312 6.5 7615 7685 19.5 20 19.5 20.8 22 22.3 22.6 -
2014-6-3 19:00:0020.2 17.6 20.9 20.2 1,004.2 0 85 78 277 1.6 7 0.8 293 0.9 320 2.6 325 6.9 4417 3881 20 20.4 19.8 21.2 22.3 22.5 22.6 -
2014-6-3 18:00:0020.9 16.7 21.2 20.5 1,003.7 0 77 75 288 2.1 251 1.8 283 1.7 286 2.7 280 6.9 4783 6580 20.5 21.8 20.5 21.8 22.6 22.7 22.7 -
2014-6-3 17:00:0021.3 16.7 22.5 21.1 1,003.3 0 75 65 235 5.2 242 2.4 275 1.7 296 2.8 275 5.8 8099 7953 22 22.5 21.3 22.4 22.9 22.8 22.7 -
2014-6-3 16:00:0022.5 15.8 23 22.4 1,003.1 0 66 64 229 3 248 1.4 309 2.4 327 2.9 331 6.7 10982 11034 22.5 24.5 22.3 22.9 23.2 22.8 22.6 -
2014-6-3 15:00:0023.1 15.9 23.1 22.1 1,003.2 0 64 63 238 3.5 241 1.8 267 1.7 283 2.7 233 6.6 8765 8870 24.9 26.5 22 23.6 23.1 22.8 22.6 -
2014-6-3 14:00:0022.4 15.7 23.8 22.4 1,003.5 0 66 59 267 2.7 336 1.3 315 2.1 305 2.4 316 6 8201 8324 22.7 28.3 22.5 23.5 23.4 22.7 22.5 -
2014-6-3 13:00:0023.7 15.5 23.7 22.9 1,003.1 0 60 60 330 1.6 304 1 260 1.5 277 2.3 249 5.5 14462 14151 28.2 28.2 25.3 24.1 23.1 22.4 22.3 -
2014-6-3 12:00:0023.1 15.2 23.2 22.3 1,003.5 0 61 60 341 4.5 337 1.7 313 1.5 306 2.2 285 5.4 12761 13190 25.9 26.6 23.4 23.6 22.6 22.2 22.3 -
2014-6-3 11:00:0022.3 16.6 22.4 22.2 1,003.7 0 70 64 228 2.2 240 0.9 245 1 330 2.3 345 5.2 10428 10244 23.3 23.5 22.5 22.5 22.4 22.1 22.2 -
2014-6-3 10:00:0022.4 15.5 22.6 22.1 1,003.7 0 65 64 346 1.5 341 1.5 328 2.4 265 2.5 254 5.9 10605 10525 23.5 26.2 23.1 22.8 22.2 21.9 22.1 -
2014-6-3 9:00:0022.4 16.7 22.4 20.9 1,003.5 0 70 68 278 3.1 293 1.9 267 2.3 253 2.9 257 6.2 7734 7374 26 26.2 21.8 22.4 21.6 21.6 22.1 -
2014-6-3 8:00:0021 16 21.1 20.7 1,003.6 0 73 73 248 2.8 251 2.3 254 2.5 251 2.5 245 6.2 6470 6560 22.1 22.8 20.9 21.2 21.1 21.5 22.1 -
2014-6-3 7:00:0020.8 16.2 20.8 20.3 1,003.8 0 75 74 253 2.9 239 1.8 246 1.8 269 2.6 253 6 5905 6152 21 21.1 19.1 20.2 20.9 21.6 22.3 -
2014-6-3 6:00:0020.3 16.1 20.3 20.1 1,003.9 0 77 76 254 3.5 248 1.9 251 2.5 255 2.8 281 6.8 6588 6590 19.1 19.1 18.6 19.6 20.9 21.7 22.4 -
2014-6-3 5:00:0020.2 15.8 20.3 20.1 1,003.6 0 76 73 269 2.9 270 1.9 261 2.3 254 2.4 259 5.4 10791 10097 18.6 18.7 18.6 19.6 21 21.9 22.6 -
2014-6-3 4:00:0020.2 15.4 20.2 20.1 1,003.4 0 74 73 14 2.2 206 1.7 253 1.6 268 2.5 273 6.7 15940 16273 18.6 18.7 18.6 19.7 21.2 22.1 22.7 -
2014-6-3 3:00:0020.1 15.3 20.2 20.1 1,003.2 0 74 72 260 3.2 261 1.3 260 1.2 271 2.2 249 5.4 20892 20015 18.7 18.9 18.7 19.9 21.4 22.3 22.9 -
2014-6-3 2:00:0020.2 15.2 20.2 20.1 1,003.7 0 73 71 270 3.7 276 1.7 269 1.6 245 2.1 256 5.2 19766 20361 18.8 18.9 18.8 20.2 21.7 22.5 23.1 -
2014-6-3 1:00:0020.2 15 20.4 20.2 1,003.8 0 72 70 234 3.4 238 2.2 252 1.5 309 2 327 5 21094 20858 19 19.2 19 20.4 22 22.8 23.3 -
2014-6-3 00:00:0020.4 15 20.7 20.4 1,004.3 0 71 70 303 2 304 1.4 307 2 294 2.7 322 6.1 21056 20963 19.1 20 19.1 20.8 22.3 23 23.4 -
2014-6-2 23:00:0020.7 16.9 20.7 20.3 1,004.5 0 79 79 240 2.9 255 1.4 258 1.7 258 2.1 257 5.2 9555 8750 20 20.2 20 21.3 22.7 23.3 23.6 -
2014-6-2 22:00:0020.3 18.1 21.7 20.2 1,004.4 0.1 87 77 335 2.7 285 2.1 259 2 261 3.3 272 8.8 4031 4255 20.1 20.4 19.9 21.6 23 23.5 23.8 -
2014-6-2 21:00:0021.7 17.5 22.4 21.7 1,003.7 0 77 71 250 4 252 2.4 260 2.5 259 3.2 267 7.4 5012 6503 20.5 20.8 20.5 21.9 23.4 23.8 24 -
2014-6-2 20:00:0022.4 16.9 23 22.4 1,002.7 0 71 67 235 4.5 268 2 299 1.8 265 2.9 250 7.5 10139 10583 20.8 21.4 20.8 22.4 23.9 24.1 24.1 -
2014-6-2 19:00:0023 16.8 23.6 23 1,001.9 0 68 66 253 4.4 246 2.8 266 2.3 287 2.5 234 6.4 11276 11105 21.5 22.6 21.5 23.2 24.4 24.4 24.2 -
2014-6-2 18:00:0023.6 16.9 24 23.6 1,001.5 0 66 66 321 1.3 285 1.5 278 1.5 268 2.6 309 7.1 10507 10533 22.6 23.9 22.6 24.2 25 24.7 24.2 -
2014-6-2 17:00:0023.9 17.6 25.3 23.9 1,001.3 0 68 63 263 2.4 234 1.4 265 3.1 259 4.3 243 8.8 9652 9160 23.6 27.3 23.2 25.3 25.7 24.8 24.1 -
2014-6-2 16:00:0025.3 18.3 25.6 24.6 1,000.9 0 65 63 256 3.1 253 2.5 268 2.4 264 3.9 277 11.3 11793 11693 27.3 30.6 26.3 27 25.8 24.7 24 -
2014-6-2 15:00:0024.6 18.1 26.3 24.6 1,001.2 0 67 66 265 4.5 269 2.9 259 3.1 257 3.4 259 9.4 9568 9018 26.2 33.2 26 26.7 25.9 24.5 23.8 -
2014-6-2 14:00:0025 19.6 26 24.9 1,000.8 0 72 66 265 6.6 254 3.6 266 2.3 265 3.7 281 7.7 6692 7292 29.2 33.1 27.6 27.1 25.4 24.1 23.6 -
2014-6-2 13:00:0024.8 19.9 25.3 24.4 1001 0 74 72 248 4.7 250 3 251 3 266 3.6 278 8.4 7186 7396 29.5 29.6 27.4 26.2 24.8 23.9 23.5 -
2014-6-2 12:00:0024.5 19.8 25.2 24.3 1,000.9 0 75 73 282 3.8 287 2.6 267 3.2 265 3.4 222 7.3 5702 5895 27.9 28.3 25.1 25 24.5 23.7 23.3 -
2014-6-2 11:00:0024.6 20.1 25.2 24.5 1,001.1 0 76 73 239 5.2 244 3.2 255 3.2 263 3.6 250 8.5 5932 6338 26.4 28.5 25.3 25.2 24.4 23.5 23.2 -
2014-6-2 10:00:0025 20.3 25 24.7 1001 0 75 74 251 4.8 249 2.7 251 2.7 259 2.9 263 7.8 6407 6690 28.1 28.2 26.6 25.3 24 23.2 23 -
2014-6-2 9:00:0024.8 20.5 25.2 23.6 1,000.9 0 77 75 276 3.5 249 2.3 253 2.9 251 3.5 246 8.5 5987 5958 27.4 29.3 23.9 24.8 23.3 22.9 23 -
2014-6-2 8:00:0023.6 21.3 23.7 23.5 1001 0 87 86 216 3.1 233 1.9 242 2.1 248 2.4 255 6.4 4051 4030 23.8 24.1 23.3 23 22.9 22.7 22.9 -
2014-6-2 7:00:0023.6 21.3 23.6 23 1,000.8 0 87 87 243 4 257 2 248 2.3 246 2.8 254 7.1 4029 4088 23.8 23.9 22.3 22.7 22.6 22.7 23 -
2014-6-2 6:00:0023 20.9 23.1 22.9 1,000.4 0 88 88 228 2.2 234 1.4 242 2 247 2.4 253 4.7 3987 3871 22.3 22.3 21.2 22 22.5 22.7 23 -
2014-6-2 5:00:0022.9 21.5 23.3 22.9 1,000.2 0 92 89 258 1.9 251 1.9 247 1.8 260 3.3 279 7.8 2476 2778 21.1 21.7 21.1 21.8 22.6 22.8 23.1 -
2014-6-2 4:00:0023.1 22.3 23.2 22.8 999.6 0 95 95 252 5.4 259 2 245 2.1 247 2.1 237 6.5 2764 2412 21.7 22 21.7 22.2 22.7 22.9 23.1 -
2014-6-2 3:00:0022.7 22.2 22.8 22.7 999.7 0 97 97 238 1.9 238 1.2 237 1.4 236 1.4 236 3.5 1664 1495 21.8 22.3 21.8 22.3 22.8 22.9 23.2 -
2014-6-2 2:00:0022.7 22.2 22.7 22.7 999.9 0.1 97 97 217 2 224 1.3 238 1 245 1.2 240 3.3 2029 1979 22.3 22.3 22.1 22.4 22.8 22.9 23.2 -
2014-6-2 1:00:0022.6 22.1 22.6 22.6 999.9 1.8 97 96 224 2 230 1 242 1 203 1.7 211 3.8 2633 2360 22.2 22.2 22.2 22.4 22.8 22.9 23.2 -
2014-6-2 00:00:0022.6 21.9 22.8 22.6 1,000.4 1.9 96 95 197 2.2 195 1.6 204 1.6 209 1.9 190 4.2 2180 2024 22.2 22.2 22.2 22.3 22.8 23 23.3 -
2014-6-1 23:00:0022.8 21.8 22.8 22.5 1,000.4 0 94 94 211 1.5 196 0.8 178 1 157 1.5 157 3.7 6602 7284 22.2 22.2 22 22.3 22.8 23 23.3 -
2014-6-1 22:00:0022.5 21.5 22.5 22.4 1,000.9 0 94 94 145 2.5 163 1.8 152 1.5 139 2.9 107 5.9 13364 11762 22 22 21.9 22.2 22.8 23 23.4 -
2014-6-1 21:00:0022.4 21.2 22.4 22.2 1,001.3 0 93 93 122 2.6 142 2.3 136 2.3 143 2.6 163 6 11490 11478 21.9 21.9 21.8 22.2 22.8 23.1 23.4 -
2014-6-1 20:00:0022.2 21 22.2 22.1 1,001.4 0 93 93 147 3.9 147 2.9 150 2.4 147 2.6 154 7.6 17874 17712 21.8 21.9 21.8 22.2 22.8 23.1 23.5 -
2014-6-1 19:00:0022.1 21.1 22.2 21.9 1,001.1 0.1 94 94 121 5.7 137 2.2 149 2.3 162 2.7 121 5.7 14469 14547 21.9 22.1 21.9 22.3 22.9 23.1 23.5 -
2014-6-1 18:00:0021.8 21 21.9 21.6 1,000.7 0 95 94 123 4.2 123 2.3 118 2.1 119 3.1 132 5.1 12559 12425 22.1 22.2 22 22.3 22.8 23.2 23.6 -
2014-6-1 17:00:0021.6 20.8 21.6 21.4 1,001.3 1.5 95 95 117 4.7 115 3.1 116 3.1 111 3.7 111 7.4 35000 33065 22.1 22.1 21.6 22.1 22.7 23.2 23.7 -
2014-6-1 16:00:0021.4 20.7 21.5 21.4 1,002.7 12.1 96 96 93 1.9 119 1.5 118 2.1 161 3 168 5.6 5880 6288 21.6 21.6 21.3 22.1 22.8 23.4 23.8 -
2014-6-1 15:00:0021.4 20.7 21.6 21.4 1,003.7 34.9 96 94 158 4.6 158 2.2 156 3.3 156 3.4 169 7.8 1808 1508 21.3 21.6 21.2 22.2 23.3 23.7 24 -
2014-6-1 14:00:0021.6 20.6 22.3 21.6 1,003.3 7.6 94 90 140 4.7 157 3.1 154 2.6 139 4.1 151 9.9 3703 4128 21.6 22.5 21.5 22.7 23.6 23.9 24.2 -
2014-6-1 13:00:0022.4 20.7 22.4 22.1 1004 0 90 89 167 5.2 163 3.3 154 2.5 128 3.8 118 9.8 11966 13063 22.5 23.4 22.5 23.2 23.7 23.9 24.3 -
2014-6-1 12:00:0022.2 20.7 22.2 21.8 1,004.6 1.2 91 91 147 4.1 125 3.3 143 2.9 145 4.4 145 8.9 20400 20900 23.2 23.3 21.9 23.1 23.7 24 24.3 -
2014-6-1 11:00:0021.9 20.5 22 21.9 1,005.5 0.3 92 91 158 6.3 140 4.8 149 3.7 122 4 148 9.9 8963 12068 22 23.1 22 23.2 23.8 24.1 24.4 -
2014-6-1 10:00:0021.9 20.5 21.9 21.7 1,005.8 0.3 92 91 114 6 128 2.9 121 4 118 4.5 137 8.5 10833 11827 23.1 23.3 22.7 23.3 23.9 24.2 24.5 -
2014-6-1 9:00:0021.7 20.3 21.9 21.6 1,006.1 3.1 92 89 104 6.3 117 3 125 2.6 117 3.7 157 7.3 7865 7459 22.8 22.8 21.7 23.1 23.9 24.3 24.7 -
2014-6-1 8:00:0021.8 20.1 21.8 21.5 1,006.5 0 90 89 152 4.8 140 3.1 129 3.2 146 3.7 126 7.7 8313 6303 22.3 22.6 22.1 23.2 24 24.4 24.8 -
2014-6-1 7:00:0021.5 19.8 21.5 21 1,006.7 0.2 90 90 129 5.3 126 4.1 123 3.3 122 3.6 118 7.7 7994 7669 22 22.6 21.6 23.2 24 24.5 24.9 -
2014-6-1 6:00:0021 19.8 21.7 21 1,006.9 0.4 93 86 102 3.7 105 2 110 1.7 126 3 105 6 6180 6149 21.7 21.7 21 23 24.2 24.7 25.1 -
2014-6-1 5:00:0021.7 19.3 21.7 21.5 1,007.1 0 86 86 116 3.4 129 1.9 129 2.7 124 3.2 100 6.3 10638 11217 21.2 21.3 21.2 23.2 24.4 24.9 25.3 -
2014-6-1 4:00:0021.5 19.2 21.5 21.4 1,007.4 0 87 87 132 5 124 4 121 2.6 121 2.6 129 5.4 11122 10867 21.3 21.5 21.3 23.4 24.6 25.2 25.5 -
2014-6-1 3:00:0021.4 19.5 21.5 21.4 1,007.8 0 89 88 121 1.7 115 1.1 131 2 131 2.3 145 7.1 9773 10351 21.4 21.7 21.3 23.7 24.9 25.4 25.7 -
2014-6-1 2:00:0021.5 19.6 22.1 21.5 1,008.3 0.3 89 84 149 2.1 141 1.9 130 1.7 153 3.2 170 6.1 11413 11344 21.6 22 21.4 24 25.3 25.7 25.9 -
2014-6-1 1:00:0022.1 19.3 22.2 22.1 1,008.6 0 84 83 163 4.6 155 2.7 142 3.2 145 3.2 140 6.9 9769 13437 22.1 22.8 22.1 24.5 25.6 26 26.1 -
