2014-7-1 1:00:0021.1 19.2 21.2 21.1 1,009.8 0 89 88 127 1 129 0.9 126 0.7 178 1.6 179 2 11719 11141 21.3 21.3 21.2 22 22.8 23.3 23.6 -
2014-7-1 00:00:0021.2 19.1 21.3 21.2 1,010.5 0 88 88 180 1.5 185 1.2 177 1.6 164 1.8 144 3.5 10775 10693 21.2 21.3 21.2 22.1 23 23.5 23.8 -
2014-6-30 23:00:0021.3 19.4 21.4 21.3 1,010.6 0 89 87 172 1.6 165 1.5 166 1.8 173 2.7 173 4 11734 12070 21.3 21.4 21.3 22.3 23.2 23.7 23.9 -
2014-6-30 22:00:0021.4 19.1 21.5 21.3 1011 0 87 86 173 3.4 168 2 169 2.4 168 3.1 168 4.8 13724 14256 21.3 21.7 21.3 22.5 23.5 23.9 24 -
2014-6-30 21:00:0021.4 19.1 21.4 21.3 1,011.1 0 87 87 153 1.5 159 1.4 166 1.7 174 2.5 170 3.7 11994 11653 21.7 21.9 21.6 22.9 23.8 24.2 24.2 -
2014-6-30 20:00:0021.3 19.4 21.7 21.3 1,010.4 0 89 84 159 1.9 160 1.6 171 1.9 183 2.3 176 2.7 10968 10562 21.9 22.5 21.9 23.3 24.2 24.4 24.3 -
2014-6-30 19:00:0021.7 18.9 21.8 21.6 1,010.5 0 84 82 186 2.4 182 2.1 183 2.4 182 3.8 171 6.2 14039 13973 22.5 23.2 22.5 23.9 24.6 24.6 24.3 -
2014-6-30 18:00:0021.6 19.2 22.2 21.6 1,010.1 0 86 82 183 3.1 181 2.6 180 2.9 166 3.8 176 6.3 12694 12513 23.1 23.9 22.9 24.5 25.1 24.8 24.3 -
2014-6-30 17:00:0022.3 19.3 22.9 22.3 1010 0 83 77 166 4.8 163 3.6 172 3.5 172 4 176 6 10810 11773 23.9 25.6 23.9 25.3 25.5 24.9 24.3 -
2014-6-30 16:00:0022.8 18.8 23.8 22.8 1,010.1 0 78 67 186 5.5 193 3.7 189 3.6 176 4.5 182 6.9 14661 14392 25.5 26.7 25.3 26.1 25.9 24.9 24.1 -
2014-6-30 15:00:0023.8 17.5 25.5 23.8 1,010.4 0 68 53 192 5.5 190 3.6 181 4 185 4.3 173 6.9 20725 19261 26.8 29.9 26.8 27.2 26 24.7 23.9 -
2014-6-30 14:00:0025.5 15.5 26.1 25.4 1,010.5 0 54 53 168 4.4 169 3.2 179 3.9 176 3.9 181 6.5 22463 34415 29.4 32.3 28.7 27.5 25.7 24.4 23.7 -
2014-6-30 13:00:0025.7 16.8 25.7 24.8 1010 0 58 55 194 2.1 186 1.3 172 1.9 175 2.9 174 4.3 19103 28723 32.2 32.2 28.4 26.9 25 24 23.6 -
2014-6-30 12:00:0024.8 16.2 24.8 24.4 1,010.5 0 59 55 183 2.1 181 1.4 186 1.9 202 2.5 194 4 27680 32189 28.1 28.1 26.5 25.5 24.5 23.8 23.5 -
2014-6-30 11:00:0024.6 17.6 24.7 23.9 1,010.4 0 65 63 191 1.9 197 1.5 200 1.7 181 3.1 180 5.1 27246 26718 26.9 28.3 25.8 25.2 24.1 23.5 23.4 -
2014-6-30 10:00:0024 17.3 24 22.3 1,009.8 0 66 66 182 5.1 178 3.9 183 2.6 171 3.6 168 6.4 35000 24793 26.1 26.7 24.5 24.5 23.6 23.4 23.4 -
2014-6-30 9:00:0022.2 18.8 22.6 22.2 1010 0.3 81 79 189 2.3 184 2 185 2.2 184 3.2 177 5.3 13092 11948 24.4 24.4 22.9 23.4 23.3 23.3 23.5 -
2014-6-30 8:00:0022.5 21.5 22.6 22.3 1,010.5 0.8 94 94 195 3.4 198 2.4 196 1.9 181 3 184 4.2 5133 4860 22.9 23.4 22.5 23 23.1 23.3 23.5 -
2014-6-30 7:00:0022.3 21.6 22.4 22.2 1,010.2 0.8 96 96 207 2.7 206 1.7 190 1.4 176 2 173 2.7 3222 3323 22.6 22.6 22.3 22.8 23.1 23.4 23.6 -
2014-6-30 6:00:0022.2 21.5 22.3 22.2 1,009.6 0.1 96 96 170 1.3 173 1.1 170 0.6 112 1.2 123 1.9 4309 4599 22.3 22.3 22.1 22.7 23.2 23.5 23.7 -
2014-6-30 5:00:0022.3 21.6 22.5 22.3 1,009.2 0 96 94 81 1.3 80 0.9 54 0.7 41 1.1 43 1.6 3922 3837 22.1 22.2 22.1 22.8 23.3 23.6 23.8 -
2014-6-30 4:00:0022.5 21.5 22.8 22.5 1,009.2 0.3 94 91 175 0.3 - 0 192 0.6 173 1.8 199 2.4 4995 5431 22.2 22.3 22.2 22.9 23.4 23.8 23.9 -
2014-6-30 3:00:0022.8 21.3 22.9 22.8 1,008.7 0 91 90 173 2.1 170 1.7 168 1.7 168 1.7 164 2.7 8969 8939 22.3 22.5 22.3 23 23.6 23.9 24 -
2014-6-30 2:00:0022.9 21.2 22.9 22.8 1,008.8 0 90 89 200 2 199 1.6 199 1.5 199 1.5 203 2 10220 10475 22.5 22.6 22.5 23.1 23.7 24 24.1 -
2014-6-30 1:00:0022.9 21.2 23.2 22.9 1,008.4 0 90 87 207 0.6 205 0.3 215 0.5 171 1.8 196 2.4 9596 10115 22.6 22.7 22.6 23.3 23.9 24.2 24.2 -
2014-6-30 00:00:0023.2 20.9 23.3 23.2 1,008.4 0 87 87 194 2.1 195 1.8 189 1.7 180 2.3 188 3.5 11273 11178 22.7 22.9 22.7 23.5 24.2 24.4 24.3 -
2014-6-29 23:00:0023.2 21.5 23.4 23.2 1,008.7 0 90 86 187 2.3 190 1.5 188 2.1 185 2.5 178 3.9 7894 8297 22.8 23 22.8 23.7 24.4 24.6 24.5 -
2014-6-29 22:00:0023.4 20.7 23.5 23.4 1,009.1 0 85 83 186 2.8 186 2.2 190 2.1 183 2.7 182 3.9 11835 12794 23 23.3 23 24 24.8 24.9 24.6 -
2014-6-29 21:00:0023.4 20.3 23.7 23.4 1,008.8 0 83 81 186 3 186 2.4 184 2.1 183 2.4 190 3.2 10516 9746 23.3 23.7 23.3 24.5 25.2 25.1 24.6 -
2014-6-29 20:00:0023.7 20.2 24.5 23.7 1,007.8 0 81 78 185 3.2 186 2.2 181 2.3 173 3.4 174 5.1 9966 9316 23.7 24.3 23.6 25 25.6 25.4 24.7 -
2014-6-29 19:00:0024.5 20.4 25.7 24.5 1,007.4 0 78 65 178 3.9 177 2.9 176 2.7 181 3.3 171 5.1 8390 9494 24.3 25.8 24.3 25.8 26.2 25.6 24.6 -
2014-6-29 18:00:0025.7 18.6 27.1 25.7 1,007.1 0 65 62 177 3.3 178 2.6 176 2.5 176 3 180 4.4 17292 15420 25.8 28.8 25.8 27.1 26.8 25.6 24.5 -
2014-6-29 17:00:0027 19.9 27.3 26.9 1,006.7 0 65 62 177 3.2 172 2.4 175 2.2 172 2.8 170 4.5 16633 16404 28.8 31.3 28.8 28.2 26.9 25.4 24.3 -
2014-6-29 16:00:0027.3 19.6 27.4 26.5 1,006.8 0 63 63 184 3.4 181 2.8 169 2.4 162 2.9 148 4.7 19112 15236 31.2 32 28.6 28.4 26.6 25.1 24.1 -
2014-6-29 15:00:0026.5 20.4 27 26.5 1,006.9 0 69 63 184 3.6 186 2.4 177 2.7 173 3 178 4.4 13484 17741 28.6 30 28.3 27.6 26.4 24.9 23.9 -
2014-6-29 14:00:0026.9 19.8 27.4 26.9 1,007.4 0 65 59 187 2.5 191 1.9 187 1.9 186 2.6 181 3.8 23452 20215 29.6 32.2 29.3 28.2 26.3 24.6 23.6 -
2014-6-29 13:00:0027 19.6 27 26.3 1,007.5 0 64 62 177 3.2 185 2.4 189 2.5 184 2.9 174 4.9 16510 17472 31.5 33.9 31.5 28.3 25.6 24.1 23.4 -
2014-6-29 12:00:0026.3 19.9 26.4 25.2 1,007.8 0 68 68 197 3.5 187 2.8 185 2.7 184 3 177 5 14619 16756 31.8 32.4 27.3 26.9 24.7 23.7 23.2 -
2014-6-29 11:00:0025.2 20 25.2 24.9 1008 0 73 68 194 2.4 189 1.5 191 1.8 199 2.4 198 3.7 16929 19740 27.3 27.9 26.5 25.3 24.2 23.4 23.1 -
2014-6-29 10:00:0024.9 19.5 24.9 24.5 1,008.2 0 72 72 211 2.8 209 2.4 198 2.4 198 2.4 206 3.4 22301 18941 27.3 27.3 26.3 24.9 23.7 23.2 23 -
2014-6-29 9:00:0024.5 20.6 24.5 24.1 1008 0 79 78 235 2.2 236 1.8 216 2 205 2.4 238 3.7 16489 15917 26.3 26.3 25.4 24.2 23.3 22.9 23 -
2014-6-29 8:00:0024.1 20.8 24.1 22.7 1,007.7 0 82 82 213 1.9 207 1.3 200 1.4 194 2.1 187 3.5 16172 14407 26.3 26.3 23 23.3 22.8 22.8 23 -
2014-6-29 7:00:0022.6 20.5 22.6 21.9 1,007.5 0 88 88 199 2 200 1.6 204 1.5 204 1.5 199 2.1 12148 11893 23 23 21.9 22.4 22.6 22.9 23.1 -
2014-6-29 6:00:0021.9 20.7 21.9 21.5 1,007.4 0 93 92 177 1.4 176 1.1 186 1.1 181 1.4 195 2.2 8774 7591 21.9 21.9 21.5 22.1 22.5 22.9 23.2 -
2014-6-29 5:00:0021.5 20.1 21.5 21.4 1007 0 92 91 137 0.9 136 0.7 155 0.7 179 0.8 181 1.1 11578 11097 21.5 21.5 21.4 22 22.6 23.1 23.3 -
2014-6-29 4:00:0021.5 20 21.7 21.5 1,006.8 0 91 89 - 0 - 0 - 0 219 0.6 213 1.5 12589 12021 21.4 21.6 21.4 22.1 22.8 23.2 23.4 -
2014-6-29 3:00:0021.6 19.9 21.7 21.5 1,006.8 0 90 89 226 0.9 228 0.6 244 0.4 189 1.2 199 1.8 15148 15293 21.5 21.5 21.5 22.2 22.9 23.4 23.5 -
2014-6-29 2:00:0021.6 20.1 22 21.6 1007 0 91 87 185 1.2 187 0.9 185 1.1 199 1.1 202 1.6 15298 14572 21.5 21.6 21.4 22.3 23.1 23.6 23.7 -
2014-6-29 1:00:0022.1 19.6 22.4 22.1 1,007.3 0 86 84 192 1.2 194 1.1 202 1 210 1.7 217 2.8 15607 17491 21.5 21.9 21.5 22.6 23.4 23.8 23.8 -
2014-6-29 00:00:0022.4 19.8 22.5 22.4 1,007.8 0 85 85 209 1.9 211 1.3 209 1.6 214 2.2 216 3.6 19906 18715 21.9 22 21.9 22.8 23.6 24 23.9 -
2014-6-28 23:00:0022.5 20.4 22.7 22.4 1,008.2 0 88 87 224 3.5 219 2.4 211 2.1 205 2.2 201 3.9 13445 12858 22 22.4 22 23.2 24 24.2 24.1 -
2014-6-28 22:00:0022.7 20.4 22.8 22.7 1,008.2 0 87 86 208 3.2 208 2.4 204 2.3 189 3 192 4 13194 13729 22.4 22.9 22.4 23.6 24.4 24.5 24.2 -
2014-6-28 21:00:0022.8 20.5 22.9 22.7 1,007.8 0 87 86 191 4.2 191 2.7 191 3 204 3.5 199 5.4 13472 12746 22.9 23.2 22.9 24.1 24.8 24.7 24.3 -
2014-6-28 20:00:0022.7 20.4 23.3 22.7 1,007.1 0 87 86 190 3.9 190 3 195 3 200 3.3 206 5.5 12956 12866 23.2 24.1 23.2 24.6 25.3 25 24.3 -
2014-6-28 19:00:0023.3 21 24.1 23.3 1,006.5 0 87 83 192 3 194 2.5 192 2.6 183 3.3 195 5 9971 9705 24.1 25.5 24.1 25.5 25.9 25.2 24.3 -
2014-6-28 18:00:0024.1 21 24.7 24.1 1,005.7 0 83 81 184 4.1 181 3.3 184 3.1 184 3.1 180 4.5 9758 10233 25.6 27.2 25.6 26.6 26.4 25.3 24.2 -
2014-6-28 17:00:0024.5 21.2 25 24.5 1,005.4 0 82 81 186 3.5 192 2.9 186 2.6 180 5 180 6.4 10508 10621 27.1 29.3 27.1 27.6 26.7 25.2 24 -
2014-6-28 16:00:0025 21.9 25.9 24.9 1,005.6 0 83 78 183 6.1 182 4.1 180 5 180 5 178 6.9 9667 9933 29.2 30.7 28.8 28.2 26.8 25.1 23.8 -
2014-6-28 15:00:0025.7 22 26.4 25.5 1,006.2 0 80 78 182 4.5 177 3.7 176 3.9 185 4 174 6.2 10596 10945 29.6 30.3 29.3 28.3 26.8 24.9 23.5 -
2014-6-28 14:00:0026.3 22.2 27.3 26.3 1,006.3 0 78 73 172 4.7 173 3.5 180 3.6 185 3.8 182 5.6 8041 7832 30.3 33 30.2 29.2 26.7 24.4 23.1 -
2014-6-28 13:00:0027.2 21.7 27.7 26.9 1,006.3 0 72 69 171 4.5 176 3.3 178 2.4 178 2.4 171 4.5 5341 5242 31.6 34.9 31.5 29.4 26.1 23.8 22.8 -
2014-6-28 12:00:0026.8 22 26.8 25.9 1,006.8 0 75 73 229 1.3 223 0.9 200 1.4 191 1.7 191 3.2 5526 5644 32.5 32.5 29.6 28 25 23.2 22.4 -
2014-6-28 11:00:0026 21.2 26.1 25.1 1,007.3 0 75 74 233 2.2 234 1.3 241 1.4 219 1.9 235 3.2 6332 6339 29.7 31.7 29.6 27.1 24.2 22.6 22.2 -
2014-6-28 10:00:0025 21.1 25 23.8 1,007.3 0 79 79 195 2.3 209 1.6 222 1.8 207 2.2 210 3.8 6914 7620 29.6 29.9 27.2 25.7 23.1 22.1 22 -
2014-6-28 9:00:0023.8 20.7 23.8 22.2 1,007.1 0 83 82 215 1.6 221 1.4 228 1.3 207 1.5 258 2.4 11697 12150 27.6 27.6 23.7 23.7 22.1 21.8 21.9 -
2014-6-28 8:00:0022.2 21.2 22.2 21.4 1007 0 94 94 168 1.3 168 1.1 179 1 203 1.1 209 1.7 6330 6147 23.7 23.7 22.1 22.1 21.5 21.6 21.9 -
2014-6-28 7:00:0021.4 21.1 21.4 20.7 1007 0 98 98 - 0 - 0 - 0 206 0.6 204 1.2 5123 4997 22.1 22.1 20.8 21.2 21.2 21.5 22 -
2014-6-28 6:00:0020.7 20.5 20.7 20 1,006.9 0 99 99 202 0.7 205 0.5 210 0.5 214 0.8 212 1 4276 4717 20.8 20.8 19.7 20.5 21 21.6 22.1 -
2014-6-28 5:00:0020 19.8 20 19.7 1,006.2 0 99 99 - 0 - 0 - 0.1 69 0.3 47 0.6 2252 2256 19.7 19.7 19.4 20.3 21.1 21.7 22.2 -
2014-6-28 4:00:0019.8 19.6 20.4 19.8 1,006.1 0 99 99 - 0 - 0 - 0 305 0.3 293 0.7 835 828 19.4 20 19.4 20.4 21.2 21.8 22.3 -
2014-6-28 3:00:0020.4 20.2 20.5 20.2 1,006.3 0 99 99 287 0.5 291 0.3 302 0.3 295 1.1 293 1.6 2465 2484 20 20.1 19.8 20.6 21.3 22 22.4 -
2014-6-28 2:00:0020.2 20 20.2 19.8 1,006.3 0 99 98 286 1 288 0.9 291 0.8 5 0.9 283 1.5 2892 2753 19.8 19.8 19.7 20.6 21.5 22.1 22.5 -
2014-6-28 1:00:0019.8 19.5 20.1 19.8 1,006.5 0 98 98 - 0 - 0 - 0.1 294 0.6 279 1 2042 1580 19.7 19.9 19.7 20.7 21.7 22.3 22.6 -
2014-6-28 00:00:0020.1 19.8 20.7 20.1 1007 0 98 97 - 0 - 0 - 0 254 0.6 243 0.7 2436 2568 19.9 20.3 19.9 21 22 22.5 22.7 -
2014-6-27 23:00:0020.7 20.4 20.8 20.5 1,007.4 0 98 96 226 0.5 220 0.4 213 0.5 198 0.8 198 1 6418 5877 20.3 20.8 20.3 21.4 22.3 22.7 22.8 -
2014-6-27 22:00:0020.8 20.1 21.5 20.8 1,007.4 0 96 94 - 0 - 0 - 0 3 0.7 244 0.6 6204 6707 20.8 21.5 20.8 21.9 22.6 22.8 22.8 -
2014-6-27 21:00:0021.5 20.5 22.2 21.5 1,007.1 0 94 90 2 0.6 3 0.4 3 0.7 2 1.2 56 1.7 8286 8908 21.5 22.2 21.5 22.4 22.9 22.9 22.9 -
2014-6-27 20:00:0022.2 20.5 22.4 22.2 1,006.7 0 90 89 41 1.5 47 1 66 0.9 46 1.3 58 2.3 14272 14651 22.2 22.6 22.2 22.7 23 23 22.9 -
2014-6-27 19:00:0022.3 20.6 22.3 22.2 1,006.6 0 90 90 41 1.2 47 0.9 44 1.4 47 1.6 48 3.1 19718 21671 22.6 23 22.6 23 23.2 23.1 22.9 -
2014-6-27 18:00:0022.3 21.1 22.9 22.3 1,006.4 0 93 89 43 2.3 49 1.6 48 1.5 36 2.6 37 4.4 22517 16186 23 23.8 23 23.3 23.3 23.1 22.9 -
2014-6-27 17:00:0022.9 21 23 22.6 1,005.9 0 89 89 39 2.8 48 1.9 50 1.9 24 3 50 4.1 21407 23263 23.8 24.4 23.3 23.6 23.4 23.1 22.8 -
2014-6-27 16:00:0022.7 21.2 22.8 22.7 1,005.7 0 91 90 25 2.8 22 2.7 23 3.1 20 3.5 20 5 20840 23391 23.5 24.5 23.5 23.7 23.5 23 22.8 -
2014-6-27 15:00:0022.8 21.3 22.9 22.7 1,005.7 0 91 89 32 2.8 30 2 35 2 56 2.4 51 4.3 26873 27003 24.1 25 24 23.9 23.4 23 22.7 -
2014-6-27 14:00:0022.7 21.2 22.7 22.5 1,005.8 0 91 91 46 2.4 50 2 33 2 39 3 58 5 35000 30069 24.6 24.6 23.8 23.7 23.3 22.9 22.7 -
2014-6-27 13:00:0022.7 21.2 22.9 22.6 1,005.9 0 91 91 30 4.7 28 3.2 41 3 19 3.5 51 5.3 31753 29792 24 24.9 24 23.9 23.2 22.8 22.6 -
2014-6-27 12:00:0022.6 21.6 22.6 22.3 1,006.1 0 94 94 24 3.4 26 2.5 24 3.2 19 3.7 24 5.6 19267 21465 24.8 24.8 23.5 23.6 23.1 22.7 22.5 -
2014-6-27 11:00:0022.3 21.3 22.8 22.3 1,006.2 0.1 94 92 14 4.7 19 3.2 19 3.6 24 3.9 28 6.1 14684 13942 23.5 24.7 23.4 23.4 22.9 22.6 22.5 -
2014-6-27 10:00:0022.7 21.3 22.7 22.2 1,005.9 0 92 92 0 4.2 359 3.6 3 3.2 10 3.7 9 6.2 24703 24424 24.4 24.6 23.6 23.3 22.7 22.4 22.5 -
2014-6-27 9:00:0022.2 21.4 22.2 21.8 1,005.5 0 95 95 17 4.3 12 3.6 10 3.5 4 4 4 6.1 18875 18019 23.6 23.6 22.5 22.8 22.4 22.4 22.5 -
2014-6-27 8:00:0021.8 21.3 21.8 21.7 1,005.6 0 97 97 352 3 349 2.2 356 2.2 3 3.3 358 4.9 17792 15940 22.5 22.5 22.1 22.3 22.3 22.4 22.5 -
2014-6-27 7:00:0021.7 21.4 21.8 21.7 1,004.8 0 98 98 6 4.6 2 3.3 4 3.2 0 3.2 7 5.4 7987 11312 22.1 22.1 22 22.1 22.3 22.4 22.5 -
2014-6-27 6:00:0021.8 21.5 21.9 21.8 1004 0 98 98 17 2.8 15 2 7 2 21 2.5 17 4 19545 19717 22 22 21.9 22.1 22.3 22.4 22.5 -
2014-6-27 5:00:0021.8 21.5 21.8 21.8 1,003.3 0 98 98 25 3.2 24 2.7 19 2.3 16 2.5 24 4.1 28535 32921 21.9 21.9 21.9 22.1 22.3 22.4 22.5 -
2014-6-27 4:00:0021.8 21.6 21.9 21.8 1003 0.1 99 99 20 3.4 18 2.6 21 2.4 23 3.1 25 4.5 34033 30116 21.9 22 21.9 22.1 22.4 22.5 22.6 -
2014-6-27 3:00:0022 21.8 22 22 1003 1.2 99 99 25 2.1 23 1.6 26 2.3 25 2.5 22 4.3 4245 4049 22 22.1 22 22.2 22.4 22.5 22.6 -
2014-6-27 2:00:0022 21.8 22.3 22 1,003.3 1.4 99 99 18 1.6 17 1 27 2 23 2.7 29 4.8 9605 8946 22 22.2 22 22.3 22.4 22.5 22.6 -
2014-6-27 1:00:0022.3 22.1 22.4 22.3 1,003.3 11.9 99 99 35 1.8 32 1.6 25 1.6 11 1.7 15 2.4 2288 3382 22.2 22.3 22.2 22.3 22.5 22.6 22.6 -
2014-6-27 00:00:0022.5 22.3 22.7 22.4 1,003.8 12.8 99 99 52 1.2 37 1 330 1.4 67 2.5 68 4.4 1262 1241 22.3 22.3 22.3 22.4 22.6 22.6 22.6 -
2014-6-26 23:00:0022.6 22.4 22.6 22.6 1,003.9 2.9 99 98 45 1.1 58 0.9 73 0.7 12 1.2 12 1.6 1380 1104 22.4 22.4 22.4 22.5 22.6 22.6 22.6 -
2014-6-26 22:00:0022.5 22.3 22.5 22.5 1,004.1 0.1 99 98 43 0.9 41 0.8 45 0.8 46 1 30 1.7 4835 4681 22.4 22.4 22.4 22.5 22.6 22.6 22.7 -
2014-6-26 21:00:0022.5 22.2 22.5 22.5 1,003.9 0.3 98 98 43 0.9 44 0.8 46 1.1 25 1.2 15 1.7 2773 2849 22.4 22.5 22.4 22.6 22.7 22.7 22.7 -
2014-6-26 20:00:0022.5 22.2 22.5 22.5 1,003.9 0.3 98 98 57 0.9 60 0.6 54 0.4 180 0.4 57 0.9 2680 2426 22.5 22.6 22.5 22.6 22.7 22.7 22.7 -
2014-6-26 19:00:0022.5 22.2 22.5 22.5 1,003.8 0.6 98 98 211 0.4 212 0.4 172 0.4 3 1.1 2 1.8 5687 5506 22.6 22.7 22.6 22.7 22.7 22.7 22.7 -
2014-6-26 18:00:0022.5 22.2 22.5 22.3 1,003.5 0.8 98 98 358 1.2 2 0.9 355 1 122 1.4 119 2.4 4140 4296 22.6 22.7 22.6 22.7 22.7 22.7 22.7 -
2014-6-26 17:00:0022.3 22 22.3 22.3 1,002.8 5.4 98 98 107 2.2 106 1.3 121 1.4 113 2.3 118 4.7 10623 10039 22.7 22.7 22.4 22.7 22.8 22.7 22.7 -
2014-6-26 16:00:0022.2 21.9 22.2 22.2 1,003.1 6.1 98 97 118 2.4 112 1.8 110 2 106 2.7 113 4.4 4770 4371 22.5 23 22.5 22.8 22.8 22.7 22.6 -
2014-6-26 15:00:0022.2 21.7 22.2 22 1,003.5 2.6 97 97 105 4.2 102 2.9 106 2.8 108 2.8 111 5.2 5186 5812 22.9 23 22.8 22.9 22.8 22.7 22.6 -
2014-6-26 14:00:0022 21.5 22.1 22 1,003.7 3.4 97 96 84 3.6 87 1.7 95 1.9 100 2.6 89 4.6 7387 5993 22.9 23.3 22.9 23 22.8 22.6 22.5 -
2014-6-26 13:00:0022.1 21.4 22.2 21.9 1004 0.9 96 96 96 3.7 95 2.7 102 2.4 89 2.6 110 5 7253 6808 23.2 23.7 23.2 23.1 22.7 22.5 22.5 -
2014-6-26 12:00:0021.9 21.2 22 21.8 1,004.3 0.5 96 96 85 5.6 87 3.5 90 2.5 89 2.7 81 5.7 11704 7789 23.3 23.4 22.9 22.9 22.6 22.4 22.4 -
2014-6-26 11:00:0021.8 21.1 22.3 21.8 1,004.8 0.7 96 93 80 2.7 84 2.8 86 2.2 84 3.1 86 6.4 11308 10160 22.9 23.7 22.7 22.8 22.6 22.3 22.4 -
2014-6-26 10:00:0022.3 21.1 22.4 21.9 1,004.6 0 93 93 87 5.8 84 3.8 91 2.6 80 3.3 81 7.6 26000 26828 23.7 24.4 23.3 22.9 22.3 22.2 22.3 -
2014-6-26 9:00:0021.9 21.2 21.9 21.7 1,004.6 0 96 96 75 4.3 79 2.6 73 2.7 84 3.5 84 6.3 15686 16449 23.4 23.4 22.2 22.2 22 22.1 22.3 -
2014-6-26 8:00:0021.7 21 21.9 21.7 1005 0.1 96 96 90 5.5 88 3.8 82 3.6 82 3.6 75 5.9 14675 16187 22.2 22.2 21.6 21.9 21.8 22 22.3 -
2014-6-26 7:00:0021.7 21.2 21.7 21.3 1005 0 97 97 70 2.8 81 1.2 84 1.7 71 2.9 86 4.8 13802 13111 21.6 21.6 21.3 21.6 21.7 22 22.3 -
2014-6-26 6:00:0021.3 21 21.4 21.2 1,004.9 0.4 98 98 72 3.8 73 2.2 69 3 67 3.3 62 6 11193 11008 21.3 21.3 21 21.4 21.7 22 22.4 -
2014-6-26 5:00:0021.2 20.9 21.3 21.2 1,004.7 1.3 98 97 56 4.9 57 2.9 69 2.2 71 3.1 69 4.9 5963 6022 21.1 21.1 21 21.3 21.7 22.1 22.4 -
2014-6-26 4:00:0021.2 20.7 21.3 21.2 1,004.6 0.1 97 97 77 2.8 76 2.1 75 2.4 70 3 68 5.3 13632 12876 21 21.1 21 21.3 21.7 22.1 22.5 -
2014-6-26 3:00:0021.2 20.7 21.2 21.1 1,004.4 0 97 97 77 4 76 2.3 74 2.4 76 2.5 83 5.3 15730 16155 21 21 20.9 21.3 21.7 22.1 22.5 -
2014-6-26 2:00:0021.1 20.6 21.1 20.8 1005 0.2 97 97 85 3.1 79 1.5 77 1.7 78 2.5 76 5 28899 25533 20.9 20.9 20.7 21.2 21.7 22.2 22.6 -
2014-6-26 1:00:0020.7 20.4 20.7 20.4 1,005.8 0.9 98 97 99 2.3 91 1.7 82 1.9 80 3 81 5.6 18534 18181 20.7 20.7 20.6 21.1 21.7 22.3 22.7 -
2014-6-26 00:00:0020.4 20.1 20.4 20.2 1,006.4 1.4 98 97 73 2 72 1.7 72 2 84 3 81 5.7 14786 14996 20.6 20.6 20.4 21.1 21.8 22.4 22.8 -
2014-6-25 23:00:0020.2 19.7 20.4 20.1 1,006.9 1.8 97 97 85 5.3 88 3.7 83 3.1 83 3.4 86 6.1 4842 3913 20.4 20.6 20.4 21.2 21.9 22.5 22.9 -
2014-6-25 22:00:0020.3 19.8 20.5 20.3 1,007.3 1.1 97 97 78 3.4 84 2.8 86 3.4 86 3.4 87 7.9 7949 6504 20.6 20.7 20.5 21.3 22.1 22.6 23 -
2014-6-25 21:00:0020.5 20 20.6 20.4 1,007.2 4.8 97 97 97 2.6 98 2.5 95 2.5 87 3.7 88 7.2 6548 5828 20.6 20.9 20.6 21.4 22.2 22.8 23.1 -
2014-6-25 20:00:0020.5 20 20.7 20.5 1,006.8 4.5 97 96 87 2.8 91 1.6 87 2.1 99 3.5 103 7.2 4111 3663 20.8 21 20.7 21.7 22.5 23 23.3 -
2014-6-25 19:00:0020.7 20 20.9 20.7 1,006.4 3.6 96 96 103 2.9 102 2.1 99 3.3 99 3.6 105 7.1 10600 10107 21 21.3 21 22.1 22.8 23.2 23.4 -
2014-6-25 18:00:0020.7 20.2 21.1 20.6 1,005.9 6.1 97 96 105 4.8 103 2.3 100 2.5 109 4.4 108 9.2 4031 4079 21.3 21.8 21.3 22.4 23.2 23.4 23.4 -
2014-6-25 17:00:0021.1 20.4 21.6 21.1 1,005.7 3.9 96 96 107 5.8 110 4 118 4.1 118 4.1 124 7.7 6272 5337 21.8 22.9 21.8 23.1 23.5 23.5 23.4 -
2014-6-25 16:00:0021.6 21.1 21.8 21.6 1006 2.1 97 96 101 1.7 101 1.1 122 1.8 109 3.2 114 5.8 5662 5870 22.9 23.4 22.8 23.4 23.7 23.6 23.4 -
2014-6-25 15:00:0021.8 21.1 22 21.8 1,006.2 0.9 96 96 119 4.9 120 3.8 111 2.7 116 3.4 116 5.7 4671 4177 23.1 23.8 23.1 23.8 23.8 23.6 23.4 -
2014-6-25 14:00:0022 21.3 22.2 22 1,006.6 1 96 94 102 3 104 2.4 105 2.1 122 2.8 117 5 9098 9598 23.6 24.9 23.6 24.1 23.9 23.5 23.4 -
2014-6-25 13:00:0022.2 21.2 22.3 22.1 1007 0.5 94 94 124 3.2 124 2.4 134 2.2 118 2.3 127 4.1 14993 15466 24.7 25.4 24 24.3 23.7 23.4 23.3 -
2014-6-25 12:00:0022.3 21.3 22.6 22.3 1,007.4 0.1 94 91 116 2.2 121 1.8 121 1.6 123 2.4 113 4 4686 6584 24.2 24.5 23.9 23.9 23.6 23.3 23.3 -
2014-6-25 11:00:0022.5 21.1 22.8 22.5 1,007.6 0 92 90 107 2.2 104 1.8 114 1.8 124 2.6 117 4.4 19945 11567 23.9 24.7 23.7 23.8 23.4 23.2 23.2 -
2014-6-25 10:00:0022.8 21.1 22.8 22.7 1,007.4 0 90 88 128 2.4 127 2.1 140 1.9 166 2.5 163 3.8 21116 25900 24.6 24.9 24.1 23.7 23.2 23.1 23.2 -
2014-6-25 9:00:0022.8 20.7 22.8 22.5 1,007.6 0 88 87 162 3.4 163 2.6 167 2.4 163 2.6 146 4.1 30124 32663 24.3 24.3 23.4 23.2 23 23 23.3 -
2014-6-25 8:00:0022.5 20.6 22.5 22 1,006.9 0 89 89 126 3 125 1.9 129 1.8 134 2.3 136 4.3 35000 28857 23.4 23.5 22.8 22.8 22.7 23 23.3 -
2014-6-25 7:00:0022 20.5 22 21.5 1,006.8 0.1 91 91 120 1.9 123 1.6 116 1.5 115 1.6 128 3.1 19930 19353 22.8 22.8 21.2 22.3 22.5 23 23.4 -
2014-6-25 6:00:0021.6 20.2 21.6 21.3 1,006.4 0.2 92 91 138 2.5 142 1.3 132 1.3 121 2.1 112 3.1 10822 11398 21.1 21.1 20.8 21.7 22.5 23.2 23.6 -
2014-6-25 5:00:0021.4 19.9 21.4 21.3 1,006.4 0 91 90 96 0.3 99 0.4 113 0.6 149 1.3 150 2.2 18910 19504 20.8 20.8 20.6 21.7 22.6 23.3 23.7 -
2014-6-25 4:00:0021.4 19.7 21.7 21.4 1006 0 90 87 140 1.8 143 1.2 149 1.4 157 1.9 150 3.2 19040 19782 20.6 20.8 20.5 21.8 22.8 23.5 23.9 -
2014-6-25 3:00:0021.7 19.4 21.9 21.6 1,006.1 0 87 86 161 2.2 158 1.8 158 1.7 154 1.9 152 2.9 27157 27258 20.8 21 20.8 22 23.1 23.8 24.1 -
2014-6-25 2:00:0021.9 19.5 22 21.9 1,006.4 0 86 84 166 1.7 168 1.2 165 1.5 177 2.4 172 3.5 27606 26485 21 21.1 21 22.2 23.3 24 24.3 -
2014-6-25 1:00:0022 19.2 22.1 22 1,006.7 0 84 82 173 2.3 177 2.1 181 2.3 175 2.8 175 4.3 35000 35000 21.1 21.1 21 22.4 23.6 24.3 24.5 -
2014-6-25 00:00:0022 18.8 22.3 22 1007 0 82 80 170 2.8 171 2.4 175 2.8 177 2.8 175 4 35000 35000 21 21.3 21 22.6 24 24.6 24.7 -
2014-6-24 23:00:0022.3 18.7 22.6 22.2 1,007.4 0 80 80 174 2.9 175 2.6 178 2.3 172 3 175 4.5 35000 16732 21.3 21.6 21.3 23.1 24.5 25 24.9 -
2014-6-24 22:00:0022.5 19.3 23.1 22.5 1,007.6 0 82 82 175 3 175 2.6 171 2.9 173 4.2 175 6.5 35000 35000 21.6 22.5 21.6 23.8 25.1 25.4 25 -
2014-6-24 21:00:0023.2 20.9 23.5 23.2 1,007.1 0 87 86 170 3.2 171 2.5 176 3.1 176 3.4 169 5.6 31659 29081 22.5 23.4 22.5 24.6 25.7 25.8 25.2 -
2014-6-24 20:00:0023.5 21.2 24.3 23.5 1,006.5 0 87 84 146 3.6 149 2.6 148 2.2 151 3.1 147 4.8 19938 21415 23.5 24.4 23.5 25.4 26.4 26.1 25.3 -
2014-6-24 19:00:0024.3 21.4 25.3 24.3 1,006.4 0 84 76 153 3.1 157 1.7 161 2.5 171 4.2 171 6.4 20700 19388 24.3 26.2 24.3 26.4 27.2 26.5 25.3 -
2014-6-24 18:00:0025.3 20.8 26.1 25.3 1,005.9 0 76 71 173 4.3 176 3.2 171 3 158 4 158 6.2 21515 24844 26.3 29 26.3 28 28 26.7 25.1 -
2014-6-24 17:00:0026.2 20.8 26.6 26.1 1,005.6 0 72 70 158 5.3 157 4.3 158 3.2 183 4.6 162 6.3 35000 30508 29.1 31.8 29.1 29.6 28.6 26.6 24.9 -
2014-6-24 16:00:0026.5 21 27.1 26.4 1,005.5 0 72 70 178 6 185 3.9 185 4.7 178 4.8 163 7.2 21602 30545 31.6 35.6 31.4 30.9 28.9 26.4 24.5 -
2014-6-24 15:00:0026.9 21.7 27 26.4 1,005.8 0 73 70 160 5.1 150 3.2 148 4 163 4.5 183 6.9 18293 20028 35.9 36.7 34.6 31.9 28.7 25.9 24.1 -
2014-6-24 14:00:0026.5 21 27.1 26.5 1,006.1 0 72 68 165 4.3 170 3.8 176 4 185 4.2 189 6.6 26459 21570 36.3 37.8 35.2 31.8 28.1 25.2 23.6 -
2014-6-24 13:00:0027 21.5 27.1 26.4 1,006.5 0 72 69 148 4.5 155 2.2 177 3.2 184 3.8 179 6.3 18712 22310 36.9 37.9 33.7 31.1 27.2 24.5 23.2 -
2014-6-24 12:00:0026.7 21.2 26.7 25.8 1,007.1 0 72 71 171 4.6 159 3 169 2.8 184 3.1 164 5.5 20387 18381 38.2 38.2 33.8 30.3 26 23.7 22.8 -
2014-6-24 11:00:0025.7 21.4 25.8 25.1 1,007.6 0 77 76 173 3.6 184 2.7 193 2.8 188 3.2 180 4.6 15541 18141 34.4 34.4 29.8 27.8 24.7 23.1 22.5 -
2014-6-24 10:00:0025.3 20.6 25.7 24.3 1,007.8 0 75 75 213 3.1 210 2.9 184 2.4 182 3.3 187 5.1 16335 18120 30.6 33.2 27.5 26.4 23.6 22.5 22.4 -
2014-6-24 9:00:0024.3 21 24.3 23.5 1,007.5 0 82 81 187 4.6 192 2.8 186 2.8 175 3.4 170 4.8 18535 19061 27.4 27.4 25.4 24.4 22.7 22.2 22.3 -
2014-6-24 8:00:0023.5 21.2 23.5 22.3 1,007.3 0 87 87 183 3.3 181 3 174 2.8 173 3 171 4.4 13385 14014 25.4 25.4 24.1 23 22 21.9 22.2 -
2014-6-24 7:00:0022.2 21.5 22.2 20.8 1,007.1 0 96 96 180 2 179 1.9 171 1.7 165 1.7 178 2.9 6756 7003 24.1 24.1 20.8 21.6 21.4 21.8 22.3 -
2014-6-24 6:00:0020.8 20.6 20.8 20.1 1,006.9 0 99 99 136 0.9 133 0.7 134 0.7 113 0.8 130 1.5 4163 4357 20.9 20.9 19.4 20.5 21.2 21.9 22.4 -
2014-6-24 5:00:0020.1 19.9 20.1 19.8 1007 0 99 98 139 0.3 - 0.1 136 0.4 128 0.7 132 1.4 3755 3745 19.4 19.5 19.3 20.3 21.3 22.1 22.6 -
2014-6-24 4:00:0020 19.7 20.3 20 1,006.7 0 98 98 79 0.8 76 0.6 71 0.5 175 0.7 173 1 2770 2759 19.5 19.6 19.5 20.5 21.5 22.3 22.7 -
2014-6-24 3:00:0020.2 19.9 20.5 20.2 1,006.4 0 98 97 168 0.9 168 0.7 176 0.7 156 1.4 158 1.8 2666 2731 19.6 19.9 19.6 20.7 21.8 22.4 22.8 -
2014-6-24 2:00:0020.5 20.2 20.7 20.5 1,006.9 0 98 97 177 1.1 176 1 175 0.9 149 1.2 164 1.7 3135 3169 19.9 20.1 19.9 21 22 22.6 22.9 -
2014-6-24 1:00:0020.6 20.3 20.7 20.6 1,007.3 0 98 97 143 1.2 140 0.8 144 1 149 1.1 148 1.8 3022 2960 20.1 20.3 20.1 21.2 22.2 22.8 23.1 -
2014-6-24 00:00:0020.7 20.2 20.9 20.7 1,007.7 0 97 96 137 1.4 139 1 145 0.7 148 1.5 148 2.3 3007 3056 20.3 20.6 20.3 21.5 22.5 23 23.2 -
2014-6-23 23:00:0020.9 20.4 20.9 20.8 1,008.2 0 97 96 152 2.1 151 1.4 146 1.2 157 1.5 151 2.5 4138 4169 20.6 20.8 20.6 21.8 22.8 23.2 23.3 -
2014-6-23 22:00:0020.9 20.2 21.2 20.9 1,008.5 0 96 94 169 1.2 162 1.1 153 1.1 150 1.5 153 2.1 5006 5000 20.7 21.1 20.7 22.1 23.2 23.5 23.4 -
2014-6-23 21:00:0021.2 20.2 21.7 21.2 1,008.4 0 94 92 152 2.2 148 1.6 152 1.3 150 1.9 150 3.6 6957 7233 21.1 21.7 21.1 22.7 23.6 23.8 23.5 -
2014-6-23 20:00:0021.7 20.3 22.5 21.7 1,007.8 0 92 88 146 2 141 1.5 145 1.7 151 2 144 3.2 9105 9708 21.8 22.8 21.8 23.5 24.2 24 23.5 -
2014-6-23 19:00:0022.5 20.4 23.5 22.5 1007 0 88 82 136 1.8 135 1.3 153 2 162 2.8 166 4.2 13946 13946 22.9 25.2 22.9 24.5 24.7 24 23.4 -
2014-6-23 18:00:0023.5 20.2 23.9 23.5 1,006.8 0 82 81 147 2.2 147 1.7 143 1.9 144 2.6 131 3.9 16780 18260 25.2 27.4 25.2 25.6 24.8 23.9 23.3 -
2014-6-23 17:00:0023.7 20.4 23.7 23.4 1,006.4 0 82 80 108 2.2 110 1.9 118 1.7 109 2 107 3.2 17127 19719 27.2 27.2 26 25.6 24.8 23.8 23.1 -
2014-6-23 16:00:0023.6 20.3 24 23.6 1,006.4 0.1 82 77 100 2.8 112 1.8 109 1.9 111 2 127 3.1 20640 19710 26.1 29.1 26.1 26.1 24.7 23.5 22.9 -
2014-6-23 15:00:0023.7 19.8 24 23.2 1,006.6 0 79 76 78 1.1 90 0.9 122 1.2 159 1.9 126 3.3 19608 22475 28.2 30.6 27.8 26.3 24.2 23.1 22.8 -
2014-6-23 14:00:0023.2 20.2 23.2 22.5 1007 0 83 83 140 2.9 131 1.5 321 1 154 1.9 145 3.7 20874 17286 27.8 27.8 24.4 24.4 23.5 22.9 22.7 -
2014-6-23 13:00:0022.5 20 23.2 22.5 1008 0.1 86 80 126 0.4 98 0.4 115 1.2 150 4.2 151 6.9 17180 17145 25.1 26.8 24.5 24.2 23.4 22.7 22.6 -
2014-6-23 12:00:0023.3 19.7 23.3 22.7 1,007.8 0 80 80 167 5 164 3.4 152 2.7 148 3 167 5 19504 21756 26.9 27 24.7 24 22.9 22.5 22.5 -
2014-6-23 11:00:0022.7 20 22.7 22.4 1,008.8 0 85 85 74 2.4 61 1.8 88 1.3 110 2.3 111 3.8 18751 20345 24.8 24.8 23.1 23.1 22.6 22.4 22.4 -
2014-6-23 10:00:0022.5 20 22.6 22.5 1,008.6 0 86 85 111 3.1 99 1.8 93 1.5 107 2.2 108 4.5 18310 18585 23.4 24 23.4 23 22.4 22.2 22.4 -
2014-6-23 9:00:0022.5 20.2 22.5 22.2 1,008.5 0 87 86 69 2.7 75 1.8 77 1.5 106 2.8 120 4.7 18210 15494 23.7 23.8 23.1 22.6 22.1 22.1 22.3 -
2014-6-23 8:00:0022.2 20.1 22.2 21.2 1,007.9 0 88 88 113 3.2 114 2.1 92 1.4 95 1.9 111 4.3 15265 14685 23.1 23.1 22.1 22 21.8 22 22.4 -
2014-6-23 7:00:0021.2 20.5 21.2 20.5 1,007.9 0 96 96 141 1 125 0.8 107 0.5 21 1.4 22 2.1 10312 9018 22.1 22.1 20.7 21.3 21.5 22 22.4 -
2014-6-23 6:00:0020.5 20 20.5 20.3 1,007.6 0 97 97 29 1.5 26 1.2 356 1.3 347 1.4 346 1.9 4252 4898 20.7 20.7 20 20.8 21.4 22.1 22.5 -
2014-6-23 5:00:0020.2 19.7 20.2 20.2 1,007.2 0 97 97 - 0.1 - 0.1 - 0.1 143 0.6 151 1.6 5472 4892 19.9 19.9 19.9 20.7 21.5 22.2 22.7 -
2014-6-23 4:00:0020.2 19.7 20.4 20.2 1007 0 97 96 68 0.4 - 0.1 - 0.2 154 1.5 157 2.2 5457 5389 19.9 20 19.9 20.8 21.7 22.3 22.8 -
2014-6-23 3:00:0020.3 19.6 20.5 20.3 1007 0 96 96 142 1.6 139 1.1 123 0.5 148 1.9 145 2.9 5994 6063 20 20.1 20 20.9 21.8 22.5 22.9 -
2014-6-23 2:00:0020.4 19.7 20.5 20.3 1,007.2 0 96 95 148 2.9 148 2.2 148 1.3 9 1.5 148 2.9 7279 7523 20.1 20.1 20 21.1 22 22.7 23 -
2014-6-23 1:00:0020.5 19.7 20.8 20.5 1,008.2 0 95 94 358 2 3 1.6 35 1 128 1.1 131 2.2 8297 9430 20.1 20.5 20.1 21.3 22.3 22.9 23.1 -
2014-6-23 00:00:0020.8 19.8 20.9 20.8 1,008.8 0 94 94 133 0.4 133 0.3 144 0.5 140 1.2 129 2 9753 10120 20.5 20.8 20.5 21.6 22.5 23 23.2 -
2014-6-22 23:00:0020.9 19.9 21.1 20.9 1,008.9 0 94 92 141 1.6 141 1.3 134 1 139 1.4 142 3.3 11588 11089 20.8 21 20.8 21.9 22.8 23.2 23.4 -
2014-6-22 22:00:0021.1 19.7 21.5 21.1 1,008.9 0 92 90 151 1.5 148 1.1 131 1.1 101 1.6 102 2.5 13373 12698 21 21.3 21 22.2 23.1 23.5 23.5 -
2014-6-22 21:00:0021.5 19.6 21.8 21.5 1,008.6 0 89 89 109 1.9 110 1.8 99 1.6 103 1.9 110 3.6 13575 12629 21.3 21.9 21.3 22.6 23.5 23.7 23.6 -
2014-6-22 20:00:0021.8 20.1 22.2 21.8 1,008.7 0 90 86 102 0.5 110 0.6 90 1 103 1.6 110 3 13566 13477 21.9 22.6 21.9 23.1 23.9 23.9 23.6 -
2014-6-22 19:00:0022.2 19.7 22.7 22.2 1,008.3 0 86 83 96 2.5 99 1.5 109 1.4 80 2 75 3.5 19240 19952 22.6 23.8 22.6 23.9 24.3 24 23.6 -
2014-6-22 18:00:0022.7 19.9 23.4 22.7 1,007.8 0 84 81 71 2.3 76 1.7 80 2 66 2.8 44 4.6 19110 20342 23.8 25.6 23.8 24.7 24.6 24 23.5 -
2014-6-22 17:00:0023.3 20.1 23.6 23.3 1,007.8 0 82 78 57 3.1 60 2.3 53 2.7 43 3.2 42 5.7 23588 21741 25.6 26.4 25.6 25.4 24.7 24 23.4 -
2014-6-22 16:00:0023.4 19.8 23.8 23.4 1,007.9 0 80 77 72 3.2 80 2.6 52 2.8 59 2.8 61 4.9 28464 30222 25.9 27.1 25.9 25.5 24.7 23.9 23.3 -
2014-6-22 15:00:0023.8 19.7 23.8 23.1 1,007.9 0 78 78 32 4.5 30 2.8 45 2.3 45 2.3 32 4.5 35000 35000 27 27.1 24.8 25.4 24.6 23.8 23.2 -
2014-6-22 14:00:0023.4 20 24.1 23.4 1,007.8 0 81 77 48 2.3 47 1.9 63 2.1 77 2.6 71 4.5 27295 32658 25.6 29.4 25.6 25.8 24.7 23.5 23 -
2014-6-22 13:00:0024 19.9 24.1 23.8 1,007.8 0 78 74 69 3.4 73 1.9 66 2.1 66 2.1 58 3.7 30833 26417 28.8 29.4 27.6 25.9 24.3 23.2 22.8 -
2014-6-22 12:00:0023.8 19.3 23.9 23.2 1,008.5 0 76 76 80 3.2 77 1.5 70 1.3 59 2.6 68 3.9 35000 29198 28.8 28.8 27.1 25.3 23.6 22.8 22.7 -
2014-6-22 11:00:0023.2 19.6 23.2 22.4 1,008.3 0 80 78 69 3.8 70 2.6 63 2.3 64 2.6 80 4 35000 30616 27.1 27.1 24.4 24.1 23 22.6 22.6 -
2014-6-22 10:00:0022.4 19.8 22.5 22.2 1,008.8 0 85 81 65 2.6 69 1.9 49 1.9 41 2.9 45 5.1 23608 22822 24.3 25.4 23.5 23.2 22.7 22.4 22.5 -
2014-6-22 9:00:0022.6 19.4 22.6 22 1,008.5 0 82 82 52 3.2 52 2.5 45 2.6 62 3.2 72 5 29107 30279 25.5 26.1 23.8 23.2 22.3 22.3 22.5 -
2014-6-22 8:00:0022 19.9 22 21.3 1008 0 88 87 51 4.6 61 2.9 67 2.6 72 2.6 69 5.1 32557 28347 24 24 21.5 22.2 21.9 22.2 22.5 -
2014-6-22 7:00:0021.3 19.8 21.3 21.2 1,007.7 0 91 91 65 2.7 66 2.1 65 1.8 49 2.8 61 4.9 33574 28983 21.5 21.5 21.1 21.4 21.8 22.2 22.6 -
2014-6-22 6:00:0021.2 19.8 21.2 20.9 1,007.5 0 92 92 30 2.7 34 2.1 49 1.9 60 3 66 5.4 22832 25329 21.1 21.1 20.7 21.2 21.8 22.3 22.6 -
2014-6-22 5:00:0020.9 19.7 20.9 20.8 1,006.8 0 93 93 30 2.8 25 1.9 42 2.2 51 2.3 49 4.2 23122 24061 20.7 20.7 20.5 21.2 21.9 22.4 22.7 -
2014-6-22 4:00:0020.7 19.9 20.7 20.7 1,006.6 0 95 95 39 2.3 36 2 30 2 56 2 48 3.2 21443 19372 20.7 20.9 20.7 21.3 22 22.4 22.8 -
2014-6-22 3:00:0020.8 20.1 20.8 20.7 1,006.5 0 96 96 43 1.7 52 1.5 57 1.7 66 2.2 62 3.7 21571 18320 20.9 20.9 20.8 21.5 22 22.5 22.9 -
2014-6-22 2:00:0020.8 20.3 21 20.8 1006 0 97 97 64 3.5 64 2.1 68 2.2 68 2.2 83 4 13645 12646 20.9 21 20.9 21.5 22.1 22.6 22.9 -
2014-6-22 1:00:0020.8 20.1 21 20.8 1,006.3 0.3 96 96 83 1.9 92 1.4 88 1.3 71 2.4 69 4.2 24273 24533 21 21 20.9 21.6 22.2 22.7 23 -
2014-6-22 00:00:0020.9 20.2 21.2 20.9 1,006.4 3.2 96 96 75 2.9 73 2.1 73 2 72 2.7 71 4.9 8699 8017 20.9 21.1 20.9 21.7 22.4 22.8 23.1 -
2014-6-21 23:00:0021.2 20.5 21.3 21.1 1,006.4 1.9 96 95 59 3.1 59 2.5 62 2.6 59 3 48 5.9 13547 8349 21.1 21.3 21.1 21.9 22.6 23 23.2 -
2014-6-21 22:00:0021.3 20.6 21.7 21.3 1,006.6 3.6 96 95 71 2.5 68 2.1 66 2 46 3 47 5.4 6642 5853 21.3 21.6 21.3 22.2 22.8 23.1 23.3 -
2014-6-21 21:00:0021.7 20.9 21.8 21.7 1,006.3 0.7 95 95 47 5.3 49 3.7 45 2.7 42 2.9 41 6.3 26176 18684 21.6 21.8 21.6 22.4 23 23.3 23.4 -
2014-6-21 20:00:0021.8 21.1 21.9 21.8 1,005.1 0.5 96 95 54 3.8 53 3 69 2.1 69 2.1 53 4.2 7820 8089 21.8 22 21.8 22.6 23.1 23.4 23.5 -
2014-6-21 19:00:0021.9 21.1 21.9 21.8 1,005.1 0 95 94 53 2.4 50 1.8 50 1.9 38 3.1 41 5.6 17640 19067 22 22.4 22 22.8 23.3 23.5 23.5 -
2014-6-21 18:00:0021.9 21.1 22 21.9 1,004.6 0 95 94 40 4.9 40 3.8 38 3.1 37 4.4 33 6.9 31245 24664 22.4 22.8 22.4 23.1 23.6 23.6 23.6 -
2014-6-21 17:00:0022 21.2 22.1 21.9 1,003.5 0 95 95 43 5.1 41 3.1 38 3.9 31 4.5 48 8.2 18555 17934 22.8 23.4 22.8 23.5 23.8 23.7 23.6 -
2014-6-21 16:00:0022 21.3 22.5 22 1,003.3 1 96 93 31 4.9 27 4.4 32 4.5 18 5.2 13 9 15964 12010 23.3 23.7 23 23.8 23.9 23.8 23.6 -
2014-6-21 15:00:0022.5 21.5 23.1 22.5 1,003.6 0 94 93 4 6.3 13 5.1 15 4.6 24 6.4 23 10.2 34644 30046 23.7 25.8 23.7 24.4 24.1 23.7 23.5 -
2014-6-21 14:00:0023 21.8 23.3 23 1,002.9 0 93 93 28 7.1 30 5.6 26 5.5 24 5.6 19 8.6 35000 35000 25.7 26.5 25.2 24.8 24 23.5 23.4 -
2014-6-21 13:00:0023 22.2 23.1 22.5 1003 0.5 95 94 48 3.4 43 2.3 25 3.8 16 4.7 14 7.3 35000 35000 25.3 27.1 23.3 24.4 23.6 23.4 23.4 -
2014-6-21 12:00:0022.5 22.2 22.9 22.4 1,003.5 2.8 98 97 355 5.6 353 3.9 350 3.8 21 4.7 32 7.4 5661 7656 23.3 23.7 23.2 23.4 23.4 23.4 23.4 -
2014-6-21 11:00:0022.9 22.6 23 22.8 1,002.8 2.7 98 98 22 5 22 3.7 21 4.8 21 5.1 21 7.9 8671 9123 23.7 23.7 23.4 23.4 23.4 23.4 23.4 -
2014-6-21 10:00:0022.9 22.6 23 22.8 1,002.9 7 98 98 31 2.2 32 1.5 34 2.3 15 3.5 32 5 17791 12342 23.5 23.6 23.1 23.3 23.3 23.4 23.4 -
2014-6-21 9:00:0022.8 22.6 22.9 22.8 1,003.1 14.3 99 99 11 4.6 7 3.8 3 3.5 6 4.2 3 5.9 8636 5037 23.1 23.1 22.9 23.1 23.3 23.4 23.5 -
2014-6-21 8:00:0022.9 22.7 23.1 22.9 1,002.6 17 99 99 38 4.1 33 2.7 43 2.6 28 3.1 24 5.8 5738 2512 23 23.2 23 23.2 23.4 23.5 23.6 -
2014-6-21 7:00:0023.1 22.9 23.3 23.1 1,002.3 9.1 99 99 51 2.6 49 2.3 62 2.2 65 2.2 71 3.8 2430 2571 23.2 23.3 23.2 23.4 23.5 23.6 23.6 -
2014-6-21 6:00:0023.3 23.1 23.4 23.3 1,002.2 3.5 99 99 52 2.3 54 1.6 75 1.1 67 1.8 65 3.2 813 1246 23.4 23.4 23.3 23.5 23.6 23.7 23.7 -
2014-6-21 5:00:0023.3 23.1 23.3 23 1,002.1 0.2 99 99 - 0.2 65 0.3 54 0.6 38 1.8 48 2.7 2336 2455 23.3 23.3 23.2 23.5 23.7 23.7 23.7 -
2014-6-21 4:00:0023 22.8 23.2 23 1,002.2 0.2 99 99 51 2 49 1.5 35 1.9 24 2.6 24 3.9 2258 1912 23.2 23.3 23.2 23.5 23.8 23.8 23.8 -
2014-6-21 3:00:0023.2 23 23.2 23.1 1,002.3 0 99 99 33 2.4 33 1.7 25 1.7 21 2.3 11 2.9 3274 3693 23.3 23.5 23.3 23.7 23.9 23.9 23.8 -
2014-6-21 2:00:0023.2 23 23.7 23.2 1,002.5 0.2 99 99 10 2.4 20 2 20 2.5 20 3.1 12 4.3 1246 1393 23.5 23.7 23.5 23.8 24 23.9 23.9 -
2014-6-21 1:00:0023.7 23.5 23.9 23.7 1,002.5 0 99 98 46 1.7 44 1.3 21 1.6 19 2.1 30 3.1 636 760 23.7 23.8 23.7 23.9 24.1 24 23.9 -
2014-6-21 00:00:0023.9 23.6 24 23.9 1,002.6 0 98 98 22 3.3 18 2.4 22 1.9 22 1.9 22 3.3 725 1147 23.8 23.9 23.8 24 24.1 24.1 23.9 -
2014-6-20 23:00:0024 23.7 24.2 24 1003 0 98 97 30 1.7 29 1.3 20 1.3 22 1.4 20 2.1 1957 1974 23.9 24 23.9 24.1 24.2 24.2 24 -
2014-6-20 22:00:0024.2 23.7 24.3 24.2 1,002.9 0 97 97 25 1 20 0.9 15 1.1 18 1.4 14 1.9 2318 2120 24 24.1 24 24.2 24.4 24.2 24 -
2014-6-20 21:00:0024.3 23.8 24.4 24.3 1,002.8 0 97 96 339 0.6 336 0.4 284 0.3 128 0.9 124 1.2 3844 3902 24.1 24.1 23.9 24.4 24.5 24.3 24 -
2014-6-20 20:00:0024.4 23.7 24.7 24.4 1,002.2 0 96 94 30 1 29 0.9 31 0.8 17 1 15 1.5 3304 3910 24.1 24.7 24.1 24.7 24.7 24.4 24 -
2014-6-20 19:00:0024.7 23.7 25 24.7 1002 0 94 93 148 0.6 157 0.4 170 0.8 180 2 179 3.5 7885 7941 24.7 25.3 24.7 25 24.9 24.4 24 -
2014-6-20 18:00:0025.1 23.9 25.3 25.1 1,001.6 0 93 92 194 2 196 1.3 180 1.3 168 1.3 164 2.4 7392 6883 25.3 26.7 25.3 25.4 25 24.4 23.9 -
2014-6-20 17:00:0025.3 24.1 25.3 24.9 1,001.3 0 93 93 87 1.1 92 0.8 112 0.8 75 1 59 1.7 7497 7465 26.7 27 26.3 25.7 24.9 24.3 23.9 -
2014-6-20 16:00:0024.9 24 24.9 24.7 1,001.3 0 95 94 105 0.9 121 0.7 129 0.9 172 1.3 176 2 7513 7437 26.3 26.3 25.7 25.4 24.8 24.2 23.8 -
2014-6-20 15:00:0024.8 23.9 24.9 24.8 1,001.5 0 95 92 196 1.4 191 1.2 178 0.8 172 1.4 166 2.2 7186 6882 26 26.4 25.9 25.4 24.7 24.1 23.7 -
2014-6-20 14:00:0024.8 23.6 24.8 24.6 1,001.8 0 93 93 195 1.4 200 0.7 211 1 186 2 183 2.9 11412 10743 26.2 26.2 25.7 25.2 24.5 24 23.7 -
2014-6-20 13:00:0024.6 23.6 24.6 23.9 1002 0 94 93 200 2.2 191 1.8 183 2.1 174 2.4 176 3.6 16794 15751 26.1 26.6 25.8 25.2 24.3 23.8 23.6 -
2014-6-20 12:00:0023.9 23.4 23.9 23.5 1002 0.1 97 97 109 1.5 113 1.1 109 1.2 137 2.1 146 3.3 12184 11188 25.9 26 25.2 24.7 24.1 23.7 23.5 -
2014-6-20 11:00:0023.5 23 23.5 23.2 1,002.6 0.7 97 97 152 3.3 147 1.9 134 2 125 2.8 137 4.9 15709 16709 25.1 25.7 24.9 24.4 23.8 23.5 23.5 -
2014-6-20 10:00:0023.2 22.7 23.2 22.7 1,002.4 1.6 97 97 117 4.4 118 2.9 126 2.9 119 3 115 5.5 11059 10801 24.9 24.9 23.8 23.8 23.5 23.4 23.5 -
2014-6-20 9:00:0022.8 22.3 22.8 22.3 1,002.8 3.6 97 97 127 4.2 126 2.8 119 2.9 119 2.9 96 5.2 7653 6665 23.8 23.8 22.9 23.4 23.3 23.4 23.6 -
2014-6-20 8:00:0022.3 21.8 22.3 22.2 1003 2.7 97 96 119 3.8 119 3.2 120 2.3 127 3.3 132 5.7 6258 5774 22.9 23 22.5 23 23.2 23.5 23.7 -
2014-6-20 7:00:0022.2 21.5 22.3 22.2 1003 2.9 96 94 128 4.8 125 3.5 125 3.4 125 3.4 127 6.7 4413 5505 22.5 22.5 22.1 22.8 23.2 23.6 23.7 -
2014-6-20 6:00:0022.3 21.3 22.9 22.3 1,002.9 0.4 94 89 136 4.3 133 2.2 132 2.6 133 3.2 128 7.5 4094 5339 22.1 22.4 22 22.9 23.3 23.7 23.8 -
2014-6-20 5:00:0022.9 21 22.9 22.8 1,002.9 0 89 88 132 3.6 133 2.2 135 3.1 122 3.4 140 6.5 13121 13339 22.4 22.5 22.4 22.9 23.4 23.8 24 -
2014-6-20 4:00:0022.8 20.9 22.8 22.5 1,002.5 0 89 88 125 5.8 128 3.5 126 3.2 131 3.3 136 6.1 13575 14219 22.4 22.4 21.9 22.9 23.5 23.9 24.1 -
2014-6-20 3:00:0022.5 20.8 22.6 22.5 1,002.6 0 90 89 128 4 135 3 134 2.8 137 3.4 141 6.8 14143 14668 22 22.2 21.9 23 23.7 24.1 24.2 -
2014-6-20 2:00:0022.6 20.7 22.7 22.6 1003 0 89 88 122 4 131 2.6 126 2.6 122 4 116 7.5 19867 19090 22.2 22.6 22.2 23.3 23.9 24.3 24.3 -
2014-6-20 1:00:0022.7 20.8 22.8 22.6 1,003.6 0 89 89 124 3.9 126 3.3 121 2.9 127 3.9 125 7.9 16636 17498 22.5 22.7 22.5 23.5 24.1 24.5 24.5 -
2014-6-20 00:00:0022.7 21 22.7 22.7 1,003.7 0 90 89 111 3.9 119 3 117 3.1 126 3.9 125 7.1 14353 15429 22.5 22.8 22.4 23.6 24.4 24.7 24.7 -
2014-6-19 23:00:0022.7 21 22.7 22.5 1,004.7 0 90 90 129 4.6 133 3.9 131 3.3 120 3.4 119 6.4 15009 15193 22.8 22.8 22.1 23.8 24.7 25 24.8 -
2014-6-19 22:00:0022.5 21 22.5 22.4 1,004.8 0 91 90 121 4.5 123 4 128 3.3 118 3.3 107 6.6 14807 15132 22.1 22.4 21.9 24.1 25.2 25.4 25 -
2014-6-19 21:00:0022.5 20.8 22.6 22.5 1,004.5 0 90 89 116 4.5 115 3.1 115 3.2 123 3.4 128 6.9 15451 15618 22.4 23 22.4 24.8 25.8 25.8 25.2 -
2014-6-19 20:00:0022.6 20.7 22.9 22.6 1,004.1 0 89 87 112 3.5 113 2.6 116 3 127 3.7 117 6.6 18920 17700 23 24.3 23 25.8 26.6 26.2 25.2 -
2014-6-19 19:00:0022.9 20.6 23.7 22.9 1,004.3 0 87 83 129 4.7 126 3.4 125 3.3 134 3.8 124 7.2 19563 20830 24.3 27.4 24.3 27.2 27.5 26.5 25.2 -
2014-6-19 18:00:0023.7 20.4 24.6 23.7 1,003.8 0 82 78 120 4.9 120 3.9 124 3 141 3.7 136 6.9 26475 25730 27.5 32.1 27.5 29 28.2 26.6 25 -
2014-6-19 17:00:0024.6 20.7 25.5 24.6 1,003.4 0 79 75 119 3.7 127 2.6 130 3.2 112 3.9 121 7 29694 28248 32.1 39.3 32.1 30.6 28.7 26.4 24.7 -
2014-6-19 16:00:0025.3 20.8 25.7 25 1,003.1 0 76 73 103 5.4 117 3.7 111 3.9 124 4.2 118 7.1 28005 25765 39.2 41.4 37.5 31.6 28.4 25.9 24.4 -
2014-6-19 15:00:0025.1 20.6 25.5 25 1,004.1 0 76 75 125 5.5 122 3.4 124 3.9 107 4.3 101 7.6 23818 24933 37 41.7 36.8 31.2 27.8 25.4 24 -
2014-6-19 14:00:0025.2 20.5 25.4 24.8 1,004.7 0 75 74 136 6.4 136 4.2 126 4 125 4.3 137 6.9 25811 25253 39.2 40.2 35.8 30.5 27.1 24.9 23.7 -
2014-6-19 13:00:0024.9 20.2 25.4 24.6 1,005.2 0 75 72 155 4 158 3.4 128 2.9 150 4 155 6.5 27535 26375 35.9 40.4 35.1 29.5 26.3 24.4 23.4 -
2014-6-19 12:00:0024.6 19.7 24.7 23.8 1,005.2 0 74 74 154 5.8 155 4.3 154 3.8 121 3.9 128 7.8 22980 26335 34.9 36.4 30.9 28.1 25.5 23.9 23.1 -
2014-6-19 11:00:0023.8 19.7 24.1 23.8 1005 0 78 76 123 6.8 125 4.7 122 3.9 136 4.2 120 7.4 21195 19574 31 33.1 30.9 27.2 25.1 23.5 22.8 -
2014-6-19 10:00:0024 19.7 24.6 23.9 1,005.1 0 77 75 122 6.2 122 4.2 137 4.1 137 4.1 148 7.1 18028 18548 32.5 37.5 32.5 27.4 24.5 22.8 22.5 -
2014-6-19 9:00:0024.5 20 24.5 23.4 1,005.2 0 76 75 122 5 119 3.2 121 3.2 117 3.8 149 6.9 17348 17492 38.2 38.4 31.1 26.1 23.1 22.2 22.4 -
2014-6-19 8:00:0023.4 19.8 23.4 22.3 1,005.4 0 80 79 112 3.1 115 2.1 128 2.8 103 3.3 111 5.5 15617 14913 31.7 31.7 25.2 23.4 21.9 21.9 22.3 -
2014-6-19 7:00:0022.2 19.7 22.2 20.9 1,005.4 0 86 85 86 2.6 97 1.9 108 2.3 106 2.5 110 5.3 11906 12321 25.1 25.1 20.1 21.2 21.3 21.9 22.4 -
2014-6-19 6:00:0020.9 19.4 20.9 20.6 1,005.4 0 91 91 111 3.2 96 1.5 101 2 101 2.3 106 4.2 9246 9436 20.1 20.2 19.1 20.4 21.2 22 22.5 -
2014-6-19 5:00:0020.7 19.4 20.7 20.7 1,005.4 0 92 92 119 1.2 125 1.3 118 1.3 107 2.4 104 4.3 8714 8963 19.1 19.3 19.1 20.4 21.3 22.1 22.6 -
2014-6-19 4:00:0020.7 19.4 20.7 20.6 1,004.4 0 92 91 103 2.4 101 2.2 108 2.4 108 2.4 99 4.3 9034 8629 19.3 19.4 19.2 20.5 21.5 22.2 22.8 -
2014-6-19 3:00:0020.7 19.2 20.8 20.7 1,004.8 0 91 90 118 2.5 115 1.5 110 1.7 104 2 111 3.5 7847 8146 19.3 19.4 19.3 20.6 21.6 22.4 22.9 -
2014-6-19 2:00:0020.7 19 20.8 20.6 1005 0 90 90 108 3 104 1.8 102 1.5 116 1.9 98 3.5 12205 11822 19.4 19.5 19.4 20.8 21.8 22.5 23 -
2014-6-19 1:00:0020.8 19.1 21 20.6 1,005.5 0 90 89 121 2.8 123 1.5 122 1.6 121 1.7 121 3.2 11417 11255 19.5 20.4 19.5 21.1 22 22.7 23.1 -
2014-6-19 00:00:0020.6 19.1 20.6 20.5 1,006.3 0 91 90 103 0.7 101 0.8 115 1.2 129 1.8 148 3.3 13413 12886 19.9 19.9 19.1 21 22.2 22.9 23.3 -
2014-6-18 23:00:0020.6 18.9 20.7 20.6 1,006.2 0 90 88 131 2.8 127 1.7 128 1.6 124 2.1 120 3.9 13286 12983 19.6 19.8 19.6 21.3 22.5 23.2 23.4 -
2014-6-18 22:00:0020.7 18.6 20.8 20.7 1,006.9 0 88 88 120 1.9 124 1.4 126 1.4 131 1.8 129 3.6 15099 14775 19.9 20.1 19.9 21.7 22.8 23.4 23.6 -
2014-6-18 21:00:0020.8 18.6 20.9 20.8 1,006.1 0 87 87 123 3.1 122 1.9 128 1.5 105 2.2 104 4.8 19439 19167 20.1 20.4 20.1 22.1 23.3 23.7 23.7 -
2014-6-18 20:00:0020.9 18.5 21.5 20.9 1,005.4 0 86 80 137 2.1 124 1.6 126 1.5 109 2.4 106 3.5 21281 22665 20.4 21.6 20.4 22.8 23.8 24 23.8 -
2014-6-18 19:00:0021.5 17.9 22.4 21.5 1,005.2 0 80 78 78 2.1 75 1.3 95 1.5 116 2.6 116 4.8 35000 35000 21.7 25.4 21.7 23.9 24.4 24.2 23.8 -
2014-6-18 18:00:0022.4 18.6 22.6 22.4 1,004.9 0 79 75 120 3.9 116 2.6 106 2.4 97 2.6 109 4.9 31382 28512 25.5 26 25.4 24.9 24.7 24.2 23.8 -
2014-6-18 17:00:0022.6 18.2 22.7 22.5 1,005.2 0 76 76 105 3.6 103 2.3 106 1.9 79 3 71 5.3 30001 35000 26 28 25.9 25.4 25 24.2 23.7 -
2014-6-18 16:00:0022.6 18.4 22.8 22.5 1,005.3 0 77 77 76 3.6 81 2.3 79 2.9 75 3.2 83 5.7 31520 34355 28.1 28.4 27.4 25.9 25.1 24.1 23.5 -
2014-6-18 15:00:0022.8 19 23.7 22.8 1,005.6 0 79 73 68 3.5 73 2.7 81 2.8 84 2.9 92 4.6 21821 23706 28.3 35.4 28.3 26.6 25 23.9 23.4 -
2014-6-18 14:00:0023.2 18.7 23.2 22.2 1,005.8 0 76 75 85 3 114 1.9 128 1.5 108 2.4 88 4.5 21462 21984 34.7 34.8 26.3 25.7 24.3 23.6 23.3 -
2014-6-18 13:00:0022.3 18.7 22.7 22.2 1,006.1 0 80 77 111 2.7 114 1.7 111 2 100 2.7 106 4.5 26506 28289 26.6 28 25.9 25 24.3 23.5 23.1 -
2014-6-18 12:00:0022.8 18.6 23.1 22.8 1,006.4 0 77 74 121 3.4 105 2.1 100 2 73 2.4 98 3.8 33060 33515 28 31.1 28 25.6 24.1 23.2 23 -
2014-6-18 11:00:0022.9 18.2 23.1 22.5 1,006.7 0 75 74 87 3 79 1.6 72 2.3 71 2.6 76 4.5 35000 35000 30.5 30.5 27.5 25.1 23.5 22.9 22.9 -
2014-6-18 10:00:0022.6 18.6 22.7 22.1 1,006.4 0 78 76 78 3.6 80 2.5 69 2.6 38 3 23 5.1 35000 35000 27.9 29.6 25.3 24.1 22.8 22.6 22.8 -
2014-6-18 9:00:0022.1 18.3 22.1 21.6 1,006.1 0 79 79 47 3.3 47 2.6 45 2.4 40 2.4 29 4 35000 35000 25.6 25.7 23.2 22.8 22.4 22.5 22.8 -
2014-6-18 8:00:0021.6 18.6 21.6 21.2 1006 0 83 83 78 2.4 80 1.7 72 2 29 2.6 24 4.3 35000 35000 23.1 23.3 22.5 22.1 22.1 22.4 22.8 -
2014-6-18 7:00:0021.2 18.6 21.2 20.6 1,005.5 0 85 85 28 2.8 28 1.9 29 1.9 27 2.3 25 4.1 35000 35000 22.4 22.4 20.9 21.6 22 22.5 22.9 -
2014-6-18 6:00:0020.5 18.8 20.5 20.5 1,005.2 0 90 90 27 2.3 26 1.6 27 1.3 34 1.7 47 2.5 35000 35000 20.9 20.9 20.3 21.3 22 22.5 23 -
2014-6-18 5:00:0020.5 19.3 20.7 20.5 1,005.1 0 93 91 49 1.5 42 1.5 32 1.8 18 2.3 9 3.9 20395 19279 20.3 20.4 20.2 21.3 22 22.6 23.1 -
2014-6-18 4:00:0020.7 19.2 21.1 20.7 1,004.8 0 91 88 38 2.1 48 1.8 38 1.5 15 2.5 9 4.3 22416 19910 20.4 20.7 20.3 21.4 22.2 22.7 23.2 -
2014-6-18 3:00:0021.1 19 21.1 21.1 1,004.8 0 88 88 12 2.5 4 1.8 3 2.2 12 2.5 3 4 31804 32273 20.7 20.8 20.7 21.5 22.3 22.8 23.3 -
2014-6-18 2:00:0021.2 19.1 21.2 21.2 1,004.5 0 88 87 17 2.5 11 2 11 1.4 20 1.9 19 3 35000 35000 20.8 20.8 20.8 21.6 22.4 23 23.4 -
2014-6-18 1:00:0021.2 19.1 21.3 21.2 1,004.3 0 88 87 18 0.8 21 0.7 20 1.2 28 2.3 25 4 31934 33490 20.9 20.9 20.9 21.7 22.5 23.1 23.5 -
2014-6-18 00:00:0021.3 19.4 21.3 21.3 1,003.9 0 89 88 37 2.5 30 1.8 25 2 16 3.2 19 5.1 33367 30880 20.9 20.9 20.8 21.8 22.6 23.2 23.6 -
2014-6-17 23:00:0021.2 19.1 21.3 21.1 1,003.8 0 88 88 22 2 20 1.4 18 1.7 12 2.8 8 4.7 35000 35000 20.9 21.1 20.8 22 22.8 23.4 23.7 -
2014-6-17 22:00:0021.1 19.2 21.4 21.1 1004 0 89 88 14 3 8 1.7 8 2.1 22 3.7 26 5.5 26524 30061 21.1 21.3 21.1 22.2 23.1 23.6 23.8 -
2014-6-17 21:00:0021.4 19.5 21.6 21.4 1,003.6 0 89 87 25 2.9 20 2.1 17 2.2 12 3.1 28 5.1 26002 28157 21.3 21.7 21.3 22.5 23.3 23.8 23.9 -
2014-6-17 20:00:0021.6 19.5 21.8 21.6 1,002.9 0 88 87 29 2.9 34 1.7 15 2 9 3.1 13 4.3 26296 26517 21.7 22 21.6 22.8 23.6 24 24 -
2014-6-17 19:00:0021.8 19.7 22.2 21.8 1,002.6 0 88 87 17 3.9 15 3 4 3 3 3.5 18 5 26455 26902 22 22.9 21.9 23.3 24 24.1 24 -
2014-6-17 18:00:0022.2 20.1 22.7 22.2 1,001.4 0 88 87 0 4.1 1 3.5 12 3 6 3.2 11 4.9 19264 19966 22.9 24 22.9 24 24.4 24.2 24 -
2014-6-17 17:00:0022.7 20.4 23.7 22.7 1,001.6 0 87 83 15 3.5 4 2.2 15 2.5 16 3.4 12 5.2 12224 13847 23.9 27.5 23.9 24.7 24.7 24.3 24 -
2014-6-17 16:00:0023.7 20.6 23.7 23.1 1,001.3 0 83 83 7 2.7 5 2.5 358 2.7 13 2.9 0 4.3 13054 13940 27.3 29 25.8 25.3 24.6 24.2 24 -
2014-6-17 15:00:0023.1 20.6 23.6 23.1 1,001.2 0 86 84 15 3.5 13 2.6 13 3 16 3.2 30 5 18911 18869 26.1 28.5 25.9 25.2 24.5 24 23.9 -
2014-6-17 14:00:0023.1 21 23.1 22.8 1,001.1 0 88 86 2 2.8 10 2.1 2 2.5 1 3 4 4.4 20414 23837 27.5 27.5 24.9 24.9 24.2 23.9 23.9 -
2014-6-17 13:00:0022.9 20.6 22.9 22.5 1,001.1 0 87 87 0 4 3 2.9 356 2.4 8 3.4 352 5.3 28931 27065 25 26.3 24 24.3 23.9 23.8 23.9 -
2014-6-17 12:00:0022.6 20.9 22.7 22.6 1,001.1 0 90 89 7 4.1 8 3.7 9 3.3 11 3.3 10 5 34915 31389 24.1 24.8 24 24 23.9 23.8 23.9 -
2014-6-17 11:00:0022.7 21 22.9 22.7 1,001.3 0 90 90 25 2.7 23 2.6 21 2.9 16 3.6 20 5.6 22103 23321 24.1 24.7 24.1 23.9 23.8 23.8 23.9 -
2014-6-17 10:00:0022.8 21.3 22.8 22.2 1,001.2 0 91 91 20 3.5 20 3.2 16 3.6 16 3.9 10 5.3 35000 35000 24.5 24.9 23.2 23.8 23.7 23.8 23.9 -
2014-6-17 9:00:0022.2 21.4 22.9 22.2 1,000.9 0 95 95 1 4.4 1 2.9 3 3.1 10 4.9 354 6.9 28906 27410 23.4 23.9 23 23.5 23.7 23.8 23.9 -
2014-6-17 8:00:0022.9 22.2 23.6 22.9 1,000.5 0.1 96 95 7 6 10 4.4 12 5.1 11 5.5 16 8.9 18916 17930 23.9 24.6 23.7 23.8 23.8 23.8 23.9 -
2014-6-17 7:00:0023.5 23.2 23.5 23.4 1,000.3 0.2 98 98 322 3 320 2.2 323 2.3 338 2.7 329 4.2 3827 3573 23.7 23.7 23.4 23.6 23.7 23.8 23.9 -
2014-6-17 6:00:0023.4 23.2 23.4 23.2 999.8 0.1 99 99 337 2.6 333 1.6 311 1.5 330 2.1 329 3.5 2224 2479 23.3 23.4 23.2 23.5 23.6 23.8 24 -
2014-6-17 5:00:0023.2 23 23.2 23.2 999 0.2 99 99 2 2.6 2 2.2 345 2 328 2.3 326 3.8 1437 1647 23.2 23.2 23.2 23.4 23.6 23.8 24 -
2014-6-17 4:00:0023.1 22.9 23.1 23.1 999.3 0 99 99 323 2.5 327 2.3 330 2.3 331 2.3 332 3.6 746 520 23.1 23.1 23.1 23.4 23.6 23.8 24 -
2014-6-17 3:00:0023.1 22.9 23.1 23 998.9 0.1 99 99 310 0.4 - 0.1 - 0 343 0.5 353 0.7 478 350 23.1 23.1 23.1 23.4 23.6 23.9 24.1 -
2014-6-17 2:00:0023 22.7 23 23 999.2 0 98 98 338 0.5 338 0.3 340 0.3 131 0.9 130 1.5 291 145 23 23 23 23.3 23.6 23.9 24.1 -
2014-6-17 1:00:0023 22.7 23 23 999.8 0 98 97 85 0.5 84 0.5 - 0.2 98 0.9 102 1.9 357 380 23 23 22.9 23.3 23.6 23.9 24.2 -
2014-6-17 00:00:0022.9 22.4 22.9 22.9 1,000.3 0 97 96 - 0 - 0.1 95 0.9 117 1.9 113 3 1525 1592 22.9 22.9 22.8 23.2 23.6 24 24.3 -
2014-6-16 23:00:0022.9 22.2 22.9 22.7 1,000.9 0 96 95 127 1.9 126 1.9 118 2 126 3.4 124 5.1 6731 6972 22.8 22.8 22.7 23.2 23.7 24.1 24.3 -
2014-6-16 22:00:0022.7 22 22.7 22.4 1,001.6 0 96 96 114 5.2 123 3.6 128 3.3 125 4.1 118 7.7 6516 6312 22.7 22.7 22.4 23.2 23.7 24.2 24.4 -
2014-6-16 21:00:0022.4 21.9 22.4 22.3 1002 0 97 95 131 4.2 137 2.7 130 3.8 129 4.4 129 8 4770 4590 22.4 22.5 22.4 23.2 23.8 24.3 24.5 -
2014-6-16 20:00:0022.3 21.5 22.3 22.2 1,001.9 0 95 94 135 5.8 128 4.6 130 3.9 125 5 125 9 9806 10420 22.5 22.5 22.4 23.3 24 24.4 24.6 -
2014-6-16 19:00:0022.3 21.3 22.6 22.2 1002 0 94 89 121 7 122 4.7 124 4.2 126 5.9 134 11.1 9310 10003 22.5 22.9 22.5 23.5 24.2 24.5 24.7 -
2014-6-16 18:00:0022.6 20.7 22.9 22.6 1,001.9 0 89 83 130 8.4 133 5.6 130 4.8 131 4.8 135 9.8 19512 20719 22.9 24 22.9 23.8 24.4 24.6 24.8 -
2014-6-16 17:00:0022.9 19.9 23.2 22.9 1,002.1 0 83 78 125 6.5 129 5.4 131 5 127 5.6 133 10.8 26563 28158 23.9 25.4 23.9 24.2 24.5 24.7 24.8 -
2014-6-16 16:00:0023.1 19.1 23.1 22.3 1,001.9 0 78 78 128 6.8 133 5.1 127 4.9 132 5.3 125 11.1 30691 32617 25.4 25.7 24.1 24.3 24.5 24.8 24.9 -
2014-6-16 15:00:0022.4 19.9 22.4 22 1,002.6 0 86 85 127 6.3 122 4.3 119 4.5 117 5 119 9.8 22883 24769 24.5 24.8 23.8 24.2 24.6 24.9 25 -
2014-6-16 14:00:0022 20.3 22.5 22 1,003.3 0 90 87 122 5.5 118 4.1 118 4.4 117 6.1 126 10.7 21912 23503 23.9 24.9 23.7 24.3 24.8 25 25 -
2014-6-16 13:00:0022.5 20.2 22.8 22.5 1,003.7 0 87 86 112 9.8 117 6.2 118 5.8 118 5.8 120 10.4 27371 24268 24.5 25 24.1 24.6 24.9 25 25.1 -
2014-6-16 12:00:0022.8 20.9 23.1 22.7 1,004.6 0 89 87 117 5.2 117 4.6 115 4.6 113 4.9 113 9.7 29750 28955 24.6 26.8 24.5 24.9 25 25.1 25.1 -
2014-6-16 11:00:0023 20.7 23.1 22.8 1005 0 87 86 100 4.5 108 3.5 110 4.3 107 5.6 116 11.1 27473 28221 26 26.5 24.9 24.9 25 25.1 25.2 -
2014-6-16 10:00:0023 21.6 23 22.8 1,005.1 0.1 92 92 103 4.3 108 3 108 3.7 102 4.2 104 8.6 20198 19348 25.1 25.5 23.9 24.7 24.9 25.1 25.3 -
2014-6-16 9:00:0022.8 21.8 23.3 22.8 1,005.2 0.7 94 90 102 7 97 4.5 104 3.9 107 3.9 102 7 9937 7969 24.2 24.7 23.8 24.6 24.9 25.2 25.3 -
2014-6-16 8:00:0023.3 21.6 23.7 23.3 1,005.5 0 90 89 91 4.3 92 2.7 87 3.5 89 4.4 101 9.2 14492 15993 24.3 25.9 24.2 24.6 24.9 25.2 25.4 -
2014-6-16 7:00:0023.6 21.7 23.6 23.3 1,005.5 0 89 89 83 4.2 85 2.6 91 2.6 104 3.1 85 5.6 18221 21344 25.1 25.1 24 24.4 24.9 25.3 25.6 -
2014-6-16 6:00:0023.3 21.7 23.3 23.3 1,005.2 0 91 91 100 3.3 100 2.4 104 3.1 105 3.3 109 5.9 14485 15052 24.1 24.1 23.3 24.3 24.9 25.4 25.7 -
2014-6-16 5:00:0023.2 21.6 23.2 23.2 1005 0 91 91 88 3.3 98 2.4 101 2.5 106 2.7 107 5.8 15319 14612 23.3 23.5 23.3 24.3 25.1 25.6 25.9 -
2014-6-16 4:00:0023.2 21.8 23.2 23.1 1,004.9 0 92 92 92 3.8 94 2.2 95 2.5 105 2.7 107 5.4 13064 13307 23.5 23.5 23.2 24.4 25.2 25.8 26 -
2014-6-16 3:00:0023.1 21.7 23.1 23.1 1,004.9 0 92 91 96 2.4 104 2.3 101 2.2 108 3.1 107 6.4 12652 12470 23.3 23.5 23.2 24.5 25.4 26 26.2 -
2014-6-16 2:00:0023.1 21.5 23.1 23 1,005.3 0 91 90 100 1.9 102 2.4 102 2.1 105 2.5 99 5.2 13532 13512 23.4 23.4 23 24.7 25.7 26.3 26.4 -
2014-6-16 1:00:0023.1 21.4 23.2 23.1 1,005.6 0 90 90 85 3.6 89 1.8 94 1.9 104 3 92 5.6 12087 12942 23.2 23.9 23.2 25 26 26.6 26.7 -
2014-6-16 00:00:0023.2 21.5 23.3 23.1 1,006.3 0 90 90 94 4.4 102 3.1 105 2.6 105 2.9 105 5.5 12501 12129 23.9 23.9 23.2 25.3 26.3 26.9 26.9 -
2014-6-15 23:00:0023.1 21.4 23.1 23 1,006.7 0 90 89 106 2.7 101 2.3 104 2.7 112 3.1 111 5.6 15423 13951 23.2 23.4 23.1 25.5 26.7 27.3 27.2 -
2014-6-15 22:00:0023 21.1 23.3 23 1,007.2 0 89 87 109 3.6 103 2.2 110 2 107 2.2 105 4.6 12300 13744 23.5 23.6 23.4 26 27.3 27.7 27.4 -
2014-6-15 21:00:0023.3 21 23.8 23.3 1,007.2 0 87 81 95 2.7 104 1.8 105 1.6 83 1.8 115 3.5 16853 16589 23.7 25.2 23.7 26.8 28 28.2 27.7 -
2014-6-15 20:00:0023.8 20.5 24.2 23.8 1007 0 82 73 69 1.3 66 0.5 86 1.5 110 3.2 110 6.2 17390 18072 25.2 26 25.2 27.8 28.8 28.7 27.9 -
2014-6-15 19:00:0024.2 19.3 24.8 24.2 1,006.4 0 74 69 102 3.6 108 2.8 100 1.5 110 2.9 111 4.5 28524 26350 26 28.3 26 28.9 29.6 29.1 28 -
2014-6-15 18:00:0024.8 19 25.5 24.8 1,006.1 0 70 59 110 2.2 109 1.4 120 2.1 117 2.8 130 5 33726 31702 28.5 30.9 28.5 30.4 30.6 29.5 28 -
2014-6-15 17:00:0025.5 18.2 26.1 25.5 1006 0 64 57 110 3.2 110 2.1 112 2.4 135 3.6 116 5.6 30168 28894 31 34.7 31 32 31.4 29.7 27.9 -
2014-6-15 16:00:0026.1 16.6 26.7 26.1 1,005.7 0 56 50 133 6 141 4.2 130 3.4 127 3.5 116 6.7 35000 35000 34.7 38.7 34.7 33.5 32 29.8 27.7 -
2014-6-15 15:00:0026.7 16.9 28.1 26.7 1006 0 55 53 118 5.2 112 2.8 112 3.1 129 3.6 134 7.5 30290 30870 37.6 43.7 37.4 34.9 32.6 29.5 27.2 -
2014-6-15 14:00:0028.1 17.9 29.5 28.1 1,006.1 0 54 42 122 4.9 120 4.2 119 3.1 122 3.5 104 6.1 30984 32029 43.5 55.3 43.5 36.7 32.6 28.8 26.6 -
2014-6-15 13:00:0028.9 17.1 29.1 28.4 1,006.8 0 49 46 143 3 140 2.7 138 2.5 108 3.5 158 6.4 30355 27015 50.6 55.1 46.2 37 31.3 27.8 26.1 -
2014-6-15 12:00:0028.5 18.6 28.8 28 1,007.4 0 55 48 73 5.3 80 3.5 107 2.7 122 3.3 123 5.8 22733 31635 50.6 54.9 48.3 35.3 29.5 26.6 25.7 -
2014-6-15 11:00:0028 19 28.1 26.1 1,007.9 0 58 56 129 4.2 116 3 108 2.9 105 3 87 5.4 25482 27492 49.3 49.6 34.3 31.6 27.1 25.8 25.5 -
2014-6-15 10:00:0026.1 20.9 26.1 25.2 1,008.3 0 73 66 78 2.6 89 2 87 2.1 85 2.1 87 3.8 17625 17716 34.1 34.1 30.5 27.5 26 25.5 25.5 -
2014-6-15 9:00:0025.2 19.3 25.2 24 1,008.7 0 70 69 27 2.3 33 1.3 59 1.1 162 2.9 140 4.1 17117 18365 30.3 31 27.5 26.1 25.3 25.4 25.6 -
2014-6-15 8:00:0023.9 20.6 23.9 23.6 1,008.3 0 82 82 139 3.2 142 2.1 129 2.1 144 3 149 4.9 13624 12434 27.4 27.4 24.3 24.8 25 25.4 25.7 -
2014-6-15 7:00:0023.6 21.3 23.6 23.2 1,007.9 0 87 83 120 2.8 121 1.9 136 1.5 145 2.1 139 3.4 9111 8534 24.3 24.4 23.4 24.3 25 25.6 25.9 -
2014-6-15 6:00:0023.2 20.3 23.2 22.7 1,007.7 0 84 83 78 1.5 81 1.2 42 1.9 44 2 15 3.9 9227 9130 23.4 23.4 22.6 24.2 25.1 25.8 26.1 -
2014-6-15 5:00:0022.7 20.4 23.1 22.7 1,007.3 0 87 83 30 1.5 29 1.3 26 1.1 33 1.5 44 2.4 8623 8630 22.6 22.9 22.4 24.2 25.4 26 26.3 -
2014-6-15 4:00:0023 20 23.1 23 1,007.1 0 83 82 151 1.1 145 0.9 144 0.9 31 1.6 34 2 11180 11450 22.9 23 22.9 24.5 25.7 26.3 26.5 -
2014-6-15 3:00:0023.1 20.1 23.3 22.9 1,007.1 0 83 81 29 1.8 29 1.3 30 1.6 29 1.6 33 2.2 11091 10348 23.1 23.3 22.9 24.8 26 26.6 26.8 -
2014-6-15 2:00:0023.3 19.9 23.4 23.3 1,007.1 0 81 80 132 0.9 134 0.5 156 0.8 172 1.7 174 2.4 12938 13265 23.3 23.6 23.3 25.2 26.4 27 27.1 -
2014-6-15 1:00:0023.3 20.1 23.6 23.3 1,007.2 0 82 79 175 1.6 175 1.4 177 1 181 2.8 180 3.6 12054 12178 23.5 23.7 23.5 25.5 26.8 27.4 27.3 -
2014-6-15 00:00:0023.6 19.7 23.7 23.6 1,007.6 0 79 77 182 3.4 181 2.8 181 2.9 179 3.3 181 5 15145 14749 23.7 23.8 23.5 26 27.3 27.9 27.7 -
2014-6-14 23:00:0023.7 19.6 24 23.7 1,008.1 0 78 77 178 3.9 177 2.9 176 2.4 170 2.5 178 3.9 14299 13512 23.6 24.4 23.6 26.6 28 28.4 28 -
2014-6-14 22:00:0024 19.7 24.1 23.9 1,008.5 0 77 77 169 2.9 170 2.4 170 2.1 173 3.3 174 5 12075 12341 24.5 24.8 24.5 27.4 28.8 29 28.3 -
2014-6-14 21:00:0024.1 20 24.7 24.1 1,008.1 0 78 76 167 3.4 168 2.5 167 2.4 149 2.6 151 3.8 8626 8692 24.7 25.9 24.7 28.4 29.7 29.6 28.5 -
2014-6-14 20:00:0024.7 20.2 25.6 24.7 1,007.7 0 76 68 144 2.2 146 1.7 143 1.3 136 2.1 137 3.8 12644 13021 25.9 27.6 25.9 29.8 30.9 30.3 28.7 -
2014-6-14 19:00:0025.7 19.4 27.8 25.7 1,007.7 0 68 58 136 3.4 135 2.1 136 2.2 132 2.4 131 4.3 15680 15701 27.7 32.2 27.7 31.7 32.2 30.8 28.8 -
2014-6-14 18:00:0027.8 18.8 30.1 27.8 1,007.5 0 58 43 114 3 109 1.9 116 2.2 118 2.9 120 4.7 22545 20403 32.4 39.4 32.4 34.2 33.4 31.1 28.6 -
2014-6-14 17:00:0030.1 16.2 30.7 30.1 1007 0 43 40 139 3.3 144 2.5 149 2.6 157 3.6 157 5.5 17907 16501 39.6 45.6 39.6 36.5 34.3 31.1 28.3 -
2014-6-14 16:00:0030.8 16.4 31 30.7 1,006.8 0 42 40 156 4.2 156 3 159 3.3 167 4 154 5.9 20643 20260 45.7 49.3 45.6 38.1 34.6 30.8 27.8 -
2014-6-14 15:00:0031 17.3 31.6 31 1,006.9 0 44 39 160 4.5 165 3.1 173 3.8 189 4.5 183 6.6 18449 17815 49 53.7 49 39 34.4 30.1 27.1 -
2014-6-14 14:00:0031.5 16.7 31.6 31.2 1,006.9 0 41 40 165 4.2 163 3.3 169 3.2 156 3.7 183 5.6 16438 17362 53.9 54.9 53.3 39.3 33.6 29.2 26.5 -
2014-6-14 13:00:0031.2 17.9 31.4 31.1 1,007.3 0 45 45 169 5 167 4 154 3.6 178 3.7 189 5.9 18229 16712 53.7 54.4 49.3 38.2 32.2 28 25.8 -
2014-6-14 12:00:0031.3 18.6 32 31.2 1,007.5 0 47 39 193 4.8 192 3.5 189 3.1 191 3.1 190 4.8 14602 16449 49.3 54.4 49.3 36.8 30.6 26.8 25.2 -
2014-6-14 11:00:0031.2 16.8 31.3 29.9 1,007.9 0 42 42 95 1 102 0.9 134 1.1 217 1.9 204 3.6 16550 16945 52.9 52.9 45.8 34 28.4 25.6 24.8 -
2014-6-14 10:00:0029.9 17 30 27.7 1008 0 46 46 208 2.2 225 1.1 232 1.2 217 2.3 216 4.2 13774 15679 46.1 46.1 37.3 30.5 26.2 24.8 24.6 -
2014-6-14 9:00:0027.6 19.1 27.6 25.4 1,008.3 0 60 59 232 2 215 1.5 232 1.5 228 1.8 263 3 11918 13294 37.1 37.1 28.6 26.5 24.7 24.4 24.5 -
2014-6-14 8:00:0025.4 19.5 25.4 24.3 1,008.3 0 70 70 224 1.6 224 1.2 211 1.3 218 1.6 206 2.7 11931 10284 28.6 28.6 25.8 24.5 24.1 24.3 24.6 -
2014-6-14 7:00:0024.3 19.8 24.3 22.9 1,008.1 0 76 75 203 2.2 204 1.7 200 1.4 201 1.4 206 2.2 9794 9251 25.8 25.8 22.7 23.4 23.7 24.3 24.8 -
2014-6-14 6:00:0022.9 19.7 22.9 22.3 1,007.9 0 82 81 198 1.6 199 1.2 203 1.1 178 1.2 207 2 7483 7411 22.7 22.7 21.1 22.7 23.7 24.5 25 -
2014-6-14 5:00:0022.3 18.9 22.4 22.2 1,007.5 0 81 78 179 1.2 179 1.1 184 1 194 1.3 196 2 7607 7261 21.1 21.1 20.5 22.6 23.9 24.8 25.2 -
2014-6-14 4:00:0022.4 18.4 22.5 22.4 1,007.2 0 78 77 196 1.7 199 1.3 197 1.3 189 1.8 211 2.7 10396 10421 20.5 20.8 20.5 22.8 24.2 25.1 25.5 -
2014-6-14 3:00:0022.5 18.1 22.6 22.3 1007 0 76 75 189 2.2 188 1.7 189 1.9 188 2.3 188 3.7 9598 9393 20.8 21.2 20.8 23.2 24.6 25.5 25.7 -
2014-6-14 2:00:0022.4 18 23.1 22.4 1,007.1 0 76 71 186 2.1 188 1.8 189 1.6 183 2.4 188 2.8 13674 13904 21 21.7 21 23.6 25.1 25.9 26 -
2014-6-14 1:00:0023.1 17.8 23.7 23.1 1,007.5 0 72 72 186 2.8 185 2.3 183 2.4 191 2.4 186 3.7 13443 13295 21.7 22.4 21.7 24.2 25.6 26.3 26.3 -
2014-6-14 00:00:0023.7 18.4 24.1 23.7 1008 0 72 70 189 3.4 195 2.3 191 2.4 192 2.9 198 4.9 11705 12367 22.4 23.3 22.4 24.8 26.2 26.7 26.5 -
2014-6-13 23:00:0024.1 18.5 24.3 24 1,008.1 0 71 70 186 3 188 2.2 192 2.4 180 2.7 194 3.7 12282 12799 23.3 23.9 23.3 25.5 26.8 27.1 26.8 -
2014-6-13 22:00:0024.3 18.5 24.6 24.3 1,008.5 0 70 69 175 3.3 181 2.4 181 2.7 186 2.9 183 4.4 14197 13151 23.9 24.7 23.8 26.2 27.4 27.6 27.1 -
2014-6-13 21:00:0024.6 18.8 25.2 24.6 1,008.1 0 70 60 184 3 182 2.5 182 2.4 183 2.5 173 3.5 10953 11235 24.7 25.5 24.7 27.1 28.2 28.1 27.3 -
2014-6-13 20:00:0025.2 16.9 25.9 25.2 1,007.5 0 60 55 189 1.8 190 1.6 183 2 182 2.2 183 3.5 14945 14441 25.5 26.8 25.5 28.2 29.1 28.6 27.4 -
2014-6-13 19:00:0026 16.3 27 26 1007 0 55 49 181 2.4 180 1.9 184 1.7 183 3.6 179 5.6 15635 16891 26.8 29.9 26.8 29.6 30.1 29.1 27.5 -
2014-6-13 18:00:0027 16 27.7 27 1,006.4 0 51 47 189 2.1 187 1.9 188 2.3 180 4.6 180 7.3 21088 19853 29.9 34.3 29.9 31.5 31.2 29.4 27.4 -
2014-6-13 17:00:0027.7 16.3 28.4 27.7 1,005.8 0 50 48 181 5.5 188 3.3 187 3.6 175 4.9 173 6.9 16610 18202 34.3 40.2 34.2 33.4 31.9 29.5 27.2 -
2014-6-13 16:00:0028.4 17 28.9 28.3 1,005.9 0 50 45 178 6 176 4.7 178 4.8 177 5 177 6.7 13655 16840 40.1 41.6 38.4 34.8 32.3 29.4 26.8 -
2014-6-13 15:00:0028.9 17.1 29.5 28.8 1,005.8 0 49 48 172 5.1 170 3.9 168 4.1 183 5.2 184 7.7 15129 15858 41.1 47.7 41 36 32.6 29 26.3 -
2014-6-13 14:00:0029.2 18.6 30.2 29 1,005.9 0 53 44 172 4.4 181 3.9 191 4.3 179 5 183 7.7 12977 12409 46.7 50.9 46.1 36.8 32.2 28.2 25.7 -
2014-6-13 13:00:0030.1 16.9 30.2 29.6 1,006.5 0 45 44 218 0.9 232 0.8 259 1.7 252 2.1 336 4.4 12215 12147 48.9 51.6 46.4 36.6 31.2 27.3 25.1 -
2014-6-13 12:00:0029.6 17.1 29.7 28.7 1,007.1 0 47 45 319 3.5 316 2.2 258 1.6 265 2.3 220 3.9 15124 12886 49.1 51.4 46.4 35.3 29.7 26.1 24.5 -
2014-6-13 11:00:0028.7 18.2 28.7 27.4 1,007.3 0 53 50 199 3.3 197 2.5 259 1.6 220 2.3 239 4.5 12161 12644 48.4 48.8 43.5 33.3 27.8 25 24 -
2014-6-13 10:00:0027.4 18.4 27.4 26.2 1,007.4 0 58 57 230 3.8 228 2.5 235 1.9 225 2.3 218 4.3 14526 12117 43.5 44.1 36 30.1 25.9 24.1 23.7 -
2014-6-13 9:00:0026.5 18.9 26.5 24.5 1,007.5 0 63 61 263 3.7 254 1.8 239 1.5 246 2 270 3.7 12533 12451 40.1 40.3 29.1 27.4 24.2 23.5 23.6 -
2014-6-13 8:00:0024.5 18 24.6 22.4 1,007.3 0 67 67 258 2.3 252 1.6 234 1.3 213 2.3 205 3.8 11499 11727 29.2 34 26.1 24.6 22.9 23.1 23.7 -
2014-6-13 7:00:0022.4 19.2 22.4 19.9 1,007.1 0 82 81 230 1.6 216 1.2 212 2.1 213 2.2 207 4 9531 8742 25.9 25.9 21.9 21.9 22.2 23.1 23.9 -
2014-6-13 6:00:0019.8 19 19.8 18.8 1,006.6 0 95 95 - 0 - 0 - 0 - 0 - 0 7688 7367 21.9 21.9 17.8 20.7 22 23.3 24.1 -
2014-6-13 5:00:0018.8 18 19.2 18.8 1,006.5 0 95 91 - 0 - 0 - 0 - 0 - 0 5777 4927 17.8 17.8 17.6 20.4 22.3 23.7 24.4 -
2014-6-13 4:00:0019.2 17.7 19.7 19.2 1,006.5 0 91 90 - 0 - 0 - 0 208 1.1 210 1.8 7472 7125 17.8 18.2 17.8 20.9 22.8 24.1 24.7 -
2014-6-13 3:00:0019.5 18.2 19.7 19.5 1,006.6 0 92 91 212 1.2 208 1 207 1 176 1.1 206 1.7 6973 6344 18.2 18.7 18.2 21.3 23.2 24.4 25 -
2014-6-13 2:00:0019.7 18.2 20 19.7 1,006.3 0 91 90 186 1.1 185 1 177 0.8 196 1.5 200 2 5939 5919 18.7 19.3 18.7 21.9 23.7 24.9 25.3 -
2014-6-13 1:00:0019.9 18.2 20.3 19.9 1,006.7 0 90 88 184 1.4 183 1.2 186 1.2 179 1.6 181 2.2 6832 6852 19.3 19.7 19.3 22.4 24.3 25.3 25.6 -
2014-6-13 00:00:0020.3 18.2 20.6 20.3 1,007.1 0 88 88 182 1.7 186 1.4 196 1.5 196 1.5 200 2.2 7361 7583 19.7 20.4 19.7 23.1 24.9 25.8 25.9 -
2014-6-12 23:00:0020.6 18.5 21 20.6 1,007.2 0 88 85 192 1.2 192 0.9 - 0.2 65 0.4 192 1.4 7731 8202 20.4 21.2 20.4 23.8 25.6 26.3 26.2 -
2014-6-12 22:00:0021 18.4 21.5 21 1,007.2 0 85 81 - 0 - 0 67 0.5 89 0.9 87 2 8770 9490 21.2 21.9 21.1 24.7 26.4 26.9 26.5 -
2014-6-12 21:00:0021.5 18.1 22.3 21.5 1,007.1 0 81 76 81 0.6 74 0.4 83 0.8 59 1.8 47 2.4 10663 11002 21.9 23 21.9 25.7 27.4 27.5 26.8 -
2014-6-12 20:00:0022.3 17.9 22.8 22.3 1,006.3 0 76 71 62 2.8 62 2.2 60 1.7 66 1.8 63 3.4 14161 13999 23.1 24.7 23.1 27.1 28.5 28.2 27 -
2014-6-12 19:00:0022.8 17.5 23.8 22.8 1,006.2 0 72 66 67 2.5 70 1.7 74 1.9 42 4.6 48 6.9 16377 16167 24.8 28.3 24.8 28.9 29.7 28.7 27 -
2014-6-12 18:00:0023.8 17.1 24.8 23.8 1,005.4 0 66 66 53 6.7 50 5.2 47 3.5 47 3.5 48 7.3 21030 18677 28.5 35 28.5 31.3 30.9 29 26.9 -
2014-6-12 17:00:0024.8 18.3 25.5 24.7 1,005.1 0 67 65 68 4.8 68 2.9 53 2.8 48 4.3 50 6.8 16281 17765 35.1 40.5 35 33.4 31.7 29.1 26.6 -
2014-6-12 16:00:0025.5 18.7 26 25.4 1,004.8 0 66 65 64 5.2 68 3.5 50 4.2 42 4.8 57 8.5 25717 21386 40.4 45 40.3 35.1 32.1 28.7 26.1 -
2014-6-12 15:00:0025.5 18.9 25.8 25.5 1,004.9 0 67 66 51 5.3 52 4.9 53 3.9 27 4.8 51 8.4 16570 18615 44.6 47.7 44.6 36 31.8 28.1 25.6 -
2014-6-12 14:00:0025.8 19.4 26.6 25.5 1,005.3 0 68 64 14 5.7 15 4.6 45 4.3 41 4.8 46 8 16257 18864 47.8 48.7 47.1 35.8 30.9 27.2 25 -
2014-6-12 13:00:0026.4 19.5 27.3 26.3 1,005.4 0 66 52 30 6.2 31 3.4 42 3.5 19 4.4 49 7.9 20304 18452 46.5 48.4 42 34.6 29.8 26.3 24.5 -
2014-6-12 12:00:0026.6 17.4 26.6 25.5 1,005.8 0 57 56 333 5.4 343 5 340 2.8 8 3.9 352 6.8 14239 16463 46.4 49.4 39.9 33.4 28.4 25.4 23.9 -
2014-6-12 11:00:0025.6 18.8 25.7 24.8 1,006.2 0 66 63 36 2.9 41 2.5 45 2.8 17 4.1 28 6 12545 14813 43.9 47.1 39.8 31.8 26.9 24.4 23.5 -
2014-6-12 10:00:0025 18.2 25.1 24 1,006.4 0 66 66 24 5.6 24 3.8 17 2.7 30 3.5 24 5.6 16268 15145 40.7 42.5 35.9 29.2 25.2 23.6 23.3 -
2014-6-12 9:00:0024 18.6 24.1 23.3 1,006.5 0 72 71 22 4.8 33 3.3 32 3.4 27 3.6 43 5.9 13612 14172 35.9 36.6 32 26.5 23.6 23 23.2 -
2014-6-12 8:00:0023.3 19.2 23.3 21.8 1,006.6 0 78 78 13 3.9 14 3.5 17 3 13 3.3 25 4.8 12637 11300 31.8 31.8 24.3 23.4 22.4 22.7 23.2 -
2014-6-12 7:00:0021.7 20 21.7 20.4 1,006.4 0 90 89 348 4.4 357 2.9 351 2.4 351 2.4 348 4.4 8284 8366 24.2 24.2 20.8 21.7 21.9 22.7 23.4 -
2014-6-12 6:00:0020.4 19.4 20.4 19.7 1006 0 94 94 303 1.1 294 0.8 290 0.8 5 1.2 331 1.6 8049 8182 20.8 20.8 18.4 20.7 21.8 22.9 23.6 -
2014-6-12 5:00:0019.9 19.1 20.1 19.7 1,005.7 0 95 95 292 0.9 290 0.7 288 0.7 297 1.1 314 1.4 7688 7706 18.4 18.9 18.4 20.6 22 23.2 23.8 -
2014-6-12 4:00:0020.1 19.3 20.1 19.1 1,005.7 0 95 95 299 1.3 300 1 290 1 270 1.4 270 2.4 7537 7703 18.9 19 18.1 20.8 22.3 23.5 24 -
2014-6-12 3:00:0019.3 18.6 19.9 19.3 1,005.6 0 96 94 - 0 - 0 - 0 - 0 - 0 8572 8871 18.2 18.6 18.2 20.9 22.7 23.8 24.3 -
2014-6-12 2:00:0019.9 18.9 20.2 19.9 1,005.7 0 94 92 - 0 - 0 - 0 - 0 - 0 10238 10274 18.6 19.1 18.6 21.4 23.2 24.2 24.6 -
2014-6-12 1:00:0020.2 18.9 20.3 20 1,005.8 0 92 91 - 0 - 0 - 0 - 0.1 200 0.8 12547 12667 19.1 19.8 19.1 22 23.7 24.6 24.9 -
2014-6-12 00:00:0020.1 18.8 20.1 19.8 1,006.3 0 92 92 - 0 - 0 - 0.1 348 0.8 303 0.8 16632 17051 19.8 20.3 19.8 22.6 24.2 25 25.1 -
2014-6-11 23:00:0020 18.7 20.9 20 1,006.6 0 92 88 333 0.6 339 0.5 349 0.9 349 1 352 1.2 14220 14043 19.9 20.7 19.9 23.1 24.8 25.5 25.4 -
2014-6-11 22:00:0021 19.1 21.7 21 1,006.4 0 89 84 51 0.8 47 0.5 52 0.3 67 1.3 60 2.1 20160 19457 20.7 21.7 20.7 24 25.6 26 25.7 -
2014-6-11 21:00:0021.7 18.9 22.3 21.7 1,006.3 0 84 80 74 1.1 66 1.1 67 1.3 62 1.9 67 2.9 23902 22986 21.7 22.6 21.7 25 26.5 26.6 25.9 -
2014-6-11 20:00:0022.3 18.7 22.9 22.3 1006 0 80 76 60 2.4 63 1.8 62 2 67 2.3 68 3.6 26583 27677 22.7 24.4 22.7 26.3 27.5 27.1 26 -
2014-6-11 19:00:0022.9 18.4 24.1 22.9 1,005.6 0 76 70 63 3.3 63 2.6 64 2 69 2.4 70 4.8 30285 29000 24.5 29.4 24.5 28.2 28.7 27.5 25.9 -
2014-6-11 18:00:0024.1 18.5 25.1 24.1 1,005.3 0 71 65 86 2.8 75 2.1 68 2.2 51 2.7 63 4.4 30865 29941 29.5 36.1 29.5 30.5 29.6 27.6 25.7 -
2014-6-11 17:00:0025.1 18.1 25.4 25.1 1,004.9 0 65 63 73 1.9 72 1.7 62 1.9 46 3 80 5.3 32950 31003 36.1 41.1 36.1 32.3 30 27.4 25.4 -
2014-6-11 16:00:0025.4 17.8 25.5 25.2 1,005.5 0 63 63 55 4.7 53 3.3 40 2.9 40 3.3 38 6.3 35000 29914 40.8 44.4 39.3 32.9 29.8 26.9 25 -
2014-6-11 15:00:0025.3 18.3 25.3 24.6 1,005.9 0 65 62 78 3.6 81 2.8 55 2.5 84 3.4 72 7.3 35000 35000 43.3 44.2 37.8 32.8 29.3 26.4 24.5 -
2014-6-11 14:00:0025 19.1 25.1 24.7 1,006.4 0 70 65 69 4.2 78 2.6 69 2.6 71 3.8 79 6.6 35000 27352 41.2 46.9 39.7 32.6 28.5 25.6 24.1 -
2014-6-11 13:00:0025 18 25.1 24.6 1,006.6 0 65 64 68 6.1 67 2.8 73 2.2 73 3.5 86 6.6 28383 35000 41.5 46.7 39.9 31.6 27.4 24.7 23.7 -
2014-6-11 12:00:0024.8 17.5 24.9 23.9 1,006.9 0 64 63 62 5.1 66 3.9 76 3.5 65 3.7 60 6.7 32827 29269 44.7 46.4 34.1 29.8 25.7 24 23.4 -
2014-6-11 11:00:0023.9 18.3 23.9 23.5 1,007.3 0 71 70 83 3.3 84 2.6 81 3.4 60 3.4 79 6.2 26080 31794 35.2 36 31.3 27 24.6 23.5 23.2 -
2014-6-11 10:00:0023.5 18.2 23.6 23.2 1,007.4 0 72 72 44 4.6 46 3.4 60 3.2 59 3.5 67 6.1 25348 31121 32.6 33.8 29.7 25.6 23.8 23.1 23.1 -
2014-6-11 9:00:0023.2 18.3 23.2 22.6 1,007.3 0 74 74 85 3.5 74 3.2 72 3.1 58 3.5 65 6.4 32939 31271 30.7 30.7 27.3 24.3 23 22.7 23 -
2014-6-11 8:00:0022.6 18.4 22.6 22 1,007.2 0 77 76 59 3.4 51 2 64 2.5 63 3.6 46 6.2 17508 24598 27.5 28.3 23.5 22.9 22.2 22.6 23.1 -
2014-6-11 7:00:0022 18.4 22.1 20.8 1,006.7 0 80 80 69 3.9 68 2.8 64 3 62 3.2 61 5.3 22310 23604 23.5 23.6 20.7 21.4 21.8 22.6 23.2 -
2014-6-11 6:00:0020.8 18.6 20.8 18.7 1,006.2 0 87 87 66 3.6 70 2.1 59 2.1 61 2.4 62 4.4 25561 21232 20.6 20.6 18.2 20.6 21.6 22.8 23.5 -
2014-6-11 5:00:0018.7 18.2 18.9 18.6 1006 0 97 95 64 1.4 58 0.4 47 0.5 29 1.1 23 1.6 12865 12609 18.1 18.1 17.4 20.1 21.9 23.1 23.7 -
2014-6-11 4:00:0018.9 18.1 19.2 18.9 1006 0 95 95 32 1.1 27 0.8 20 0.5 19 1.3 38 1.4 12683 12875 17.9 18.7 17.9 20.6 22.3 23.4 23.9 -
2014-6-11 3:00:0019.2 18.5 19.4 19.1 1,006.1 0 96 95 32 1.2 30 1.1 17 1.3 17 1.3 9 1.8 14612 15031 18.7 18.8 18.2 21 22.7 23.7 24.2 -
2014-6-11 2:00:0019.4 18.7 19.7 19.4 1,006.1 0 96 95 46 0.8 39 0.7 23 0.7 19 1.2 9 1.6 12398 12593 18.5 19.1 18.5 21.5 23.2 24.1 24.4 -
2014-6-11 1:00:0019.7 18.9 20.8 19.7 1,006.1 0 95 91 18 1 19 1 19 1.2 20 1.3 42 1.6 10829 10170 19.1 19.9 19.1 22.1 23.7 24.5 24.7 -
2014-6-11 00:00:0020.8 19.1 21.6 20.8 1,006.9 0 90 89 44 1.3 42 0.9 52 0.8 74 1.5 77 2.6 12167 11451 19.8 21.4 19.8 23 24.3 24.9 24.9 -
2014-6-10 23:00:0021.7 20 22 21.7 1007 0 90 88 66 2 67 1.3 79 1.3 70 2.5 73 4.5 10972 11452 21.4 22.5 21.4 23.7 24.8 25.2 25.1 -
2014-6-10 22:00:0022 19.9 22.1 21.7 1,007.4 0 88 88 68 3.9 69 2.4 71 2.4 67 2.9 74 5.2 12134 12306 22.5 22.6 21.5 24.1 25.2 25.6 25.3 -
2014-6-10 21:00:0021.8 19.9 22 21.7 1,007.2 0 89 87 80 3.5 74 2.2 75 2 76 2.5 72 4.6 12427 12728 21.7 22.7 21.7 24.7 25.9 26.1 25.5 -
2014-6-10 20:00:0022 19.7 22.5 22 1,006.8 0 87 84 75 2.8 77 2.2 77 2.6 72 3 66 5.8 15185 14346 22.5 24.6 22.5 25.8 26.8 26.5 25.7 -
2014-6-10 19:00:0022.5 19.9 22.9 22.5 1,006.5 0 85 77 71 3.1 70 2.4 71 2.5 71 4 77 5.8 13959 14267 24.5 26.7 24.5 27.1 27.7 26.9 25.7 -
2014-6-10 18:00:0022.9 18.7 23.8 22.9 1,006.1 0 77 73 76 5 76 4 73 3.8 70 4 77 7.5 22549 21086 26.8 30.9 26.8 28.7 28.5 27.2 25.6 -
2014-6-10 17:00:0023.9 19 24.3 23.7 1,005.8 0 74 72 56 5.7 58 4.1 61 3.8 70 4 71 7.3 23110 23886 31.2 34.6 30.4 30.2 29.2 27.2 25.4 -
2014-6-10 16:00:0024 19.1 24.7 24 1,005.6 0 74 73 69 3.6 66 2.8 69 3.5 64 4 72 6.8 27796 30800 33.8 43.5 33.2 31.8 29.6 27 25 -
2014-6-10 15:00:0024.4 19.7 24.7 24.3 1,005.9 0 75 74 92 3.7 84 3.6 79 3.4 64 4.2 87 7.2 23778 27979 40.6 43.5 39 32.6 29.2 26.4 24.6 -
2014-6-10 14:00:0024.3 19.8 24.7 24.2 1,005.9 0 76 76 55 6.5 53 5 61 4.3 61 4.3 55 6.5 27066 24405 40.3 43.5 38 32.3 28.7 25.8 24.1 -
2014-6-10 13:00:0024.2 19.9 24.5 24.1 1,006.2 0 77 76 99 5.8 96 3.5 73 4 74 4.4 73 7.3 24399 26500 41.2 45.7 39.6 31.7 27.7 24.9 23.7 -
2014-6-10 12:00:0024.2 20.1 24.7 23.8 1,006.5 0 78 76 61 5.4 64 4.1 74 4.2 78 4.2 77 7.3 26960 26311 42 47.6 38.4 30.7 26.2 24 23.4 -
2014-6-10 11:00:0023.8 20.1 23.8 22.9 1007 0 80 79 72 3.7 78 3.3 74 3.6 69 4.1 84 6.5 32138 23604 38.6 39.1 30.7 27.3 24.5 23.4 23.2 -
2014-6-10 10:00:0022.9 19.9 23.1 22.6 1,006.9 0 83 82 74 5.5 76 4.1 70 4 62 4.5 77 7.2 25741 20610 30.6 32 29 25.3 23.6 23 23.1 -
2014-6-10 9:00:0022.6 20 22.6 21.9 1,006.9 0 85 84 64 5.4 67 3.8 64 4.1 63 4.1 55 7.8 20691 16869 28.9 28.9 24.4 23.6 22.8 22.9 23.1 -
2014-6-10 8:00:0021.8 19.9 21.8 21.4 1,006.9 0 89 89 58 4 59 3 62 3.1 64 3.4 75 6.3 12462 12475 24.3 24.3 21.6 22.4 22.4 22.9 23.2 -
2014-6-10 7:00:0021.4 19.9 21.5 21.4 1,006.6 0 91 90 63 3 67 2.1 63 2.9 50 3.1 48 5.2 13274 13473 21.5 21.7 21.5 21.9 22.4 22.9 23.3 -
2014-6-10 6:00:0021.5 20 21.5 21.1 1,006.5 0 91 91 69 2.5 63 1.9 56 1.7 57 2.2 57 4.7 15544 14734 21.5 21.5 20.8 21.8 22.4 23 23.5 -
2014-6-10 5:00:0021.1 19.7 21.1 20.8 1,005.8 0 92 92 79 2.4 77 1.9 78 1.6 62 2.3 65 3.7 11958 11657 20.9 20.9 20.8 21.7 22.5 23.2 23.6 -
2014-6-10 4:00:0020.8 20 20.8 20.5 1,005.9 0 95 94 48 1.7 50 1.2 38 1.2 2 1.6 0 2.1 10802 10782 20.8 20.8 20.3 21.7 22.6 23.4 23.8 -
2014-6-10 3:00:0020.5 19.5 20.7 20.5 1,005.8 0 94 91 23 0.8 30 0.7 52 0.6 103 1.5 106 3.1 10370 10387 20.3 20.3 19.5 21.6 22.8 23.6 24 -
2014-6-10 2:00:0020.7 19.2 20.8 20.7 1,005.6 0 91 90 91 2.5 102 1.4 109 1.2 113 1.4 91 2.5 17342 17835 20.2 20.5 20.2 22 23.1 23.9 24.2 -
2014-6-10 1:00:0020.7 19 21 20.7 1006 0 90 89 115 1.1 108 0.9 99 0.6 125 2 122 4 20739 20077 20.3 20.8 20.3 22.2 23.5 24.2 24.4 -
2014-6-10 00:00:0021 19.1 21.1 21 1,006.7 0 89 88 116 1.7 128 1.3 126 1.5 118 2 124 3.4 22546 21955 20.8 21.1 20.7 22.7 23.9 24.5 24.6 -
2014-6-9 23:00:0021.1 19 21.3 21.1 1,007.2 0 88 88 122 3.5 126 2.4 126 1.7 105 2.7 109 5.8 20284 21359 21.1 21.6 21.1 23.1 24.3 24.9 24.8 -
2014-6-9 22:00:0021.3 19 21.3 21.2 1,007.4 0 87 87 89 2.9 97 2.1 106 2.4 110 3.2 107 6.3 20054 20055 21.7 21.8 21.4 23.6 24.8 25.3 25.1 -
2014-6-9 21:00:0021.2 19 21.6 21.2 1,007.3 0 87 85 110 4 113 2.6 110 2.8 109 3.3 106 6.7 18433 19685 21.6 22.6 21.5 24.2 25.5 25.7 25.2 -
2014-6-9 20:00:0021.6 19.2 22 21.6 1,006.9 0 86 84 106 3.8 106 2.2 110 3.1 107 3.6 109 6.9 17175 17522 22.7 24.2 22.7 25.3 26.2 26.1 25.4 -
2014-6-9 19:00:0022 19.2 22.4 22 1,006.7 0 84 83 104 3.8 97 2.5 94 1.9 103 3.7 109 7.3 21835 20437 24.3 26.1 24.3 26.4 27 26.4 25.4 -
2014-6-9 18:00:0022.4 19.4 23 22.4 1,006.1 0 83 80 100 4.9 101 2.9 101 2.8 103 3.7 108 6.4 20193 22947 26.1 29.4 26.1 27.7 27.7 26.7 25.4 -
2014-6-9 17:00:0022.9 19.7 23.8 22.9 1,005.9 0 82 78 98 2.9 106 2.5 105 3.7 105 4.3 104 7.5 21278 25796 29.4 32.6 29.4 29 28.2 26.8 25.3 -
2014-6-9 16:00:0023.2 19.4 23.6 23.1 1,005.9 0 79 77 114 5.7 114 4.5 105 3.9 101 4 105 7.7 25916 25486 30.9 32.2 29.9 29.7 28.7 26.8 25.1 -
2014-6-9 15:00:0023.5 19.2 23.9 23.4 1,006.1 0 77 76 118 5.5 112 3 104 3.3 103 4 116 7.5 33271 27677 31.9 39.3 31.9 31.2 29.1 26.5 24.7 -
2014-6-9 14:00:0023.6 19.5 25.1 23.6 1,006.4 0 78 71 109 4.8 117 3.5 109 3.6 112 4 110 7.2 32610 24336 35.3 48.5 34.7 32.3 28.9 26 24.3 -
2014-6-9 13:00:0024.8 19.9 24.9 24.2 1,006.7 0 74 69 105 4.5 113 2.8 101 3.3 109 3.9 124 7.3 19855 24476 44.8 45.2 37.8 31.5 27.8 25.2 23.9 -
2014-6-9 12:00:0024.7 19.3 24.7 23.8 1,007.2 0 72 71 94 4.2 89 3.1 93 3 91 3.4 102 6.5 21236 20646 40.8 41.6 34.9 30.2 26.8 24.6 23.5 -
2014-6-9 11:00:0024.2 18.8 24.7 24 1,007.6 0 72 70 105 4.6 100 2.9 97 2.9 89 3.4 116 7.1 19217 20529 36.8 41 35.1 29.3 25.8 23.9 23.2 -
2014-6-9 10:00:0024.3 18.7 24.5 23.7 1008 0 71 70 93 4.3 78 2.8 90 2.8 99 3.5 89 6.3 17734 18037 35.6 38.5 31.9 27.4 24.6 23.3 23 -
2014-6-9 9:00:0023.8 18.5 23.8 23.3 1007 0 72 72 123 5.3 119 3.3 112 2.7 128 3.7 101 7.3 24412 20241 33.9 34.9 30.6 25.7 23.5 22.8 22.9 -
2014-6-9 8:00:0023.3 18.4 23.4 22.1 1,007.1 0 74 74 133 5.8 115 4.1 109 3.2 115 3.8 103 6.3 24045 20503 30.4 30.8 24.8 23.6 22.4 22.5 22.9 -
2014-6-9 7:00:0022 19 22 21.2 1,006.8 0 83 83 119 4.1 114 3.1 109 3 108 3 113 6.6 14952 14443 24.6 24.6 21.3 21.8 21.9 22.5 23 -
2014-6-9 6:00:0021.2 19.1 21.2 20.9 1007 0 88 88 98 4.1 101 2.2 103 2.2 105 2.6 102 4.7 11958 13012 21.4 21.4 20.1 21.1 21.7 22.5 23.2 -
2014-6-9 5:00:0020.9 18.8 20.9 20.2 1,006.3 0 88 88 106 3.3 108 3.1 106 2.6 106 2.6 103 4.9 12606 12131 20 20 19.2 20.8 21.7 22.7 23.3 -
2014-6-9 4:00:0020.2 19 20.2 19.7 1,006.2 0 93 93 129 3.5 130 1.6 129 1.2 109 1.5 129 3.5 10399 10069 19.2 19.2 18 20.5 21.9 23 23.6 -
2014-6-9 3:00:0019.8 18.6 20.2 19.8 1,005.8 0 93 91 98 0.9 79 0.7 84 0.9 124 1.4 128 2.6 11251 11640 18.1 18.6 18.1 20.7 22.3 23.3 23.8 -
2014-6-9 2:00:0020.2 18.7 21 20.2 1,005.8 0 91 89 123 1.3 117 1.2 113 0.9 151 2.6 144 3.3 15515 15897 18.7 20.1 18.7 21.3 22.7 23.6 24 -
2014-6-9 1:00:0021.1 19.2 21.2 20.9 1,005.8 0 89 88 156 2.7 152 2.2 151 2.6 149 2.8 144 4.8 14497 8708 20.1 20.7 19.9 21.9 23.1 23.8 24.2 -
2014-6-9 00:00:0020.9 19.2 21 20.9 1,006.5 0 90 89 106 2.5 113 2.3 122 1.5 122 2.4 137 4.3 16276 15671 20 20.4 19.9 22.1 23.4 24.2 24.4 -
2014-6-8 23:00:0020.9 19 21.1 20.9 1,006.9 0 89 89 123 3.7 119 2.3 119 2.1 131 2.4 137 4.8 16555 15447 20.2 20.7 20.2 22.5 23.8 24.5 24.6 -
2014-6-8 22:00:0021.2 19.3 21.4 21.1 1,007.2 0 89 86 119 3.7 125 2.7 126 2.3 120 3.2 120 5.4 14996 15550 20.7 21.3 20.7 23.1 24.4 24.9 24.8 -
2014-6-8 21:00:0021.4 19 21.7 21.4 1007 0 86 86 118 4.3 124 3.5 119 3.1 117 3.3 114 6 18281 18625 21.4 22.2 21.4 23.7 24.9 25.3 25 -
2014-6-8 20:00:0021.7 19.6 21.9 21.6 1,006.4 0 88 86 134 4.7 122 2.4 114 2.3 114 3.4 107 6.9 17185 17043 22.2 22.8 22 24.5 25.6 25.7 25.2 -
2014-6-8 19:00:0021.9 19.5 22.6 21.9 1,005.7 0 86 82 115 4.7 111 3.1 108 2.8 113 3.8 97 6.9 16723 17129 22.9 25.4 22.9 25.7 26.4 26 25.2 -
2014-6-8 18:00:0022.6 19.4 23.5 22.6 1,005.5 0 82 77 111 5.4 108 4.1 99 3 98 3.3 100 6.7 18356 17044 25.5 29 25.5 27.1 27.1 26.2 25.2 -
2014-6-8 17:00:0023.5 19.2 24 23.5 1,005.5 0 77 77 108 5.4 105 3.2 96 2.6 104 3.2 111 6 18144 17586 29.2 32.6 29.2 28.5 27.5 26.1 25 -
2014-6-8 16:00:0023.9 19.8 24.1 23.9 1,005.3 0 78 76 83 3.6 97 2.2 117 2.7 106 3.2 105 5.2 22015 22110 32.2 33.5 32.2 29 27.4 26 24.9 -
2014-6-8 15:00:0024 20.1 24.2 23.9 1,005.2 0 79 79 112 5.7 116 3 108 2.6 118 3.4 101 6.4 21467 23054 33.1 33.4 31.8 28.9 27.3 25.8 24.7 -
2014-6-8 14:00:0024.1 20.2 24.5 24 1,005.3 0 79 77 121 4.9 122 3.3 117 2.6 132 3.3 119 5.7 22069 20218 32.7 37.8 32.2 29.1 27.2 25.5 24.5 -
2014-6-8 13:00:0024.2 20.1 24.5 23.9 1,005.6 0 78 78 146 3.8 142 3.2 136 3.3 127 3.3 140 5.7 23000 20976 35.6 36.7 32.9 28.8 26.5 25.1 24.3 -
2014-6-8 12:00:0024 20.7 24.1 23.7 1,005.7 0 82 81 122 3.6 125 2.9 121 3 130 3.2 111 5.6 24922 22099 34.6 35.4 31.2 28 25.9 24.7 24.1 -
2014-6-8 11:00:0023.7 20.6 23.9 23.6 1006 0 83 82 99 1.9 100 1.6 113 2.3 128 2.9 106 4.7 16098 18355 31.6 32.8 30.3 27.1 25.4 24.4 24 -
2014-6-8 10:00:0023.8 20.5 23.8 23.1 1006 0 82 82 103 4.8 100 3 129 2.8 129 2.8 103 4.8 19548 17691 31.6 32.3 27.7 26.3 24.8 24.1 23.9 -
2014-6-8 9:00:0023.2 20.5 23.7 23.1 1006 0 85 83 116 2.7 112 1.9 120 1.5 129 2.9 129 4.7 15264 13792 27.8 31.9 27.7 25.6 24.3 23.8 23.9 -
2014-6-8 8:00:0023.2 20.9 23.2 22.2 1,005.4 0 87 87 112 2.8 115 2.2 117 2.1 122 2.3 131 4.2 11958 12977 29.7 29.7 23.9 24.1 23.5 23.7 24 -
2014-6-8 7:00:0022.2 20.7 22.2 21.9 1,005.3 0 91 91 114 2.3 121 1.9 117 2.1 120 2.5 135 4.1 12199 13120 23.8 23.8 22.3 22.9 23.3 23.8 24.2 -
2014-6-8 6:00:0021.9 20.9 21.9 21.5 1,004.6 0 94 94 109 2.6 112 2.2 120 1.9 109 2.1 113 3.6 9322 8819 22.4 22.4 21.2 22.5 23.2 24 24.4 -
2014-6-8 5:00:0021.5 21 21.5 21.2 1,004.3 0 97 97 108 2.1 108 1.4 90 1.2 90 1.2 102 2.1 6740 6428 21.2 21.2 20.3 22.2 23.4 24.2 24.6 -
2014-6-8 4:00:0021.2 20.7 21.3 21.2 1,004.2 0 97 96 63 1.3 67 1.1 73 0.9 80 1.2 83 2.3 6035 5728 20.4 20.7 20.4 22.4 23.7 24.5 24.8 -
2014-6-8 3:00:0021.3 20.6 21.3 21.1 1,004.3 0 96 96 89 1.8 85 1.2 79 1.3 76 1.4 80 2.1 8549 8210 20.7 20.7 20.6 22.7 24.1 24.9 25.1 -
2014-6-8 2:00:0021.3 20.6 21.5 21.3 1,004.5 0 96 94 146 0.7 132 0.5 104 0.5 171 0.8 116 1.2 8565 8219 20.7 21.2 20.7 23.1 24.5 25.3 25.4 -
2014-6-8 1:00:0021.5 20.5 21.8 21.5 1,004.4 0 94 94 175 0.8 176 0.7 171 0.9 150 1.7 162 2.3 8551 8681 21.2 21.6 21.2 23.6 25 25.7 25.7 -
2014-6-8 00:00:0021.8 20.8 21.9 21.8 1,004.3 0 94 93 153 1.8 151 1.6 150 1.7 160 2 158 3.2 10172 10302 21.6 22.1 21.6 24.1 25.6 26.2 26 -
2014-6-7 23:00:0021.9 20.7 22.1 21.9 1,004.5 0 93 92 156 1.8 154 1.6 154 2 157 2.1 153 3.8 13077 13054 22.1 22.7 22.1 24.8 26.2 26.7 26.3 -
2014-6-7 22:00:0022.1 20.7 22.3 22.1 1,004.7 0 92 91 166 1.7 155 1.3 146 1.5 121 1.8 149 3.4 12147 12771 22.7 23.4 22.7 25.6 27 27.2 26.6 -
2014-6-7 21:00:0022.3 20.8 22.6 22.3 1004 0 91 89 116 2.6 117 1.9 123 1.5 137 2.3 142 4.1 15508 16009 23.4 24.3 23.4 26.6 28 27.8 26.8 -
2014-6-7 20:00:0022.6 20.7 23.4 22.6 1,003.4 0 89 86 150 3.3 145 2.7 137 2.5 122 2.6 126 4.9 18823 18716 24.3 26.1 24.3 28 29.1 28.5 27 -
2014-6-7 19:00:0023.4 20.9 24.5 23.4 1,003.1 0 86 81 132 2.7 130 1.8 130 2.2 120 2.6 130 5.1 19019 19723 26.1 30 26.1 29.9 30.3 29 27 -
2014-6-7 18:00:0024.6 21.1 25.8 24.6 1,002.3 0 81 77 138 3.1 133 2.1 125 2.3 121 3.3 104 5.4 19564 19673 30 35.5 30 32.1 31.5 29.2 26.8 -
2014-6-7 17:00:0025.8 21.2 26.6 25.8 1,001.9 0 76 71 126 4.7 122 3.6 119 3.1 150 3.2 119 5.3 20978 21980 35.5 41.6 35.5 34.4 32.3 29.2 26.5 -
2014-6-7 16:00:0026.6 20.9 27.2 26.5 1,001.6 0 71 69 128 4.1 119 3 142 3.2 135 3.8 127 7 23616 21845 41.7 46.1 41.7 35.8 32.5 28.8 26 -
2014-6-7 15:00:0027.1 21.6 28 27.1 1,001.7 0 72 69 102 5 122 2.8 127 3.6 114 4 108 7.3 21979 18738 46.1 48.9 46.1 36.5 32.1 28.2 25.4 -
2014-6-7 14:00:0027.9 21.9 28.2 27.6 1,001.9 0 70 65 109 4.1 118 3.1 135 3.2 140 4.2 116 6.8 17182 15073 49.3 50.1 44.1 36.1 31.3 27.4 24.8 -
2014-6-7 13:00:0028.3 21.3 28.3 27.5 1,002.5 0 66 62 129 6.1 129 4.4 153 2.9 151 3 129 6.1 14794 14280 48.9 51.8 42.6 35.3 30.5 26.4 24.2 -
2014-6-7 12:00:0027.9 20.5 28 26.9 1,003.1 0 64 62 86 2.4 104 1.8 125 1.3 163 2.4 150 3.9 12278 13543 46.2 51.1 46.2 34.8 28.9 25.3 23.6 -
2014-6-7 11:00:0027.1 20.9 27.1 25.8 1,003.4 0 69 67 155 2.8 138 1.8 148 1.8 194 3.1 169 5.2 17301 13001 48.2 48.2 40.8 32 26.9 24.2 23.2 -
2014-6-7 10:00:0025.8 20.8 25.8 24.7 1,003.7 0 74 73 208 3.6 188 2.4 186 2.4 169 2.6 196 4.2 12386 13674 40.9 40.9 34.1 28.9 25.1 23.4 23 -
2014-6-7 9:00:0024.6 20.7 24.6 23.9 1,004.1 0 79 77 190 1.8 182 1.4 167 1.7 156 2.5 153 3.8 10518 12167 33.7 33.7 30.2 26.2 23.8 22.9 22.9 -
2014-6-7 8:00:0023.9 20.8 23.9 22.6 1004 0 83 82 142 3.1 138 2.3 143 2.4 154 2.6 163 4.2 12235 13416 30.2 30.2 25.2 24.2 22.8 22.7 22.9 -
2014-6-7 7:00:0022.5 20.6 22.5 21.5 1,004.1 0 89 89 141 1.9 134 1.4 120 1.3 133 1.5 156 2.6 13323 12131 25.1 25.1 22.1 22.3 22.2 22.6 23 -
2014-6-7 6:00:0021.4 20.4 21.4 20.8 1,003.6 0 94 94 139 2.5 137 2.1 133 1.6 148 2.1 153 3.5 9201 8453 22.4 22.4 19.6 21.3 22 22.8 23.2 -
2014-6-7 5:00:0020.8 20.1 20.9 20.8 1,003.3 0 96 95 148 3 149 2.4 148 2.1 150 2.1 154 3.6 7501 7355 19.6 19.8 19.6 21.1 22.2 23 23.4 -
2014-6-7 4:00:0020.8 20 20.9 20.8 1,003.5 0 95 95 136 2.8 132 1.2 136 1.5 126 1.7 138 3.3 7474 7696 19.7 20.1 19.7 21.4 22.5 23.3 23.6 -
2014-6-7 3:00:0021 20 21 21 1,003.5 0 94 94 126 1.8 131 1.6 133 1.5 120 1.7 125 3.2 8640 8779 20.1 20.3 20 21.7 22.8 23.6 23.8 -
2014-6-7 2:00:0021 20 21 21 1,003.8 0 94 93 110 1.6 124 1.4 121 1.5 117 1.7 96 3.1 8450 8083 20.3 20.4 20.2 22 23.2 23.9 24 -
2014-6-7 1:00:0021 20 21.1 21 1004 0 94 93 111 2 103 1.5 108 1.6 104 1.7 104 3.2 8142 7971 20.4 20.7 20.4 22.3 23.6 24.2 24.3 -
2014-6-7 00:00:0021.1 20.1 21.1 21 1,004.3 0 94 93 102 1.9 100 1.2 105 1.6 106 1.8 113 3.3 7635 7578 20.8 20.8 20.8 22.7 24 24.6 24.5 -
2014-6-6 23:00:0021 19.8 21.3 21 1,004.8 0 93 92 91 1.5 94 1.5 106 1.4 115 1.8 106 3.2 8222 7794 20.8 21.4 20.8 23.2 24.6 25.1 24.8 -
2014-6-6 22:00:0021.3 19.9 21.3 21.2 1005 0 92 91 131 1.5 130 1.3 121 1.4 128 1.6 127 2.8 8264 8614 21.4 21.9 21.4 24 25.3 25.6 25.1 -
2014-6-6 21:00:0021.3 19.8 21.6 21.3 1,004.8 0 91 89 135 2.4 126 1.5 126 1.5 131 2.2 134 3.7 10670 10800 21.9 22.6 21.9 24.8 26.2 26.2 25.3 -
2014-6-6 20:00:0021.6 19.7 22.1 21.6 1,004.6 0 89 84 122 3.3 122 2.8 135 1.8 116 2.1 117 4.3 12744 12411 22.6 24.1 22.6 26 27.2 26.7 25.4 -
2014-6-6 19:00:0022.1 19.3 22.9 22.1 1004 0 84 82 107 3.7 113 2.1 113 2 105 3.3 97 5.5 19364 19876 24.1 27.8 24.1 27.8 28.5 27.2 25.4 -
2014-6-6 18:00:0022.9 19.7 23.4 22.9 1,003.8 0 82 78 102 3.3 106 2.8 106 2.9 112 3.3 83 5.5 14691 15053 27.9 33 27.9 30.1 29.6 27.5 25.3 -
2014-6-6 17:00:0023.4 19.3 24.6 23.4 1,003.7 0 78 74 116 4.5 115 3 108 2.7 103 3.6 107 5.7 26399 18838 32.4 39.2 32.4 32.2 30.3 27.4 24.9 -
2014-6-6 16:00:0024.7 20 24.9 24.3 1,003.8 0 75 73 95 5.3 86 3.1 95 2.6 74 3.5 114 5.9 18413 16063 39.6 44.6 39.2 34 30.6 27 24.4 -
2014-6-6 15:00:0024.6 19.7 24.9 24.5 1,004.2 0 74 73 79 5.8 81 3.7 76 3.4 67 3.7 59 6.8 17689 15435 44.1 47.2 42.6 34.7 30.2 26.3 23.8 -
2014-6-6 14:00:0024.8 19.9 25.2 24.6 1,004.7 0 74 71 63 3.8 73 3.6 75 3.4 67 3.8 77 6.4 13133 13754 46.5 48 40.4 34.2 29.2 25.4 23.2 -
2014-6-6 13:00:0024.7 19.8 25.5 24.7 1,005.2 0 74 72 98 3.8 89 2 74 2.5 87 3.4 78 5.8 12732 13468 43.6 47.2 39.8 33.2 28.2 24.4 22.6 -
2014-6-6 12:00:0025.6 20.4 25.8 25.1 1,005.2 0 73 68 93 4.8 84 2.9 73 3.1 64 3.1 57 5.7 11842 11897 45.8 47.2 42.7 32.2 26.4 23.3 22.1 -
2014-6-6 11:00:0025.1 19.5 25.2 23.3 1,005.8 0 71 71 161 2.1 161 1.6 127 1.5 155 1.6 142 3.4 12025 13080 44 44 31.7 28.5 24.4 22.4 21.8 -
2014-6-6 10:00:0023.3 19 23.3 22.4 1,005.5 0 77 76 132 2.6 152 1.6 161 1.5 139 2.1 151 3.8 11695 11645 32.8 33.4 28.9 25.7 23 21.9 21.6 -
2014-6-6 9:00:0022.4 18.6 22.5 21.7 1,005.9 0 79 79 185 2.4 181 2 181 1.9 181 1.9 128 3.3 13262 12626 29.8 30.5 26.6 24.2 22.1 21.5 21.5 -
2014-6-6 8:00:0021.7 19.1 21.7 20.7 1006 0 85 85 155 3.1 149 1.9 122 1.7 129 2.3 123 3.2 12367 11230 28.5 28.5 23.3 22.3 21.3 21.2 21.5 -
2014-6-6 7:00:0020.7 18.8 20.7 20 1006 0 89 89 116 3.3 118 2.5 120 1.8 135 1.9 116 3.3 10553 10841 23.4 23.4 21.4 21.1 20.8 21.1 21.6 -
2014-6-6 6:00:0020 19.3 20 19.5 1,005.7 0 96 96 88 1.9 97 1.5 90 1.1 73 1.6 76 2.4 7121 6443 21.4 21.4 19.4 20.1 20.5 21.1 21.7 -
2014-6-6 5:00:0019.5 19 19.5 19.1 1,005.6 0 97 97 70 1.4 71 0.9 78 0.7 149 0.8 82 1.5 4970 5248 19.3 19.3 18.1 19.5 20.4 21.3 21.8 -
2014-6-6 4:00:0019.1 18.8 19.1 18.9 1005 0 98 97 128 0.9 124 0.8 119 0.5 186 0.8 136 1.2 4633 4693 18.1 18.1 17.5 19.1 20.5 21.5 22 -
2014-6-6 3:00:0019 18.5 19.2 19 1005 0 97 97 181 1 181 0.9 187 0.8 139 1 142 1.4 4218 4334 17.7 18 17.7 19.4 20.7 21.7 22.2 -
2014-6-6 2:00:0019.2 18.7 19.2 18.9 1,005.1 0 97 97 141 1.2 142 1.1 138 0.9 105 1.2 100 2.4 5580 5822 18.1 18.2 17.9 19.6 21 22 22.4 -
2014-6-6 1:00:0018.9 18.4 18.9 18.6 1,005.7 0 97 96 97 1.5 108 1.2 107 1 122 1.1 118 2.2 6054 6087 17.9 18 17.7 19.8 21.3 22.3 22.7 -
2014-6-6 00:00:0018.8 18.1 19.1 18.8 1,006.1 0 96 95 170 0.4 176 0.3 165 0.5 155 1 142 1.4 6928 6850 18 18.5 18 20.2 21.8 22.7 22.9 -
2014-6-5 23:00:0019.1 18.3 19.4 19.1 1,006.4 0 95 93 146 0.7 147 0.6 154 1.1 175 1.4 146 2 9197 8983 18.5 19 18.5 20.8 22.3 23 23.1 -
2014-6-5 22:00:0019.4 18.2 20 19.4 1,006.4 0 93 92 159 1.3 165 1 162 1.1 156 1.9 162 3 8998 9411 19 19.7 19 21.4 22.9 23.5 23.3 -
2014-6-5 21:00:0020 18.7 20.5 20 1,006.3 0 92 89 168 2.3 163 1.4 150 1.5 154 2 147 3.3 11489 11443 19.7 20.5 19.7 22.2 23.6 23.9 23.5 -
2014-6-5 20:00:0020.5 18.8 21 20.5 1006 0 90 87 154 2.2 148 1.6 143 1.2 113 2 121 3.7 14900 14976 20.5 21.6 20.5 23.2 24.5 24.4 23.6 -
2014-6-5 19:00:0021 18.8 21.9 21 1,005.5 0 87 83 109 2.1 120 1.5 113 2.1 102 2.9 121 5.3 19308 18719 21.6 24.9 21.6 24.7 25.5 24.7 23.6 -
2014-6-5 18:00:0021.9 18.9 22.9 21.9 1,004.8 0 83 78 82 3.2 86 2.4 83 2.5 90 3.5 94 5.7 16160 17384 24.9 29.6 24.9 26.6 26.4 24.9 23.4 -
2014-6-5 17:00:0022.9 18.9 23.7 22.9 1,004.6 0 78 75 87 4.4 88 3.4 79 3.4 70 3.6 68 5.9 22239 21161 29.8 33.3 29.7 28.3 26.8 24.8 23.2 -
2014-6-5 16:00:0023.4 18.9 24.2 23.3 1,004.9 0 76 75 73 4.4 76 3.3 72 3.1 89 4 83 7.1 29808 35000 32.8 34.4 30.4 29.1 26.8 24.5 22.9 -
2014-6-5 15:00:0024.2 19.5 24.8 24.2 1,005.1 0 75 68 71 5 74 2.8 74 2.9 75 3.9 77 6.6 22409 27045 33.1 38.1 33.1 29.9 26.5 23.9 22.5 -
2014-6-5 14:00:0024.4 18.8 24.6 24.1 1,005.3 0 71 69 60 5.2 69 3.2 54 3.1 46 3.6 49 6 25466 25503 34.5 36.7 32.5 28.7 25.7 23.4 22.2 -
2014-6-5 13:00:0024.2 18.6 24.2 23.7 1,005.5 0 71 70 7 3.8 3 2.9 19 3.1 25 3.6 35 6 31099 25594 33.3 37.4 32.7 28.2 24.9 22.8 21.8 -
2014-6-5 12:00:0023.8 18.5 24.1 23.4 1,005.9 0 72 69 46 3.4 41 2.9 49 3.4 14 3.9 57 6 17892 25284 33.2 36.2 29.1 26.9 23.9 22.3 21.6 -
2014-6-5 11:00:0023.6 17.8 23.6 22.8 1006 0 70 69 353 4 347 2.8 359 3.2 12 3.8 22 5.6 35000 31241 31.3 33.1 28.8 25.8 23.1 21.8 21.4 -
2014-6-5 10:00:0022.9 18 22.9 21.8 1,006.2 0 74 72 19 5.2 15 3.5 14 3.4 14 3.4 17 5.8 35000 35000 28.7 29.1 27.5 24.4 22.3 21.4 21.2 -
2014-6-5 9:00:0021.8 17.4 22 21.3 1006 0 76 76 348 2.8 338 2.6 339 3.1 10 3.5 337 5.6 35000 29163 26.9 27.5 23.8 23 21.5 21.1 21.1 -
2014-6-5 8:00:0021.3 17.3 21.4 21.1 1,005.8 0 78 77 18 4.9 17 3.6 7 3.5 6 4 10 5.7 35000 35000 24.2 24.8 23.2 21.8 21 20.8 21.1 -
2014-6-5 7:00:0021.5 17.5 21.5 19.9 1,005.6 0 78 78 23 4.7 14 3.2 19 2.8 17 2.9 23 4.7 35000 33999 24.4 25.3 19.8 21 20.4 20.8 21.1 -
2014-6-5 6:00:0019.9 17.7 19.9 19.6 1,004.9 0 87 87 2 2.8 3 2.3 0 2.4 359 2.4 354 3.6 24476 23883 19.8 19.9 19.2 19.9 20.3 20.8 21.2 -
2014-6-5 5:00:0019.6 17.9 19.8 19.6 1,004.2 0 90 90 359 2.5 359 2 3 1.9 10 2.4 11 3.7 14173 15019 19.2 19.3 19.1 19.8 20.4 20.9 21.3 -
2014-6-5 4:00:0019.8 18.5 20.2 19.8 1,003.7 0 92 89 14 2.1 15 1.6 9 1.6 12 2.3 10 3.5 12458 13131 19.2 19.3 19.2 19.9 20.4 20.9 21.3 -
2014-6-5 3:00:0020.2 18.3 20.3 20.2 1,003.8 0 89 86 3 2 3 1.6 358 1.7 325 2 286 3.3 10417 9930 19.3 19.4 19.3 19.9 20.5 21 21.4 -
2014-6-5 2:00:0020.3 18.1 20.4 20.3 1004 0 87 86 275 1.9 282 1.5 289 1.4 281 1.7 283 2.6 13269 13858 19.4 19.4 19.2 19.9 20.5 21.1 21.5 -
2014-6-5 1:00:0020.3 18.1 20.3 19.9 1,004.4 0 87 86 323 1.5 327 1 331 1.3 328 2.1 352 4 14768 14817 19.2 19.2 18.9 19.8 20.6 21.3 21.6 -
2014-6-5 00:00:0019.9 18 20.3 19.9 1,004.8 0 89 86 2 1.3 1 1 353 1.3 0 2.8 356 4.8 21456 20932 18.9 18.9 18.3 19.7 20.8 21.5 21.8 -
2014-6-4 23:00:0020.3 17.9 20.7 20.3 1005 0 86 84 6 2.1 5 2 3 1.8 359 1.8 323 3.4 19944 19226 18.8 19.4 18.8 20.2 21.1 21.7 21.9 -
2014-6-4 22:00:0020.7 17.9 21.4 20.7 1,005.2 0 84 83 336 2 342 1.6 333 1.7 8 2.8 12 4.4 18523 20408 18.9 20.1 18.9 20.4 21.5 21.9 22 -
2014-6-4 21:00:0021.4 18.2 21.8 21.4 1,004.7 0 82 81 4 2.2 3 1.9 9 2.2 7 2.6 5 4.6 25348 27100 20.1 20.5 20.1 21.1 21.8 22.1 22 -
2014-6-4 20:00:0021.8 18.4 22.6 21.8 1,004.4 0 81 78 10 2.4 9 1.8 10 2.2 11 2.8 9 4.2 26662 27101 20.5 21 20.5 21.5 22.2 22.3 22.1 -
2014-6-4 19:00:0022.6 18.4 23.3 22.6 1,003.9 0 77 67 52 2.9 48 1.8 20 2.5 356 3.1 1 5.3 26531 26824 21 22.1 21 22 22.6 22.4 22.1 -
2014-6-4 18:00:0023.3 16.8 23.6 23.3 1,003.4 0 67 64 339 4.5 336 3.4 337 3.1 343 3.5 335 5.9 26558 26534 22.2 24.4 22.2 22.8 23 22.5 22 -
2014-6-4 17:00:0023.5 16.3 24.1 23.3 1,002.9 0 64 59 6 2.6 357 2.1 345 2.6 346 4.1 359 7.1 35000 35000 24.2 28.6 24 23.8 23.1 22.4 21.9 -
2014-6-4 16:00:0023.2 16.3 23.6 22.8 1,002.8 0 65 65 358 4.6 1 3.6 351 3.8 346 4.8 358 7.5 34061 29989 25.4 26.2 23.9 23.7 23.1 22.3 21.8 -
2014-6-4 15:00:0023.6 16.6 23.7 22.9 1,002.9 0 65 65 328 5.9 310 4.1 300 3.5 325 3.8 343 6.6 23735 23939 26.4 29.6 25.5 24.6 22.9 22 21.7 -
2014-6-4 14:00:0022.9 17.6 22.9 22 1,003.2 0 72 71 333 5.8 324 3.3 317 2.8 331 4.3 333 6.9 19033 18415 27.3 27.3 24.3 23.6 22.5 21.8 21.6 -
2014-6-4 13:00:0022 17.8 22 20.9 1,003.4 0.1 77 75 355 4.8 354 3.6 346 3.4 347 4.9 352 8 20708 20292 25.2 25.2 21.5 23 22.2 21.7 21.5 -
2014-6-4 12:00:0021.9 17.3 22.1 21 1,004.1 0 75 74 358 6 357 4.8 346 4.5 355 5.3 6 8.3 17885 20516 23.6 26.1 21.4 22.9 22.1 21.6 21.3 -
2014-6-4 11:00:0022.2 17.3 23.3 22.2 1,004.4 0 74 66 354 4.8 358 3.4 359 4 349 4.7 358 8.3 12374 12966 22.3 26.5 22.3 22.8 22.2 21.4 21.2 -
2014-6-4 10:00:0023.2 16.7 23.4 23.1 1004 0 67 66 338 4.8 328 3.8 340 4.1 300 4.3 333 7.7 15475 16284 26.5 30.5 25.5 23.6 21.9 21 21 -
2014-6-4 9:00:0023.1 16.6 23.1 22 1,004.1 0 67 67 310 7.8 309 5.5 301 4.4 301 4.4 301 8.1 14491 12904 29.4 29.7 24.1 22.9 20.9 20.5 20.9 -
2014-6-4 8:00:0022 16.5 22.1 21.3 1,003.9 0 71 71 283 6.7 294 4 304 3.8 300 4.3 303 8.3 13524 11275 24.1 24.6 22.2 21 20.1 20.3 20.9 -
2014-6-4 7:00:0021.3 16.7 21.3 20.2 1,003.9 0 75 74 301 5.1 294 3.2 306 3.4 309 4 315 7.2 9513 9628 22.2 22.3 19.2 19.6 19.5 20.2 20.9 -
2014-6-4 6:00:0020.2 16.4 20.2 19.8 1,003.8 0 79 78 282 3 295 2 286 2.2 284 2.8 284 4.5 7560 8045 19.1 19.1 17.1 18.4 19.2 20.2 21.1 -
2014-6-4 5:00:0019.8 16.1 19.8 19.5 1,003.6 0 79 78 284 2.9 283 2.6 284 2.8 284 2.9 289 5.9 8952 8779 17.1 17.1 16.6 17.8 19.2 20.4 21.2 -
2014-6-4 4:00:0019.6 15.9 19.7 19.4 1,003.6 0 79 78 284 4.3 285 2.5 285 2.8 284 3 287 4.5 9643 9335 16.7 16.9 16.6 17.9 19.4 20.6 21.4 -
2014-6-4 3:00:0019.4 15.9 19.6 19.3 1,003.5 0 80 80 278 2.4 286 1.8 280 2.1 287 2.4 285 3.5 8997 8933 16.7 17 16.6 18.1 19.7 20.8 21.5 -
2014-6-4 2:00:0019.6 16.3 19.8 19.6 1,003.4 0 81 80 278 3.4 280 2.7 287 2.2 280 2.7 275 4.7 8778 8793 16.9 17.2 16.9 18.4 19.9 21 21.7 -
2014-6-4 1:00:0019.7 16.2 20 19.7 1,003.6 0 80 78 253 2.6 260 2.2 275 2.3 279 2.3 290 3.7 11300 10991 17.1 17.5 17.1 18.7 20.2 21.2 21.8 -
2014-6-4 00:00:0020.1 16.1 20.5 20.1 1,004.3 0 78 74 288 3.4 289 1.9 287 1.9 296 3.1 325 5.4 14195 14590 17.5 18.5 17.5 19.2 20.6 21.5 22 -
2014-6-3 23:00:0020.6 16 20.6 20.6 1,004.6 0 75 75 295 3.7 291 3.3 295 3.1 306 4.2 301 7 17399 17852 18.5 18.7 18.4 19.6 20.9 21.7 22.1 -
2014-6-3 22:00:0020.6 16.2 20.7 20.6 1,004.6 0 76 76 313 4.5 310 3.3 293 3.2 305 4.2 302 7.5 15553 15829 18.7 19.2 18.7 20 21.2 21.9 22.2 -
2014-6-3 21:00:0020.7 16.7 20.7 20.2 1,004.7 0 78 78 292 2.2 298 2.4 299 2.8 301 3.5 294 5.6 13037 12983 19.2 19.6 19.2 20.4 21.5 22.1 22.4 -
2014-6-3 20:00:0020.2 17.8 20.2 19.8 1,004.5 0 86 85 324 3.3 332 2 336 2 329 2.6 316 4.3 8165 8151 19.6 19.7 19.6 20.8 21.8 22.3 22.5 -
2014-6-3 19:00:0019.8 17.8 21.3 19.8 1,004.3 0 88 75 322 3.2 320 2.2 329 2.6 299 4 274 7.1 8392 8275 19.6 20.3 19.4 21.1 22.1 22.5 22.5 -
2014-6-3 18:00:0021.3 16.7 22 21.2 1,003.7 0 75 69 299 5.9 290 3.8 301 4 305 4.8 302 9.4 15410 15795 20.3 21 20.3 21.7 22.5 22.7 22.6 -
2014-6-3 17:00:0022.1 16.2 23 22.1 1,003.2 0 69 64 291 7.4 284 4.6 308 4.5 326 4.6 325 8.5 18479 19096 21.1 23 21.1 22.5 23 22.8 22.6 -
2014-6-3 16:00:0023 16.1 23.3 23 1,002.8 0 65 63 309 4.5 310 2.5 302 2.9 299 4.3 295 7.5 17284 17153 23 27.1 22.9 23.5 23.3 22.8 22.5 -
2014-6-3 15:00:0023.2 16.3 23.7 23 1,003.1 0 65 59 330 5.6 329 3.9 325 3.5 326 4.8 324 9.2 16647 15148 26.3 26.3 24.1 23.8 23.3 22.7 22.4 -
2014-6-3 14:00:0023.7 15.5 23.7 23.4 1,003.1 0 60 59 321 5.1 323 2.7 317 3.2 284 4.3 335 7.2 28650 23256 25.8 27.7 25.1 24.2 23.2 22.5 22.3 -
2014-6-3 13:00:0023.6 15.4 23.8 22.8 1,003.2 0 60 58 291 6 289 4.6 285 4.2 301 4.7 289 8.8 23502 22425 27.2 30.3 23.8 24.5 22.7 22.2 22.2 -
2014-6-3 12:00:0023 15.3 23.2 22.2 1,003.5 0 62 61 284 6.5 289 3.3 303 3.9 303 3.9 306 6.9 23144 21187 24.9 27.7 22.1 23 22.1 22 22.1 -
2014-6-3 11:00:0022.2 15.8 22.3 22 1,003.8 0 67 67 297 2.9 299 1.8 307 2.4 272 3.4 261 6.1 16914 15760 22.1 23.1 21.8 22.1 22.1 21.9 22.1 -
2014-6-3 10:00:0022 16.1 22.5 22 1,003.8 0 69 66 272 2.9 267 2 275 2.4 270 3.9 264 8 12727 14477 22.7 27.3 22.7 22.7 22 21.7 22 -
2014-6-3 9:00:0022.1 16.2 22.1 21.4 1,003.7 0 69 69 289 5.9 290 3 287 3.1 290 4 293 6.6 13751 14710 25.1 25.5 22.9 22.1 21.3 21.5 22 -
2014-6-3 8:00:0021.4 16.4 21.4 20.7 1,003.7 0 73 72 294 3.8 278 2.7 282 3.4 281 3.4 298 6.3 13383 13752 23.2 23.5 20.5 20.9 20.8 21.4 22.1 -
2014-6-3 7:00:0020.7 16.5 20.7 20.4 1,003.9 0 77 75 251 3.6 253 2.3 260 2.3 271 2.5 267 5.3 13214 13585 20.4 20.4 19 19.9 20.6 21.5 22.2 -
2014-6-3 6:00:0020.4 15.8 20.4 20.3 1,004.1 0 75 74 267 2.8 270 2.4 270 1.9 279 2.1 259 4.1 19312 18381 19 19 18.5 19.5 20.6 21.6 22.4 -
2014-6-3 5:00:0020.3 15.5 20.3 20.3 1,003.8 0 74 73 275 2.5 280 2.1 280 2 285 3.8 290 5.5 23466 23702 18.5 18.5 18.4 19.4 20.7 21.8 22.6 -
2014-6-3 4:00:0020.2 15.2 20.3 20.2 1,003.6 0 73 72 277 4.9 284 3.9 285 3.5 306 4.3 308 7.5 29894 29598 18.4 18.4 18.3 19.4 20.9 22 22.8 -
2014-6-3 3:00:0020.2 15.4 20.2 19.8 1,003.3 0 74 74 293 3.7 295 3 304 3.5 302 3.6 310 6.7 30081 31485 18.4 18.4 17.8 19.5 21.1 22.3 23 -
2014-6-3 2:00:0019.8 15 20.4 19.7 1,003.6 0 74 71 266 1.9 265 1.3 267 2.1 307 4 306 5.6 30144 29752 17.7 18.4 17.6 19.6 21.5 22.6 23.2 -
2014-6-3 1:00:0020.4 15 20.9 20.3 1,003.6 0 71 70 318 6 313 4.6 306 4.1 302 5.1 299 8.8 28548 32323 18.4 19.4 18.4 20.2 21.9 22.9 23.4 -
2014-6-3 00:00:0020.9 16.3 20.9 20.5 1004 0 75 75 311 5.4 309 3.9 300 4.5 299 4.7 297 8.2 17830 16792 19.4 20 19.4 21 22.3 23.2 23.6 -
2014-6-2 23:00:0020.5 17.9 21.2 20.5 1,004.3 0 85 80 282 4.2 281 3.2 284 3 287 5.1 281 8.1 10596 11074 20 20 19.8 21.3 22.7 23.5 23.8 -
2014-6-2 22:00:0021.3 17.5 22.6 21.3 1,004.2 0 79 72 287 7.6 285 5 292 4.1 288 5.3 292 8.1 15887 16135 20 20.7 20 21.5 23.1 23.9 24 -
2014-6-2 21:00:0022.6 17.3 23.2 22.6 1,003.6 0 72 68 288 4.6 291 2.8 290 3.2 301 4.2 288 7.2 17227 17178 20.7 21 20.5 22.1 23.6 24.3 24.3 -
2014-6-2 20:00:0023.2 17 23.5 23.2 1,002.4 0 68 66 303 4.6 311 3.4 307 4.3 297 5.2 314 8.9 20368 19836 20.9 21.6 20.9 22.7 24.2 24.7 24.4 -
2014-6-2 19:00:0023.5 17.3 24.1 23.5 1,001.6 0 68 65 306 5.2 311 3.3 294 3.7 287 5.3 282 9.6 21287 20555 21.5 22.7 21.3 23.5 25 25.1 24.5 -
2014-6-2 18:00:0024.1 17.4 25.8 24.1 1,001.5 0 66 62 296 4.3 293 3.6 295 4.6 285 7.5 291 13.6 21700 20811 22.7 26.3 22.7 25 26 25.4 24.5 -
2014-6-2 17:00:0025.8 18 26.3 25.8 1,000.9 0 62 59 302 6.2 288 4.2 285 5 291 6.2 279 11.4 25432 22273 26.3 29.6 26.1 27.1 26.7 25.5 24.4 -
2014-6-2 16:00:0026.1 18.5 26.9 25.9 1,000.9 0 63 61 278 9.2 286 6 290 5.4 299 6.5 308 11.1 17093 18269 29.7 31.7 29.1 28.2 26.9 25.4 24.3 -
2014-6-2 15:00:0026.8 18.7 27.1 26.4 1,000.7 0 61 58 265 7.2 275 5.8 290 5.6 284 6.5 265 10.5 30427 24035 30.7 32.8 30.5 28.9 26.8 25.2 24 -
2014-6-2 14:00:0026.3 19.7 26.5 25.5 1,000.8 0 67 66 269 6.2 265 3.8 285 4.9 287 5.5 288 10.1 14860 16996 32.2 32.8 28 27.9 26.6 24.9 23.8 -
2014-6-2 13:00:0026.1 20 26.3 26 1,000.8 0 69 67 308 7 295 4.3 288 5.5 284 5.8 284 10.9 14652 16117 30.6 32.8 30.1 28.7 26.4 24.6 23.5 -
2014-6-2 12:00:0026.2 19.8 27 26.2 1,000.9 0 68 65 293 6.7 289 5.2 275 5.6 271 6 268 10.5 17722 16519 30.2 32.8 30.1 28.3 25.9 24.1 23.3 -
2014-6-2 11:00:0026.9 19.8 27 26 1,001.1 0 65 65 261 9 267 6.2 269 4.7 283 5.7 278 11.4 20604 20866 31.8 33.7 31 28.2 25.1 23.5 23 -
2014-6-2 10:00:0026 20.8 26.1 24.5 1,000.9 0 73 73 276 5.1 285 4.3 282 5.3 279 5.3 290 9.5 19574 14832 31.8 32.2 25.5 26.3 24 23.1 22.9 -
2014-6-2 9:00:0024.4 20.9 25.1 24.4 1001 0 81 78 280 5 272 3 276 3.8 274 4.6 274 9.9 10729 10716 25.3 26.8 24.5 24.2 23.5 22.9 22.8 -
2014-6-2 8:00:0025.1 21.2 25.3 24.6 1001 0 79 78 276 5.8 266 4 270 4.3 272 4.6 266 9.8 11413 12508 26.7 28.1 25.8 24.4 23 22.6 22.7 -
2014-6-2 7:00:0024.4 21.5 24.4 23 1,000.8 0 84 84 259 4.4 261 2.7 271 3.7 268 4.1 273 7.3 10429 9745 25.7 25.7 22.6 22.8 22.4 22.6 22.8 -
2014-6-2 6:00:0023 21.8 23 22.8 1,000.7 0 93 93 283 2.3 279 1.9 264 2.2 264 2.4 268 4.8 5805 5784 22.6 22.6 21.4 22 22.3 22.6 22.8 -
2014-6-2 5:00:0022.9 22.1 22.9 22.7 1,000.3 0 95 95 254 3.8 255 2.1 263 2.4 251 2.7 252 5.4 5458 5637 21.4 22 21.4 22 22.4 22.6 22.8 -
2014-6-2 4:00:0022.8 22.3 22.8 22.7 999.8 0 97 97 250 4.3 252 2.5 254 1.8 253 2.1 245 4.4 3413 3383 21.9 22.1 21.7 22.1 22.4 22.7 22.9 -
2014-6-2 3:00:0022.7 22.2 22.7 22.6 999.7 0 97 97 267 2.4 271 1.3 252 1.3 233 2.1 218 3.6 3630 3770 22.1 22.1 22 22.2 22.5 22.7 22.9 -
2014-6-2 2:00:0022.6 22.1 22.6 22.5 999.8 0.8 97 97 216 2 216 1.3 218 1.7 206 2.5 209 4.6 4293 4548 22.1 22.1 22.1 22.2 22.5 22.7 22.9 -
2014-6-2 1:00:0022.6 22.1 22.6 22.4 1000 0 97 97 211 3.7 213 2.5 204 2.5 181 3.6 192 6.4 6447 6407 22.1 22.1 22 22.2 22.4 22.7 23 -
2014-6-2 00:00:0022.4 21.9 22.4 22 1,000.1 0 97 97 185 3.8 184 3.5 180 3.8 176 4.4 174 6.7 6346 6343 22 22 21.7 22.1 22.4 22.7 23 -
2014-6-1 23:00:0022 21.7 22 21.9 1,000.5 0.1 98 97 164 5.3 164 3.6 164 3.6 157 5.2 151 8.6 6248 6654 21.7 21.7 21.7 22 22.4 22.8 23.1 -
2014-6-1 22:00:0021.9 21.4 21.9 21.8 1,000.9 1.8 97 95 160 5.7 158 4.4 157 5.1 159 5.4 157 8.8 10750 5972 21.6 21.6 21.6 22 22.5 22.9 23.2 -
2014-6-1 21:00:0022 21.2 22 22 1,001.7 0 95 94 151 7.3 156 5.1 157 4.5 164 5.3 158 9.1 12624 15349 21.6 21.6 21.5 22 22.5 22.9 23.3 -
2014-6-1 20:00:0022 21 22 21.7 1,001.6 0 94 93 162 8.6 163 5.1 163 4.9 162 5.8 158 9.2 25266 28120 21.5 21.6 21.5 22 22.6 23 23.3 -
2014-6-1 19:00:0021.7 20.7 21.7 21.5 1,001.4 0 94 94 162 4.9 160 4.4 159 5.3 155 5.5 154 9.3 32744 35000 21.6 22 21.5 22.2 22.6 23.1 23.4 -
2014-6-1 18:00:0021.7 20.9 21.7 21.2 1001 0.4 95 95 149 4.3 150 3.3 153 4.1 161 5 151 7.7 35000 28351 22 22.1 21.5 22.2 22.6 23.1 23.5 -
2014-6-1 17:00:0021.2 20.5 21.2 21.1 1,001.8 3.2 96 96 155 7.5 151 4.6 152 4 164 4.8 163 8.4 9681 10216 21.5 21.5 21.3 22 22.7 23.3 23.6 -
2014-6-1 16:00:0021.1 20.4 21.1 21 1,003.4 8.5 96 95 166 6 166 4 169 4.4 163 6.7 149 11.9 5534 5579 21.3 21.4 21.2 22.1 22.9 23.5 23.7 -
2014-6-1 15:00:0021.1 20.3 21.7 21 1003 1.4 95 93 150 8.4 150 5.5 155 5.6 152 7.1 148 13.2 14581 20602 21.4 21.9 21.4 22.5 23.2 23.6 23.8 -
2014-6-1 14:00:0021.7 20.5 21.8 21.3 1,003.3 0.6 93 92 151 10.3 151 6.9 151 6.5 151 7.1 155 12.8 5416 9459 21.8 23 21.8 23 23.4 23.7 23.9 -
2014-6-1 13:00:0021.3 20.5 21.5 21.2 1,004.4 0.6 95 95 153 9.5 152 5.8 144 5.1 142 5.8 148 11.7 20866 18231 23 23.5 22.3 23.1 23.4 23.7 24 -
2014-6-1 12:00:0021.5 20.8 21.6 21.5 1,005.1 4.3 96 94 151 9.5 146 5.7 146 5.1 150 6.2 148 11.1 6729 4583 22.7 22.7 21.9 22.9 23.4 23.8 24.1 -
2014-6-1 11:00:0021.6 20.8 21.6 21.2 1,005.7 0.5 95 95 147 11.5 149 7.8 152 5.9 152 5.9 150 12 6643 13553 22.6 22.9 21.9 23 23.4 23.9 24.2 -
2014-6-1 10:00:0021.2 20.5 21.6 21.2 1,006.3 7.2 96 92 143 6.8 139 4 143 4.4 145 5.4 146 10.2 4550 3534 21.8 22.5 21.7 22.9 23.5 24 24.3 -
2014-6-1 9:00:0021.5 20.1 21.6 21.5 1,006.8 0 92 91 133 7 142 3.9 144 4.3 143 5.2 156 9.2 16304 16265 22.5 22.8 22.3 23 23.6 24.1 24.4 -
2014-6-1 8:00:0021.5 20.1 21.5 21.1 1,007.1 0 92 92 146 5.9 142 4.2 146 4.5 146 4.5 149 8.6 17449 17594 22.5 23 22.5 23 23.6 24.2 24.6 -
2014-6-1 7:00:0021 20.2 21 20.8 1,007.2 0 95 95 138 6.5 139 3.9 140 3.2 136 3.9 150 8.2 11596 10499 22.6 22.6 21.4 22.7 23.6 24.3 24.7 -
2014-6-1 6:00:0020.8 20 20.8 20.5 1,007.6 3.3 95 94 134 3.3 138 2.6 140 2.6 140 2.6 145 4.9 9944 9012 21.3 21.4 20.8 22.5 23.8 24.6 24.9 -
2014-6-1 5:00:0020.7 19.7 21.2 20.7 1,007.6 1.8 94 89 127 3.4 138 2 130 2.3 149 2.5 114 4.5 1170 3644 20.9 21.5 20.9 22.9 24 24.8 25.2 -
2014-6-1 4:00:0021.2 19.5 21.2 21 1,007.9 0 90 89 149 3.2 150 2.7 150 2.4 157 3.4 149 5.3 17780 18378 21.5 21.5 21.3 23.1 24.3 25.1 25.4 -
2014-6-1 3:00:0021 19.3 21 20.8 1,008.1 0 90 90 146 4.7 155 3.3 158 3.1 151 3.9 143 6.3 14960 16925 21.4 21.5 21.2 23.4 24.7 25.4 25.6 -
2014-6-1 2:00:0020.9 19.6 21.8 20.9 1,008.2 0.4 92 84 148 5.8 148 3.9 151 4.1 170 5.3 172 8.3 15148 10512 21.1 22.4 21 23.8 25.1 25.7 25.8 -
2014-6-1 1:00:0021.8 19 21.9 21.8 1,009.2 0 84 84 168 4.9 169 3.8 171 4.5 159 4.8 154 8.6 23657 23076 22.4 22.6 22.3 24.2 25.4 26 26.1 -
