2014-7-1 1:00:0022.4 20.1 22.4 22.4 1,009.6 0 87 85 158 1.8 158 1.5 132 1.6 125 2.2 132 4.3 7369 8046 21.5 21.5 21.4 22 22.7 23.3 23.6 -
2014-7-1 00:00:0022.4 19.8 22.6 22.4 1010 0 85 84 106 1.9 117 1.5 113 1.7 161 3.2 154 5.4 9015 8501 21.4 21.5 21.4 22 22.9 23.5 23.7 -
2014-6-30 23:00:0022.6 20 22.6 22.5 1,010.1 0 85 85 156 2.4 150 1.5 155 1.8 161 3.4 144 5.6 7026 7885 21.5 21.5 21.4 22.2 23.1 23.6 23.9 -
2014-6-30 22:00:0022.4 20.1 22.4 22.4 1,010.6 0 87 84 143 2.5 153 2 155 2.1 150 2.6 168 4.7 7712 7674 21.4 21.6 21.4 22.3 23.3 23.8 24 -
2014-6-30 21:00:0022.4 19.6 22.4 22.2 1,010.8 0 84 84 156 4.1 154 2.4 151 1.8 138 2.4 150 4.9 9511 8906 21.5 21.7 21.5 22.6 23.6 24.1 24.1 -
2014-6-30 20:00:0022.2 19.7 22.2 22 1,010.2 0 86 84 105 3.1 115 2.2 127 2.2 134 2.6 120 5 7795 7649 21.6 22.1 21.6 22.9 24 24.3 24.2 -
2014-6-30 19:00:0022.1 19.5 22.2 22.1 1,010.3 0 85 85 109 2.9 108 2.3 107 1.9 120 2.6 128 4.2 7480 7091 22.2 23.1 22.2 23.6 24.4 24.5 24.3 -
2014-6-30 18:00:0022.1 20.4 22.1 22 1010 0 90 87 127 3.3 138 2.2 165 1.7 136 2.9 135 5.6 5828 5511 23.1 23.9 23 24.2 24.8 24.7 24.3 -
2014-6-30 17:00:0022 19.9 22.1 21.9 1,009.6 0 88 88 172 4 158 2.8 158 2.3 149 2.7 130 4.6 4290 4253 24 25.6 24 25 25.2 24.8 24.3 -
2014-6-30 16:00:0022 19.9 22.2 21.9 1,010.1 0 88 86 153 3.6 147 2.4 137 2.5 110 3.1 110 5.2 4196 4123 25.3 26.5 24.7 25.5 25.4 24.8 24.2 -
2014-6-30 15:00:0022.1 19.6 22.2 21.8 1,010.1 0 86 80 130 3.9 116 2.9 125 2.8 153 3.1 155 5.3 5889 5897 26.6 27.3 25.8 26.2 25.6 24.7 24.1 -
2014-6-30 14:00:0021.8 18.2 23.4 21.8 1,010.4 0 80 65 149 3.7 157 2.2 153 3 152 3.9 170 6 10202 10937 25.8 31.1 25.8 26.9 25.7 24.4 23.8 -
2014-6-30 13:00:0023.4 16.7 24.4 23.3 1,010.3 0 66 63 125 3.7 137 2 157 2.9 186 4.3 183 7.2 18451 19393 30.5 33 28.6 27.4 24.8 23.9 23.7 -
2014-6-30 12:00:0024.3 17.5 24.3 23.1 1,010.2 0 66 61 176 3.1 164 2.7 163 2.8 161 2.8 167 5.3 19932 21020 29.2 29.2 25.4 25.5 24 23.6 23.6 -
2014-6-30 11:00:0023.1 17.1 23.1 22 1,010.2 0 69 64 141 1.7 134 1.4 130 2 152 2.1 131 4 21834 21773 25.6 25.8 24.7 24.1 23.4 23.4 23.6 -
2014-6-30 10:00:0021.9 16.6 21.9 20.5 1010 0.2 72 70 131 1.2 135 1.3 160 1 7 2.1 148 2.7 21732 22265 24.7 24.8 21.4 23.1 23 23.4 23.7 -
2014-6-30 9:00:0020.6 17.6 21.4 20.6 1,010.6 2.1 83 78 12 3 15 2.2 5 2.1 30 2.1 19 3.7 6240 4779 21.4 22 21.4 22.5 23.1 23.5 23.8 -
2014-6-30 8:00:0021.4 17.6 22 21.3 1,010.6 0.1 79 78 22 2.6 15 1.8 34 2.1 28 2.7 51 4.9 7565 7800 22 22.4 21.5 22.5 23.2 23.6 23.9 -
2014-6-30 7:00:0022.1 20.2 22.9 22.1 1,010.1 0.7 89 89 21 3.6 24 3 29 2.5 31 2.6 20 5.5 4761 3810 22.1 22.4 22.1 22.8 23.3 23.7 23.9 -
2014-6-30 6:00:0022.9 22.1 23.1 22.9 1,009.5 1 95 94 60 1.5 56 1.4 49 1.3 67 1.5 51 2.7 1434 1422 22.4 22.4 22.2 22.8 23.4 23.8 24 -
2014-6-30 5:00:0023.1 22.1 23.4 23.1 1,008.6 0 94 91 76 1.5 73 1 66 1 100 1.4 50 2.3 2114 2323 22.2 22.3 22.2 22.8 23.5 24 24.2 -
2014-6-30 4:00:0023.4 21.8 23.6 23.4 1,008.6 0 91 90 - 0.1 - 0.2 133 0.9 119 1.5 117 2 3599 3676 22.3 22.5 22.3 23 23.7 24.1 24.3 -
2014-6-30 3:00:0023.6 21.9 23.7 23.5 1,008.2 0 90 88 127 1.8 123 1.4 118 1.6 119 1.6 100 2.7 4969 5184 22.4 22.5 22.4 23 23.8 24.3 24.4 -
2014-6-30 2:00:0023.7 21.6 23.8 23.7 1,008.6 0 88 87 279 1.1 299 0.5 211 0.3 154 2 165 3.2 6629 6727 22.4 22.6 22.4 23.2 24 24.5 24.6 -
2014-6-30 1:00:0023.8 21.7 24 23.8 1,007.8 0 88 84 90 1.3 98 1.1 109 0.9 140 1.9 147 3.3 6111 6125 22.6 22.6 22.5 23.3 24.2 24.7 24.8 -
2014-6-30 00:00:0024 21.1 24.2 24 1,008.1 0 84 82 128 2.4 121 1.8 137 1.9 150 2.5 144 4.1 6817 6645 22.6 22.8 22.5 23.5 24.5 25 24.9 -
2014-6-29 23:00:0024.1 21 24.3 24.1 1,008.4 0 83 83 157 3.4 153 2.8 145 1.7 180 2.4 189 4.2 7743 7368 22.9 23 22.8 23.9 24.9 25.3 25.1 -
2014-6-29 22:00:0024.3 21.6 24.4 24.3 1009 0 85 81 137 3.3 147 2.1 159 1.5 150 2.3 151 4.3 6366 6230 23.1 23.3 23 24.2 25.3 25.6 25.3 -
2014-6-29 21:00:0024.4 21.3 24.5 24.3 1,008.6 0 83 83 152 1.7 147 1.6 149 1.8 150 2.8 152 5 6553 6446 23.3 23.6 23.3 24.6 25.8 26 25.5 -
2014-6-29 20:00:0024.5 21.6 24.6 24.5 1,007.6 0 84 81 160 3.3 148 2.7 152 2.7 154 2.7 136 4.9 5947 5984 23.6 24.2 23.6 25.3 26.5 26.4 25.6 -
2014-6-29 19:00:0024.6 21.1 25 24.6 1,007.2 0 81 80 161 2.1 145 1.4 148 1.8 146 2.9 140 4.8 6907 6886 24.2 26.2 24.2 26.4 27.3 26.7 25.6 -
2014-6-29 18:00:0025 21.5 25.5 25 1,006.9 0 81 74 144 3.6 153 2.4 157 2.4 154 2.6 156 4.2 5023 5123 26.2 29 26.2 28.2 28.1 26.9 25.5 -
2014-6-29 17:00:0025.5 20.3 26.4 25.5 1,006.8 0 73 71 136 2.6 152 1.8 172 1.9 155 2.4 171 3.4 10847 11237 28.9 33.3 28.9 29.8 28.6 26.9 25.3 -
2014-6-29 16:00:0026.4 20.9 26.5 25.7 1,006.7 0 72 70 160 2.9 138 1.6 144 1.7 138 2.4 154 3.8 9670 10148 33.3 34.2 30.3 30.7 28.5 26.7 25.1 -
2014-6-29 15:00:0026 20.8 27.3 25.8 1,006.8 0 73 60 98 3.2 111 1.7 148 2.1 158 2.5 154 4.2 11046 10806 31.3 36.5 30.8 30.4 28.7 26.4 24.7 -
2014-6-29 14:00:0027.2 19 27.3 26.7 1,007.1 0 61 57 178 1.9 179 1.3 160 2.2 201 2.3 175 3.7 15522 14411 36.5 37.2 33.1 31.9 28.5 25.8 24.2 -
2014-6-29 13:00:0027 18.8 27.1 26.6 1,007.4 0 61 59 240 1.3 227 1.2 183 1.4 157 2.6 142 4 13856 15089 35.9 38.4 34.5 31.8 27.8 25 23.7 -
2014-6-29 12:00:0026.8 18.7 27.1 26.5 1,007.6 0 61 53 153 3.3 166 2.2 179 2.1 178 2.6 146 4 21871 16554 37.8 37.9 34.5 31 26.2 24.1 23.4 -
2014-6-29 11:00:0026.4 19.5 26.4 24.7 1008 0 66 65 240 2.6 196 1.6 170 1.3 201 1.6 184 2.6 28084 17599 34.2 34.3 28.4 27.1 24.7 23.6 23.2 -
2014-6-29 10:00:0024.7 18.9 24.7 24.2 1,008.1 0 70 68 196 1.3 189 1.1 201 1.7 217 2 205 3.2 13572 12934 28.5 29.2 27.9 26 24 23.2 23 -
2014-6-29 9:00:0024.3 19.8 24.3 23.8 1,007.8 0 76 74 225 2.1 214 1.4 215 1.9 207 2.3 204 3.7 8950 9227 28.5 28.5 25.8 24.8 23.2 22.8 22.9 -
2014-6-29 8:00:0023.9 20.8 23.9 22.9 1,007.8 0 83 82 204 2.1 201 1.3 223 1.3 227 1.3 210 2.1 7887 7733 26.4 26.4 23.5 23.4 22.6 22.6 22.9 -
2014-6-29 7:00:0022.9 20.8 22.9 22.5 1,007.3 0 88 88 194 1.7 196 1.2 200 1.1 216 1.6 194 3.1 6838 6627 23.5 23.5 21.8 22.2 22.2 22.6 23 -
2014-6-29 6:00:0022.5 20.8 22.5 21.9 1,007.2 0 90 90 228 1.7 224 1.5 220 1.3 220 1.4 199 2.7 7279 7089 21.8 21.8 20.7 21.5 22 22.7 23.1 -
2014-6-29 5:00:0021.9 20.9 21.9 20.9 1,006.9 0 94 94 226 1 221 0.5 201 0.6 192 1.1 192 2.1 6242 6474 20.7 20.7 20.3 21.2 22 22.8 23.3 -
2014-6-29 4:00:0020.8 20.1 20.8 20.8 1,006.7 0 96 95 - 0 - 0 - 0 17 0.6 14 0.8 5785 5649 20.3 20.3 20.1 21.1 22.2 23 23.4 -
2014-6-29 3:00:0020.8 20.1 21 20.7 1,006.5 0 96 93 67 0.5 70 0.5 80 0.4 203 0.8 209 1.2 4951 5066 20.1 20.1 19.9 21.1 22.4 23.2 23.6 -
2014-6-29 2:00:0021 20 21.4 21 1,006.8 0 94 91 198 1 194 0.8 205 0.7 220 0.8 217 1.6 5776 6205 20.1 20.4 20.1 21.4 22.7 23.4 23.8 -
2014-6-29 1:00:0021.4 19.9 22.4 21.4 1,007.1 0 91 84 200 1.5 204 0.9 223 0.7 221 0.9 200 1.5 9841 9024 20.4 20.9 20.4 21.8 23 23.7 23.9 -
2014-6-29 00:00:0022.4 19.6 22.9 22.4 1,007.7 0 84 82 243 0.6 244 0.3 222 0.4 208 1.9 202 3.5 12316 12711 20.9 21.2 20.9 22.1 23.3 24 24.1 -
2014-6-28 23:00:0022.8 19.6 23 22.8 1,008.2 0 82 80 220 2.1 219 1.7 210 1.7 212 2.2 210 3.9 15923 15631 21.2 21.6 21.2 22.5 23.7 24.2 24.3 -
2014-6-28 22:00:0022.9 19.9 22.9 22.8 1,008.2 0 83 83 210 2.9 214 1.6 217 1.8 213 2.7 207 4.4 14825 14396 21.6 21.7 21.6 22.8 24 24.6 24.5 -
2014-6-28 21:00:0022.9 20.2 23 22.9 1008 0 85 84 231 2.9 215 1.9 211 2.1 211 2.4 200 3.9 10097 9851 21.7 22.1 21.7 23.2 24.6 24.9 24.6 -
2014-6-28 20:00:0023 20.2 23.4 23 1,007.2 0 84 83 206 3 209 2 218 2 222 2.6 212 4.5 9762 9190 22.1 22.8 22.1 24 25.2 25.3 24.8 -
2014-6-28 19:00:0023.4 20.3 24 23.4 1,006.6 0 83 79 205 3.4 212 2 211 2.5 209 3 214 5.4 10680 10507 22.8 24.6 22.8 25 26 25.6 24.8 -
2014-6-28 18:00:0024 20.3 24.8 24 1,005.9 0 80 77 245 2.8 234 2 216 2.7 204 3 211 5 9517 10125 24.6 27.7 24.6 26.7 26.7 25.8 24.7 -
2014-6-28 17:00:0024.8 21.5 25.6 24.8 1,005.3 0 82 79 188 3.1 199 2.8 200 2.2 180 2.4 141 4.3 5304 5365 27.6 31 27.6 28.2 27.1 25.6 24.5 -
2014-6-28 16:00:0025.5 21.8 25.6 24.9 1,005.6 0 80 78 214 2.4 210 2 193 2 213 3.2 209 5.1 6867 7179 31 31.3 28.5 28.6 26.7 25.4 24.3 -
2014-6-28 15:00:0025 21.3 25.1 24.8 1,006.2 0 80 79 162 4.3 172 2.6 177 2.2 179 3 184 4.3 6064 6393 28.6 29.5 27.8 27.7 26.7 25.3 24.2 -
2014-6-28 14:00:0025 21.5 25 24.6 1,006.5 0 81 80 182 3.7 179 2.8 178 2.9 183 3.3 172 5.1 7532 7594 29.4 30.3 28.6 28.3 26.7 25.1 23.9 -
2014-6-28 13:00:0024.8 21.5 26 24.8 1,006.6 0 82 78 197 4.2 195 3.1 176 3 173 3 192 5.1 9153 9032 29.2 33.1 29.2 29 26.6 24.6 23.6 -
2014-6-28 12:00:0025.7 21.6 25.9 25.2 1007 0 78 77 161 2.7 152 2 161 2.3 161 2.3 165 3.5 7313 7220 32 33 30 28.8 25.8 24.1 23.2 -
2014-6-28 11:00:0025.5 22 26.1 25.2 1,007.2 0 81 77 168 2.6 167 2.3 163 2.2 163 2.2 177 3 6650 6434 30.9 34.2 29.6 28.2 24.9 23.5 23 -
2014-6-28 10:00:0025.2 21.9 25.2 24 1,007.2 0 82 81 218 1.3 146 0.4 35 0.3 228 0.8 199 1.6 2727 3106 29.6 29.6 27.7 26 24 23.1 22.8 -
2014-6-28 9:00:0024 21.1 24 22.9 1,007.1 0 84 84 235 0.7 240 0.6 223 0.7 223 0.7 209 1.3 5250 5209 27.9 27.9 26.2 25 23.3 22.7 22.7 -
2014-6-28 8:00:0022.9 21.9 22.9 22.1 1007 0 94 94 - 0 - 0 - 0.1 53 0.7 40 1 4283 4069 26.2 26.2 23.7 23.6 22.6 22.5 22.7 -
2014-6-28 7:00:0022.1 21.8 22.1 21.6 1,007.1 0 98 98 42 1 45 0.5 33 0.3 23 0.9 14 1.5 3260 3366 23.6 23.6 21.8 22.3 22.2 22.4 22.7 -
2014-6-28 6:00:0021.6 21.3 21.6 21.4 1,006.5 0 98 98 61 0.8 53 0.8 54 0.6 43 1 44 1.6 1410 1385 21.8 21.8 21.1 21.6 22.1 22.5 22.8 -
2014-6-28 5:00:0021.4 21.1 21.5 21.4 1006 0 98 98 79 0.7 79 0.7 69 0.5 75 0.6 71 0.9 1420 1339 21.1 21.2 21.1 21.6 22.1 22.6 22.9 -
2014-6-28 4:00:0021.5 21.2 21.5 21.5 1,005.9 0 98 98 45 0.6 44 0.5 - 0.2 59 0.9 57 1.3 2390 2296 21.2 21.3 21.2 21.7 22.2 22.6 22.9 -
2014-6-28 3:00:0021.5 21.2 21.5 21.4 1,005.9 0 98 98 102 0.3 103 0.3 94 0.3 33 0.6 29 1 2464 2377 21.2 21.2 21.1 21.7 22.3 22.8 23 -
2014-6-28 2:00:0021.5 21.2 21.5 21.5 1,006.1 0 98 97 - 0 - 0 - 0 8 0.7 16 1 2838 2846 21.2 21.2 21.2 21.8 22.4 22.9 23.1 -
2014-6-28 1:00:0021.5 21 21.6 21.5 1,006.4 0 97 97 - 0 - 0 - 0 30 0.7 29 1 4016 3604 21.3 21.3 21.3 21.9 22.6 23 23.2 -
2014-6-28 00:00:0021.5 21 21.7 21.5 1,006.7 0 97 97 29 0.8 28 0.5 30 0.7 27 0.8 27 1 3868 3653 21.3 21.5 21.3 22 22.7 23.1 23.3 -
2014-6-27 23:00:0021.7 21.2 22 21.7 1,007.3 0 97 96 144 0.6 142 0.6 - 0.2 239 0.4 158 1 3919 3000 21.5 21.9 21.5 22.3 22.9 23.3 23.3 -
2014-6-27 22:00:0021.9 21.2 22 21.9 1,007.8 0.1 96 96 - 0 - 0 - 0.1 50 1.1 57 1.7 4282 4176 21.9 22.1 21.8 22.5 23.1 23.4 23.4 -
2014-6-27 21:00:0022.1 21.4 22.1 22.1 1,007.1 0 96 96 57 1.4 51 0.7 48 1.1 46 1.6 47 3 4428 4210 22.1 22.3 22.1 22.8 23.3 23.5 23.5 -
2014-6-27 20:00:0022.1 21.4 22.2 22.1 1,006.6 0.1 96 95 58 1.5 58 0.9 56 1 55 2 54 3.3 3744 3493 22.3 22.4 22.2 23 23.5 23.7 23.6 -
2014-6-27 19:00:0022.2 21.4 22.8 22.2 1,006.2 0.1 95 94 51 2.7 49 2.2 57 1.9 63 2.5 64 3.6 3122 3496 22.4 23.2 22.4 23.4 23.8 23.8 23.6 -
2014-6-27 18:00:0022.8 21.8 23.4 22.8 1,006.2 0.3 94 89 49 1.2 47 1.1 48 0.9 35 2 55 3.6 2951 3013 23.1 23.7 23.1 23.8 24 23.9 23.6 -
2014-6-27 17:00:0023.4 21.5 23.6 23.4 1,005.8 0 89 87 32 2 27 1.2 31 1.4 40 2 35 3.6 6637 6697 23.7 24.5 23.7 24.3 24.3 23.9 23.6 -
2014-6-27 16:00:0023.6 21.5 24.3 23.6 1,005.6 0 88 84 43 2.6 44 1.9 36 1.7 44 1.9 41 3.4 8549 8950 24.1 26.5 24.1 24.8 24.5 23.9 23.5 -
2014-6-27 15:00:0024.3 21.6 24.3 23.9 1,005.2 0 85 85 43 2.8 40 1.9 24 1.5 345 1.5 32 2.8 7871 6506 26.3 26.5 25.4 25.1 24.3 23.8 23.4 -
2014-6-27 14:00:0023.9 21.6 24 23.7 1,005.6 0 87 86 337 1 336 0.7 338 1 26 1.4 342 2.5 6256 6081 25.4 26.1 25.4 24.9 24.3 23.7 23.3 -
2014-6-27 13:00:0023.6 21.7 23.6 23.5 1,005.5 0 89 88 38 1.8 21 1 6 1 4 2.1 16 3.6 6028 6322 25.6 25.8 24.9 24.8 24.2 23.6 23.2 -
2014-6-27 12:00:0023.6 21.5 23.6 23.3 1,005.9 0 88 87 8 2.2 4 1.8 20 1.7 18 1.8 16 3.4 6096 6356 25.8 26.8 25 25 24.2 23.5 23.1 -
2014-6-27 11:00:0023.5 21.8 23.5 22.9 1006 0 90 90 310 1.9 309 1.7 303 1.4 323 1.8 312 2.8 5114 5106 26.8 28.6 25.6 25.5 23.9 23.2 22.9 -
2014-6-27 10:00:0023 22 23 22.5 1,005.9 0 94 94 324 2.5 321 1.5 327 1.6 328 1.9 339 3.5 4816 4474 26.6 27.5 25.2 24.7 23.3 22.9 22.9 -
2014-6-27 9:00:0022.5 21.8 22.5 22.1 1,005.7 0 96 96 315 1.6 334 1.1 333 1.5 329 2 319 3.4 4028 4489 25.5 25.5 23.5 23.6 22.8 22.7 22.8 -
2014-6-27 8:00:0022.1 21.8 22.1 21.9 1,005.3 0.1 98 97 356 1.9 0 1.5 353 1.6 336 1.9 320 3.4 1640 1622 23.4 23.4 22.3 22.5 22.6 22.7 22.9 -
2014-6-27 7:00:0021.9 21.6 22 21.8 1005 0 98 98 354 2.5 350 1.3 348 1.3 339 1.7 331 2.8 2201 2406 22.3 22.3 22.2 22.4 22.6 22.7 22.9 -
2014-6-27 6:00:0022 21.7 22 21.9 1,004.1 0 98 98 350 1.8 355 1.3 353 1.3 0 1.5 346 2.6 2109 2497 22.3 22.5 22 22.3 22.6 22.8 22.9 -
2014-6-27 5:00:0021.9 21.6 22.1 21.9 1,003.2 0.7 98 98 326 1.1 341 0.9 331 1.1 353 1.9 344 3.2 1805 1873 22 22.1 22 22.3 22.6 22.8 23 -
2014-6-27 4:00:0022.1 21.8 22.3 22.1 1,003.1 0.2 98 98 333 1.3 338 1 334 1.1 349 1.8 358 3.1 1911 2183 22.1 22.2 22.1 22.4 22.7 22.9 23 -
2014-6-27 3:00:0022.3 22 22.4 22.3 1,002.9 0.5 98 98 349 2 346 1.4 338 0.9 332 2 356 3.7 4013 3784 22.3 22.3 22.3 22.5 22.7 22.9 23.1 -
2014-6-27 2:00:0022.4 22.1 22.5 22.4 1,003.1 8 98 98 330 3.1 336 2.1 333 2 341 2.4 339 3.7 4577 3606 22.3 22.3 22.3 22.5 22.8 23 23.1 -
2014-6-27 1:00:0022.5 22.2 22.5 22.4 1,003.3 6.3 98 98 330 2.3 323 1.8 304 1.6 13 1.6 14 3 1740 2501 22.3 22.3 22.3 22.5 22.8 23 23.1 -
2014-6-27 00:00:0022.4 22.1 22.5 22.4 1,003.8 21.4 98 98 330 0.8 320 0.6 330 0.9 333 3 337 4.9 1561 891 22.3 22.4 22.3 22.6 22.9 23.1 23.2 -
2014-6-26 23:00:0022.5 22.2 22.6 22.5 1004 6.8 98 98 336 4.7 332 2.8 331 3 340 3.3 315 6.5 997 916 22.4 22.6 22.4 22.8 23 23.1 23.2 -
2014-6-26 22:00:0022.7 22.4 22.7 22.7 1,003.7 0 98 98 48 2 53 1.3 40 1.3 37 1.3 37 2.7 1173 1293 22.6 22.7 22.6 22.8 23.1 23.2 23.2 -
2014-6-26 21:00:0022.7 22.4 22.8 22.7 1,003.4 0 98 98 54 1.2 54 0.9 59 1.1 57 1.1 67 1.7 1414 1287 22.7 22.8 22.7 22.9 23.1 23.2 23.2 -
2014-6-26 20:00:0022.8 22.5 22.9 22.8 1,003.6 0 98 97 74 0.9 74 0.6 59 0.5 40 1.1 14 1.8 1459 1581 22.8 23.1 22.8 23.1 23.2 23.2 23.2 -
2014-6-26 19:00:0023 22.5 23 23 1,003.5 0.3 97 97 - 0 - 0.1 57 0.6 28 0.9 38 1.3 2596 2679 23.1 23.2 23.1 23.2 23.2 23.2 23.2 -
2014-6-26 18:00:0023 22.5 23 22.8 1,003.4 0.6 97 97 353 0.6 350 0.3 - 0.2 42 1.1 42 1.9 6523 6049 23.3 23.3 23.2 23.2 23.2 23.2 23.2 -
2014-6-26 17:00:0022.8 22.3 22.8 22.7 1,002.7 3.5 97 97 32 1.1 40 0.9 32 0.6 91 2.7 84 4.7 7193 7806 23.2 23.2 22.8 23.1 23.2 23.3 23.2 -
2014-6-26 16:00:0022.8 22.5 22.8 22.7 1,002.6 10.2 98 97 94 3.3 85 2.1 86 1.9 89 2.6 100 4.7 1098 1933 22.9 23 22.8 23.1 23.3 23.3 23.2 -
2014-6-26 15:00:0022.7 22.2 22.7 22.6 1,003.3 3.3 97 96 73 1.6 81 1.5 80 1.9 87 2.9 88 5.1 2270 3141 23 23.7 23 23.4 23.4 23.3 23.2 -
2014-6-26 14:00:0022.6 21.9 22.7 22.6 1,003.2 1.6 96 95 81 2.7 84 2.1 87 2.2 70 3.5 72 5.2 4486 3861 23.2 23.6 23 23.4 23.4 23.3 23.2 -
2014-6-26 13:00:0022.7 22 22.7 22.6 1,003.6 0.1 96 95 75 3.5 78 2.1 83 2.5 70 4.1 69 6.1 9491 10367 23.6 23.7 23.3 23.6 23.4 23.2 23.1 -
2014-6-26 12:00:0022.7 21.9 22.9 22.7 1,003.9 0 95 95 91 4.3 92 2.9 87 2.7 70 3.5 88 5.5 6024 6072 23.5 24.1 23.5 23.7 23.4 23.1 23 -
2014-6-26 11:00:0022.9 22.1 23.2 22.9 1,004.2 0 95 93 77 4.4 80 3.1 68 3.5 67 3.5 64 5.4 5239 5599 24.2 25 24 23.8 23.3 23 23 -
2014-6-26 10:00:0023.1 22.1 23.1 22.6 1,004.4 0 94 94 64 2.6 71 1.6 67 2.3 72 2.4 61 3.8 6486 5840 24.6 24.8 23.4 23.5 23 22.8 22.9 -
2014-6-26 9:00:0022.6 21.8 22.7 22.5 1,004.4 0 95 95 44 3 46 2.6 46 2.1 69 3.5 64 5 5822 6221 23.5 24.6 23.5 23.3 22.7 22.7 22.9 -
2014-6-26 8:00:0022.4 21.7 22.4 21.8 1,004.3 0 96 96 62 3.9 58 3.1 59 2.8 59 2.8 67 4.7 8753 9615 23.8 23.8 22.2 22.6 22.4 22.6 22.9 -
2014-6-26 7:00:0021.8 21.3 21.8 21.5 1,004.6 0 97 97 63 1.8 60 1.5 51 1.5 55 1.9 51 3.2 6002 5559 22.2 22.2 21.6 22 22.3 22.6 22.9 -
2014-6-26 6:00:0021.5 21.2 21.5 21.5 1,004.6 0 98 97 57 2.5 57 1.9 52 1.7 55 2.1 64 3.4 3844 3381 21.6 21.6 21.4 21.8 22.2 22.7 23 -
2014-6-26 5:00:0021.4 20.9 21.4 21.4 1,004.4 0 97 97 55 3 58 2 54 2 54 2.4 56 3.8 3185 3227 21.4 21.4 21.4 21.8 22.3 22.7 23 -
2014-6-26 4:00:0021.4 20.9 21.8 21.4 1,004.1 0 97 96 60 3.2 57 2.5 52 2.3 67 3.4 54 4.8 7146 6534 21.4 21.7 21.4 21.9 22.3 22.7 23.1 -
2014-6-26 3:00:0021.9 21.2 21.9 21.9 1004 0 96 96 62 4.3 64 3.2 66 3.3 72 4.7 77 7.4 25636 24847 21.7 21.7 21.6 21.9 22.4 22.8 23.2 -
2014-6-26 2:00:0021.9 21.4 21.9 21.7 1,004.3 0.6 97 97 66 5.3 65 3.9 65 3.8 72 4.5 69 7 34351 30718 21.6 21.6 21.5 21.9 22.4 22.9 23.2 -
2014-6-26 1:00:0021.7 21.2 21.7 21.6 1,004.9 2.4 97 97 72 5 73 3.5 75 3.8 74 4.6 72 7.3 10212 9679 21.5 21.5 21.4 21.8 22.4 23 23.3 -
2014-6-26 00:00:0021.6 21.1 21.6 21.2 1,005.9 1.2 97 97 67 5.6 71 3.2 73 3.6 71 5 68 7.6 9660 7048 21.4 21.4 21 21.8 22.5 23.1 23.5 -
2014-6-25 23:00:0021.2 20.7 21.2 20.9 1,006.2 2.3 97 97 69 6.8 71 4.3 71 5.3 72 5.8 71 9.7 942 907 21 21.1 20.8 21.8 22.6 23.3 23.6 -
2014-6-25 22:00:0020.9 20.4 21.1 20.9 1,006.6 3.3 97 96 73 8 72 5.8 72 5.5 73 6.7 75 10.7 5330 4719 20.8 21 20.8 21.9 22.8 23.5 23.7 -
2014-6-25 21:00:0020.9 20.4 21.3 20.9 1,006.4 1.5 97 96 72 8.3 73 5 70 5.3 71 6 72 9.8 2832 4044 21 21.3 20.9 22.2 23.1 23.7 23.9 -
2014-6-25 20:00:0021.3 20.8 21.6 21.3 1,005.9 7.7 97 96 64 6.4 65 4.6 71 4.9 71 4.9 65 8.5 4054 4749 21.3 21.7 21.3 22.5 23.4 23.9 24 -
2014-6-25 19:00:0021.5 20.8 22.4 21.5 1,005.5 4.4 96 95 78 4.1 81 3.4 81 3.6 80 4 87 7.2 5894 6078 21.6 22.4 21.6 22.9 23.8 24.1 24.1 -
2014-6-25 18:00:0022.4 21.7 22.6 22.4 1,005.3 2.4 96 95 89 4 91 3.3 89 3.4 93 4.3 97 7.5 7315 5721 22.4 22.8 22.3 23.4 24.1 24.3 24.2 -
2014-6-25 17:00:0022.5 21.7 22.7 22.5 1,004.9 2.1 95 94 95 4.1 95 3.4 95 4 97 4.1 95 6.6 11649 11988 22.7 23.3 22.7 23.9 24.4 24.4 24.2 -
2014-6-25 16:00:0022.7 21.7 22.8 22.7 1,005.1 0.8 94 93 112 3.9 110 2.5 104 2.6 97 3.2 93 6 7296 8039 23.3 24.4 23.1 24.2 24.6 24.5 24.2 -
2014-6-25 15:00:0022.8 21.6 22.9 22.7 1,005.4 0.1 93 90 100 5.4 99 3.5 104 2.8 98 3.2 88 5.8 18805 13859 24.4 24.5 23.6 24.7 24.9 24.6 24.2 -
2014-6-25 14:00:0023 21.3 23 22.7 1,005.9 0.1 90 89 106 4.8 106 3.5 104 2.8 109 3 112 4.9 12930 14954 24.7 26.3 24.7 25.4 25.1 24.6 24.1 -
2014-6-25 13:00:0022.7 21.2 23.2 22.5 1,006.2 0 91 83 118 2.3 111 1.9 107 1.9 106 2.3 108 3.9 8109 7940 25.8 26.7 24.6 25.7 25.3 24.5 24 -
2014-6-25 12:00:0023.2 20.5 23.7 23.2 1007 0 85 80 104 3.2 100 2.4 100 2.4 100 2.4 157 4.2 17058 19131 26.4 29.5 26.4 26.7 25.3 24.2 23.8 -
2014-6-25 11:00:0023.5 20.6 23.5 23.3 1,007.2 0 84 82 148 1.7 142 1.1 166 1.4 133 2.1 126 3.9 35000 32721 29.2 29.2 28.1 26.4 24.7 23.8 23.6 -
2014-6-25 10:00:0023.5 20.1 23.7 23 1,006.9 0 81 79 158 2.6 159 2 132 1.6 127 1.6 111 2.9 20396 24581 28.7 29.7 26.3 26 23.9 23.5 23.5 -
2014-6-25 9:00:0023 20.5 23 22.4 1,007.3 0 86 85 178 1.5 196 1 216 1.1 183 1.5 182 2.5 26818 24837 26.2 26.2 23.3 23.9 23.2 23.3 23.6 -
2014-6-25 8:00:0022.4 20.3 22.4 22.1 1,006.7 0.1 88 87 242 1.4 224 1.2 172 1.4 149 2.2 159 4.8 13646 26720 23.3 23.4 22.2 22.8 22.8 23.2 23.6 -
2014-6-25 7:00:0022.1 20.4 22.2 22.1 1,006.1 0.4 90 87 152 2.9 142 1.7 143 1.8 155 2.6 154 4.8 20638 19127 22.2 22.2 21.3 22.1 22.7 23.3 23.7 -
2014-6-25 6:00:0022.2 19.9 22.6 22.2 1,006.1 0.1 87 82 156 2.4 149 1.4 148 1.6 151 2.1 148 3.6 18627 28766 21.3 21.4 20.8 21.9 22.7 23.4 23.9 -
2014-6-25 5:00:0022.6 19.4 22.7 22.6 1,005.7 0 82 81 144 2.3 152 1.7 144 1.7 181 1.8 190 3.3 20342 24630 20.8 21 20.8 21.8 22.8 23.6 24 -
2014-6-25 4:00:0022.7 19.3 22.7 22.6 1,005.6 0 81 81 181 3 189 2.2 182 1.8 190 2.1 196 4.5 35000 35000 21 21 20.8 21.8 22.9 23.8 24.2 -
2014-6-25 3:00:0022.7 19.5 22.7 22.6 1,005.7 0 82 80 172 1.4 155 1.1 153 1.7 148 2.3 136 4.8 35000 35000 20.8 20.8 20.7 21.9 23.1 24 24.4 -
2014-6-25 2:00:0022.7 19.3 22.9 22.7 1,005.7 0 81 77 157 2.1 159 1.4 157 1.8 153 2.4 163 4.4 35000 35000 20.7 20.8 20.6 22 23.4 24.3 24.6 -
2014-6-25 1:00:0023 18.8 23.1 22.9 1,006.2 0 77 75 173 1.5 157 1.3 163 1.8 166 2.2 186 4.3 35000 35000 20.8 20.8 20.7 22.3 23.8 24.7 24.9 -
2014-6-25 00:00:0023.1 18.6 23.4 23.1 1,006.6 0 76 76 161 2.7 162 2.1 169 2.3 179 2.6 162 4.6 35000 35000 20.9 21.6 20.9 22.7 24.3 25 25.1 -
2014-6-24 23:00:0023.4 19.8 23.7 23.4 1007 0 80 78 177 2.3 165 2 180 2.6 151 3.1 149 5.7 22083 22199 21.6 21.7 21.6 23.2 24.7 25.4 25.4 -
2014-6-24 22:00:0023.7 19.6 24 23.7 1,007.2 0 78 77 160 3.5 157 2.4 154 2.5 150 3.3 150 5.8 34488 35000 21.7 22.2 21.7 23.7 25.3 25.9 25.6 -
2014-6-24 21:00:0024 20.3 24.4 24 1,006.8 0 80 76 150 4.1 133 2.3 154 2.5 138 3.8 164 7.3 30601 29737 22.2 23 22.2 24.5 26 26.4 25.8 -
2014-6-24 20:00:0024.3 20.2 24.6 24.3 1,006.2 0 78 78 152 5.1 146 3.1 143 3.1 141 3.1 150 5.8 35000 28798 22.9 24 22.9 25.4 26.9 26.9 26 -
2014-6-24 19:00:0024.6 21.5 25.2 24.6 1,005.9 0 83 82 136 4.1 131 2.6 133 2.6 162 3.3 137 5.7 22922 22169 24 26.7 24 26.7 27.9 27.3 26.1 -
2014-6-24 18:00:0025.2 21.9 25.9 25.2 1,005.5 0 82 78 164 5.2 157 3.4 161 3.2 154 3.6 175 5.9 14378 13484 26.7 30.7 26.7 28.6 28.8 27.5 26 -
2014-6-24 17:00:0025.9 22 26.4 25.8 1,005.2 0 79 73 151 3.7 155 2.6 169 3.1 172 3.5 162 5.5 14454 12105 30.9 33.7 30.7 30.4 29.3 27.5 25.8 -
2014-6-24 16:00:0026.3 21.1 26.7 25.9 1,005.3 0 73 69 152 5 147 3.9 145 3.1 152 3.2 171 5.3 17668 18603 33.1 34.1 31.1 31.4 29.6 27.4 25.5 -
2014-6-24 15:00:0026.1 21.8 26.8 26.1 1,005.8 0 77 72 132 2.6 153 1.9 154 2.5 132 3.2 114 6.6 14978 14079 32.5 37.4 32.3 32.6 29.9 27 25.1 -
2014-6-24 14:00:0026.4 20.9 27 26.3 1,005.9 0 72 68 146 3.1 143 2.6 155 2.5 133 3.2 214 5 23912 27246 36.9 38.4 35.3 33 29.4 26.4 24.6 -
2014-6-24 13:00:0026.4 20.7 26.4 25.9 1,006.3 0 71 70 161 4 162 2.7 162 2.1 145 2.7 91 5 30101 35000 35.2 37.4 35 32.4 28.8 25.7 24 -
2014-6-24 12:00:0026 20.3 26.4 25.7 1007 0 71 70 138 3.7 137 2.7 159 2.7 172 2.8 190 4.3 25590 28591 37.1 39.7 37.1 32.9 27.7 24.7 23.5 -
2014-6-24 11:00:0025.9 21.1 26.1 25.1 1,007.3 0 75 71 151 3.5 148 2.3 141 1.9 142 2.2 128 3.7 35000 35000 38 38 33.7 30.5 26 23.8 23.1 -
2014-6-24 10:00:0025 20.9 25.1 24.4 1,007.4 0 78 77 178 2.1 182 1.6 156 1.9 141 2.5 115 3.9 24570 35000 33.5 33.9 29.4 27.5 24.4 23.1 22.8 -
2014-6-24 9:00:0024.4 21.3 24.4 24 1,007.1 0 83 80 165 3.2 166 2.4 162 2.4 171 2.6 159 3.9 35000 34984 30.7 30.7 27.4 25.6 23.4 22.6 22.7 -
2014-6-24 8:00:0024.2 21.3 24.3 23.6 1,007.2 0 84 82 178 2.3 167 1.7 169 1.8 167 2.1 154 3.4 29873 27007 27.7 28.1 24.5 24.2 22.5 22.3 22.6 -
2014-6-24 7:00:0023.6 21.1 23.7 21.7 1,006.8 0 86 85 149 2.7 146 1.9 144 1.9 144 1.9 140 2.9 25115 21492 24.5 25.1 20.9 22.2 21.7 22.2 22.7 -
2014-6-24 6:00:0021.7 20.9 21.7 21.1 1,006.5 0 95 93 87 1 84 0.5 - 0.2 156 0.8 151 1.6 5532 7040 20.8 20.8 19.6 20.7 21.5 22.3 22.8 -
2014-6-24 5:00:0021.4 20.2 22.1 21.4 1,006.5 0 93 91 - 0 - 0 - 0 171 0.8 154 1.6 6281 5378 19.6 20 19.6 20.7 21.7 22.4 22.9 -
2014-6-24 4:00:0022.1 20.6 22.5 22.1 1,006.3 0 91 89 172 0.9 171 0.8 172 0.8 178 1.5 181 2.2 6827 7029 20 20.4 20 21 21.9 22.5 23 -
2014-6-24 3:00:0022.4 20.5 22.6 22.4 1,006.2 0 89 88 185 1.2 188 0.9 177 1.5 171 1.7 183 3.1 7856 8409 20.4 20.5 20.4 21.2 22 22.7 23.1 -
2014-6-24 2:00:0022.6 20.5 22.7 22.6 1,006.5 0 88 87 178 2.3 182 1.2 179 1.4 178 2.2 164 3.7 9960 10387 20.5 20.7 20.5 21.3 22.2 22.8 23.2 -
2014-6-24 1:00:0022.7 20.4 22.7 22.5 1,006.9 0 87 87 179 2.2 174 1.3 169 1.6 164 2.1 152 4.3 10442 11884 20.6 20.8 20.6 21.5 22.4 23 23.3 -
2014-6-24 00:00:0022.6 20.9 22.7 22.6 1,007.4 0 90 89 173 1 169 0.8 163 1 140 1.5 146 3.8 4802 4878 20.8 21 20.8 21.6 22.6 23.2 23.4 -
2014-6-23 23:00:0022.7 20.8 22.7 22.5 1,007.9 0 89 89 121 1.3 139 1.1 133 1.2 149 1.8 152 3.1 14086 13024 20.8 21 20.8 21.8 22.8 23.4 23.6 -
2014-6-23 22:00:0022.6 20.7 22.7 22.6 1,008.2 0 89 87 137 2.6 140 1.5 137 1.5 126 2.3 97 3.9 17973 17052 20.9 21.3 20.9 22 23.1 23.6 23.7 -
2014-6-23 21:00:0022.7 20.6 22.7 22.6 1008 0 88 87 113 2.8 114 2.1 120 1.8 136 2.4 123 5.2 19738 17312 21.3 21.6 21.3 22.4 23.5 23.9 23.8 -
2014-6-23 20:00:0022.6 20.5 22.8 22.6 1,007.5 0 88 87 117 3.1 113 1.7 121 1.8 96 2.6 96 4.1 17161 17721 21.6 22.3 21.6 23 23.9 24.1 23.9 -
2014-6-23 19:00:0022.8 20.7 23.1 22.8 1,006.8 0 88 85 107 3.7 99 2.4 95 2.5 115 2.9 108 4.3 14023 13285 22.4 23.9 22.4 23.9 24.4 24.2 23.9 -
2014-6-23 18:00:0023.1 20.6 23.5 23.1 1,006.3 0 86 83 115 3 117 2.3 118 2.7 106 3.1 87 4.9 14226 15219 23.9 26 23.9 24.8 24.7 24.3 23.8 -
2014-6-23 17:00:0023.4 20.7 23.4 23.1 1,006.4 0 85 83 87 2.9 81 2.3 79 2.7 73 2.8 74 4.5 14837 14042 25.2 25.8 24.5 25.1 24.9 24.3 23.7 -
2014-6-23 16:00:0023.4 20.3 24 23.4 1,006.2 0 83 78 97 2.9 95 2.3 106 2.2 103 3.2 101 4.9 19528 18967 25.9 28.5 25.9 26.1 25.1 24 23.5 -
2014-6-23 15:00:0024.1 20.4 24.2 23.4 1,006.1 0 80 77 100 4.9 102 3.7 103 2.9 97 3 101 5.7 22477 23554 28.7 29.6 26.5 26.3 24.5 23.7 23.4 -
2014-6-23 14:00:0023.4 20.7 23.5 23 1,007.4 0 85 84 355 1.2 26 0.7 90 1.9 107 3 123 4.9 14641 13625 27 27.7 25 25.2 24.1 23.5 23.2 -
2014-6-23 13:00:0023.1 20.6 23.2 22.8 1,006.9 0 86 85 106 4.7 101 2.8 105 2.5 108 3.3 114 5.2 17291 15777 25.8 26.9 24.3 24.8 23.8 23.3 23.1 -
2014-6-23 12:00:0022.9 20.4 23.2 22.9 1,007.7 0 86 84 100 3.6 100 3 105 3 105 3 106 4.5 16265 16808 24.4 25.4 24.3 24.3 23.6 23.1 23 -
2014-6-23 11:00:0023.3 20.6 23.3 23 1,008.6 0 85 85 74 2.9 74 2.2 71 2.1 69 3.1 63 4.7 14117 11874 25.5 26.1 25.3 24.3 23.3 22.9 22.9 -
2014-6-23 10:00:0023 20.7 23.1 22.8 1,008.1 0 87 86 94 3.3 88 2.6 64 3 95 3.3 89 5.8 10644 11721 25.1 25.3 24.4 23.7 22.8 22.7 22.8 -
2014-6-23 9:00:0022.8 20.5 22.8 22.2 1,008.2 0 87 86 68 4.1 69 3.1 78 2.8 89 3 72 4.5 10938 12600 24.5 24.6 22.7 22.8 22.4 22.5 22.8 -
2014-6-23 8:00:0022.2 20.5 22.2 21.7 1,007.6 0 90 90 75 3.4 83 2.9 90 2.9 88 3.1 96 5.1 10970 8950 22.7 22.8 22.5 22.2 22.1 22.4 22.9 -
2014-6-23 7:00:0021.6 20.2 21.7 21.2 1,007.8 0 92 92 56 2.4 54 2.2 56 2.1 55 2.1 52 3.4 4278 4267 22.5 22.6 21 21.7 21.9 22.4 22.9 -
2014-6-23 6:00:0021.2 20.2 21.6 21.2 1,007.3 0 94 89 63 2.2 64 1.6 46 1.3 57 1.7 9 2.5 3186 3982 20.9 20.9 20.4 21.1 21.8 22.5 23 -
2014-6-23 5:00:0021.6 19.7 21.8 21.5 1,006.9 0 89 88 59 2.4 61 2.1 63 1.7 93 2.1 75 3.3 11857 10247 20.4 20.5 20.4 21.1 21.9 22.6 23.1 -
2014-6-23 4:00:0021.8 19.7 21.8 21.7 1,006.4 0 88 88 87 3.4 88 2.6 101 1.9 94 2.2 121 4.5 18411 16723 20.4 20.6 20.4 21.2 22.1 22.8 23.2 -
2014-6-23 3:00:0021.8 19.9 21.8 21.7 1,006.9 0 89 87 85 2.3 83 1.3 70 1.8 98 2.1 109 4.1 10554 13247 20.6 20.6 20.4 21.2 22.2 22.9 23.4 -
2014-6-23 2:00:0021.8 19.5 22 21.7 1,007.1 0 87 86 113 1.4 113 1.2 115 1.6 104 1.9 85 3.9 17548 20085 20.4 20.8 20.4 21.4 22.4 23.1 23.5 -
2014-6-23 1:00:0022 19.7 22 21.9 1,007.7 0 87 86 95 1.6 101 1.3 98 1.6 97 2 110 3.6 21544 24653 20.8 20.8 20.7 21.6 22.6 23.3 23.6 -
2014-6-23 00:00:0022 19.9 22 22 1,008.1 0 88 88 114 1.8 108 1.2 104 1.7 111 2.2 113 4.1 15961 15402 20.8 20.8 20.8 21.7 22.8 23.5 23.8 -
2014-6-22 23:00:0021.9 20 22 21.9 1,009.1 0 89 87 86 2.2 84 1.5 91 2 93 2.8 105 4.4 12290 14732 20.8 20.9 20.7 21.9 23 23.7 23.9 -
2014-6-22 22:00:0022 19.9 22.1 22 1,008.8 0 88 87 84 2.4 75 1.7 85 2.2 97 3 100 5.2 15238 15947 20.9 21.3 20.9 22.2 23.4 24 24.1 -
2014-6-22 21:00:0022.1 20 22.2 22.1 1,008.4 0 88 87 93 3.3 93 2.5 93 2.7 90 2.9 100 5.1 13647 13316 21.3 21.7 21.3 22.7 23.8 24.3 24.2 -
2014-6-22 20:00:0022.2 19.9 22.6 22.2 1,007.7 0 87 85 98 2 93 1.6 92 2.1 123 2.2 96 3.9 15191 16389 21.7 22.7 21.7 23.3 24.3 24.5 24.3 -
2014-6-22 19:00:0022.6 20.1 22.8 22.6 1,008.2 0 86 85 143 2.5 153 1.6 128 1.7 123 2.2 131 4.5 20329 20877 22.7 23.9 22.7 24.2 24.9 24.7 24.3 -
2014-6-22 18:00:0022.8 20.1 23.3 22.8 1,007.9 0 85 82 119 2.3 134 1.9 124 1.9 108 2.7 111 4.7 23551 22937 23.9 25.5 23.9 25.1 25.3 24.8 24.2 -
2014-6-22 17:00:0023.3 20.1 23.8 23.3 1,007.6 0 82 80 97 4.1 99 3.1 108 2.4 101 2.8 105 4.2 24785 26445 25.4 27.7 25.4 26.1 25.6 24.7 24.1 -
2014-6-22 16:00:0023.8 20.3 24.1 23.7 1,007.4 0 81 77 119 1.9 105 1.5 106 1.6 114 2.3 118 3.7 16309 16787 27.7 29 27.5 26.7 25.5 24.5 23.9 -
2014-6-22 15:00:0024.1 20.2 24.1 23.7 1,007.2 0 79 76 101 3.1 97 2.6 112 1.5 159 1.5 91 3.3 20734 17766 28.4 29.3 27.9 26.8 25.2 24.2 23.7 -
2014-6-22 14:00:0023.8 19.5 23.9 23.5 1,007.8 0 77 76 137 1.6 137 1.2 111 0.9 111 2.2 150 3.4 20094 19542 27.8 28.7 27.6 26.3 24.8 23.9 23.5 -
2014-6-22 13:00:0023.5 19.6 23.5 23.3 1,007.7 0 79 79 124 2.6 112 2.4 106 1.9 102 2.6 128 4.1 19357 18625 27.7 28.2 27 25.7 24.3 23.6 23.4 -
2014-6-22 12:00:0023.3 20.6 23.3 22.6 1,008.1 0 85 83 112 2.5 108 1.7 102 1.6 92 1.9 112 3 10889 12005 27.4 27.4 25.1 24.7 23.7 23.3 23.3 -
2014-6-22 11:00:0022.5 20.4 22.7 22.4 1,008.6 0.3 88 86 92 2.8 99 1.6 60 0.7 59 2.7 62 4.1 8703 9343 25.1 25.1 23.4 23.8 23.4 23.2 23.2 -
2014-6-22 10:00:0022.6 20.3 22.7 22.5 1,008.3 0 87 85 63 2.7 57 2.1 58 1.8 67 2.1 73 3.3 10868 9489 24.4 25.2 24.3 23.9 23.2 23 23.1 -
2014-6-22 9:00:0022.5 20.6 22.5 21.9 1,008.3 0 89 89 53 2.5 62 2 63 1.7 57 2.6 56 4 10424 10278 25 25 23.8 23.5 22.8 22.8 23.1 -
2014-6-22 8:00:0021.8 20.4 21.8 21.2 1,007.8 0 92 91 69 3.5 69 2.8 60 2.1 40 2.4 48 4.3 10469 11182 23.8 23.8 22.2 22.5 22.4 22.7 23.1 -
2014-6-22 7:00:0021.2 20 21.2 20.9 1,007.6 0 93 93 49 2.9 48 2 50 2.1 19 2.7 18 4.7 10716 11008 22.1 22.1 21.3 21.8 22.2 22.7 23.2 -
2014-6-22 6:00:0020.9 20.1 20.9 20.8 1,007.2 0 95 95 35 2.3 29 1.6 37 2 45 2.3 41 4.3 7279 7129 21.4 21.4 20.8 21.5 22.2 22.8 23.3 -
2014-6-22 5:00:0020.9 20.2 21 20.9 1,006.5 0 96 96 53 2 51 1.8 52 1.4 40 2 59 3.4 6100 5919 20.9 21.1 20.9 21.6 22.3 22.9 23.4 -
2014-6-22 4:00:0021 20.3 21 20.9 1,006.2 0 96 96 37 2.2 34 1.6 33 1.3 12 2.3 18 3.7 5223 5168 21 21 20.9 21.6 22.3 23 23.5 -
2014-6-22 3:00:0020.9 20.2 20.9 20.8 1,006.1 0.2 96 96 22 2.5 27 1.5 17 1.9 55 1.9 62 3.3 5117 5559 20.9 20.9 20.8 21.6 22.4 23.1 23.6 -
2014-6-22 2:00:0020.8 20.1 20.8 20.7 1006 0 96 96 54 2.1 61 2.1 58 1.7 59 2.3 64 4 4903 4737 20.9 20.9 20.8 21.7 22.6 23.3 23.7 -
2014-6-22 1:00:0020.7 20.2 20.7 20.7 1006 0.6 97 96 47 2.9 38 1.8 39 2 63 2.9 70 4.3 7932 6104 20.8 20.9 20.8 21.8 22.7 23.4 23.8 -
2014-6-22 00:00:0020.7 20 21 20.6 1,005.9 0.7 96 96 68 4.1 65 2.5 60 2.9 54 2.9 63 5.6 5973 5800 20.7 21.1 20.7 21.9 23 23.6 24 -
2014-6-21 23:00:0021 20.3 21.3 21 1,006.4 0.8 96 95 45 3.4 49 2.1 57 2.2 25 2.3 16 4.5 3761 3663 21.1 21.4 21.1 22.2 23.2 23.8 24.1 -
2014-6-21 22:00:0021.3 20.6 21.8 21.2 1,006.3 1 96 95 32 3.2 34 1.8 39 2 52 3.5 50 6.5 9884 9350 21.4 21.8 21.2 22.5 23.4 24 24.2 -
2014-6-21 21:00:0021.8 21.1 21.9 21.8 1,006.4 1.7 96 96 15 2.3 12 1.9 2 1.6 49 2.7 53 4.8 2872 2936 21.8 21.9 21.8 22.8 23.7 24.2 24.3 -
2014-6-21 20:00:0021.9 21.2 22.2 21.9 1,004.8 1.7 96 95 52 4 50 3.2 44 2.4 45 2.8 48 4.8 4148 4087 21.9 22.3 21.9 23.1 24 24.4 24.4 -
2014-6-21 19:00:0022.2 21.4 22.4 22.2 1,005.1 0.5 95 94 17 4 17 2.5 24 2.2 18 3.1 36 5.7 5078 5167 22.3 22.7 22.3 23.5 24.3 24.6 24.5 -
2014-6-21 18:00:0022.4 21.4 22.9 22.4 1,004.2 0.1 94 93 32 5.4 25 3.5 18 3.1 20 3.6 19 6.7 7650 7573 22.7 23.6 22.7 24 24.7 24.7 24.5 -
2014-6-21 17:00:0022.9 21.7 23.4 22.9 1,003.7 0 93 93 18 3.8 21 2.4 18 2.1 16 3.2 359 5.5 9433 8847 23.6 25.6 23.6 24.8 25 24.8 24.5 -
2014-6-21 16:00:0023.4 22.6 24.1 23.3 1,002.7 2.2 95 88 40 4.4 36 2.6 30 2.7 23 3.9 26 6.4 4959 5148 25.4 25.4 24 25 25.1 24.8 24.5 -
2014-6-21 15:00:0024.1 22 24.3 24.1 1003 0 88 88 19 5.1 19 4.4 24 3.7 16 3.8 19 7.1 7906 12646 24.7 26.7 24.7 25.5 25.3 24.7 24.4 -
2014-6-21 14:00:0024.3 22.4 24.6 24.3 1,002.7 0 89 84 16 3.6 17 2.3 25 2.8 36 4.2 43 7.5 22032 23070 26.7 28.6 26.5 26.1 25.2 24.5 24.3 -
2014-6-21 13:00:0024.3 22 24.3 23.5 1,002.6 0 87 87 54 5.3 43 3.8 39 3.3 17 4.8 9 7.9 35000 27806 27.9 29 26.9 25.7 24.6 24.3 24.3 -
2014-6-21 12:00:0023.4 22.6 23.4 22.9 1,002.8 8.1 95 95 18 4.5 21 3.1 21 3.2 14 3.7 21 6.4 19804 21834 26.9 26.9 23.2 24.4 24.1 24.2 24.3 -
2014-6-21 11:00:0023 22.5 23 22.8 1,002.7 1.8 97 96 336 3.2 333 2.9 16 2.5 54 4 53 6.1 3763 7696 23.6 23.9 23.2 23.9 24.1 24.3 24.3 -
2014-6-21 10:00:0023 22.5 23.1 23 1,002.4 1.2 97 97 41 3.9 41 2.7 39 2.9 24 3 28 5.7 10717 7857 23.5 23.8 23.5 24 24.2 24.4 24.4 -
2014-6-21 9:00:0023.1 22.6 23.9 23.1 1,002.5 3.5 97 97 28 5.6 27 3 24 2.9 18 3.2 29 6.6 4531 3407 23.5 24.1 23.4 24 24.3 24.4 24.4 -
2014-6-21 8:00:0023.8 23.5 23.9 23.8 1,002.2 5.3 98 98 59 2.1 59 1.9 58 2 97 3 95 5.7 2102 1803 24.1 24.1 23.9 24.2 24.4 24.5 24.5 -
2014-6-21 7:00:0023.8 23.5 23.8 23.7 1,001.9 3 98 98 107 4.5 101 3 96 2.7 100 3.4 93 5.4 2465 1961 23.9 24 23.9 24.2 24.4 24.5 24.5 -
2014-6-21 6:00:0023.7 23.4 24.1 23.7 1,001.8 0.6 98 98 101 3.3 95 2.6 90 2.6 89 2.7 94 5 1220 1317 23.9 24.1 23.8 24.2 24.5 24.6 24.6 -
2014-6-21 5:00:0024 23.7 24.2 24 1,001.9 0.5 98 97 62 1.3 59 1.1 69 1.2 67 1.9 69 2.8 1222 1393 24.1 24.2 24 24.3 24.6 24.7 24.6 -
2014-6-21 4:00:0024.2 23.7 24.4 24.2 1,001.7 0 97 97 53 1.2 57 1.1 59 1.7 52 2 66 3.4 891 888 24.2 24.3 24.1 24.4 24.7 24.8 24.7 -
2014-6-21 3:00:0024.5 24 24.5 24.5 1,001.7 0 97 97 63 2.1 61 1.5 64 1.3 53 1.6 53 2.9 1433 1341 24.3 24.4 24.3 24.5 24.8 24.8 24.8 -
2014-6-21 2:00:0024.5 23.8 24.6 24.5 1,001.9 0 96 96 55 1.9 54 1.4 47 1.4 47 1.4 37 2.1 1391 1417 24.4 24.5 24.4 24.6 24.9 24.9 24.8 -
2014-6-21 1:00:0024.6 24.1 24.7 24.6 1,002.1 0 97 96 89 1.7 90 1.2 74 0.9 33 1.3 53 2 1546 1505 24.5 24.5 24.4 24.7 25 25 24.9 -
2014-6-21 00:00:0024.7 24 24.8 24.7 1,002.3 0 96 96 33 1.8 30 1.2 35 1.3 73 1.3 81 2.1 2292 2414 24.5 24.6 24.5 24.8 25.1 25.1 25 -
2014-6-20 23:00:0024.8 24.1 24.9 24.8 1,002.5 0 96 95 33 1.2 39 0.8 50 0.9 54 1.1 42 1.6 2452 2530 24.5 24.6 24.5 24.9 25.2 25.3 25.1 -
2014-6-20 22:00:0024.9 24 25.1 24.9 1,002.4 0 95 94 68 0.6 67 0.4 70 0.6 112 1.7 108 2.8 3033 3164 24.6 24.7 24.5 25 25.4 25.5 25.2 -
2014-6-20 21:00:0025.1 24.1 25.1 25 1,002.3 0 94 93 114 1.3 101 1 95 1 124 1.8 133 3.3 4605 5235 24.7 24.8 24.7 25.3 25.7 25.6 25.2 -
2014-6-20 20:00:0025 24 25.1 25 1,001.7 0 94 93 111 1.6 121 1.2 139 1.7 132 1.9 126 3.5 5791 5742 24.8 25.3 24.8 25.7 26.1 25.8 25.3 -
2014-6-20 19:00:0025.1 24.1 25.5 25.1 1,001.5 0 94 92 121 2.2 126 1.7 134 1.9 129 1.9 126 3.8 6946 6438 25.3 27.1 25.3 26.5 26.6 25.9 25.2 -
2014-6-20 18:00:0025.5 24.1 25.6 25.4 1,001.1 0 92 91 129 2 116 1.7 105 1.6 166 2.8 171 4.4 7523 7986 27.1 28.4 27.1 27.4 26.8 25.9 25.1 -
2014-6-20 17:00:0025.5 24.3 26 25.4 1,001.1 0 93 89 166 3.8 167 2.7 163 2.5 133 2.7 124 4.7 6799 6151 27.9 29.7 27.7 27.8 27 25.8 24.9 -
2014-6-20 16:00:0026 24.2 26.6 26 1,000.9 0 90 88 117 2.4 120 2 119 1.9 98 2.4 105 3.9 7046 7580 29.6 32.3 29.6 28.8 26.9 25.5 24.7 -
2014-6-20 15:00:0026.4 24.3 26.4 25.3 1,000.8 0 88 87 85 2 102 1.3 111 1.4 153 1.8 155 3.2 7886 8343 32.2 33 29.1 28.4 26.2 25.1 24.5 -
2014-6-20 14:00:0025.3 23.9 25.3 25.1 1,001.5 0 92 92 144 2.2 154 1.6 148 1.3 148 1.9 144 2.7 9301 8315 29 29 27.9 27.1 25.8 24.8 24.4 -
2014-6-20 13:00:0025.1 23.7 25.1 24.4 1,001.7 0 92 92 116 1.6 123 1 131 0.9 140 2.3 142 4 9081 9006 28.6 30.5 26.7 27.1 25.3 24.5 24.2 -
2014-6-20 12:00:0024.4 23.5 24.5 24.1 1,001.7 0 95 95 140 3.8 149 2.9 144 2.2 144 2.2 162 4 5473 5614 26.7 27.7 26.3 25.8 24.7 24.2 24.1 -
2014-6-20 11:00:0024.1 23.4 24.1 23.7 1,002.2 1.4 96 96 160 2 149 1.8 139 1.4 148 2.2 157 4.1 6533 6892 26.3 26.6 24.6 25 24.2 24.1 24.1 -
2014-6-20 10:00:0023.7 23 23.7 23.5 1,002.2 0.3 96 96 158 2 147 1.7 144 1.9 112 2.4 117 4.7 9063 9516 24.6 25.1 24.2 24.3 24 24 24.2 -
2014-6-20 9:00:0023.5 23 23.5 23.2 1,002.2 0.9 97 97 110 2.9 109 2.3 111 2.3 110 2.5 105 4.2 9551 11195 24.1 24.1 23.4 23.8 23.8 24 24.2 -
2014-6-20 8:00:0023.2 22.7 23.2 23.1 1,002.4 8.1 97 97 112 1.9 107 1.6 103 2.3 113 2.9 123 4.9 5415 4404 23.4 23.4 22.9 23.4 23.7 24.1 24.3 -
2014-6-20 7:00:0023 22.5 23 23 1,002.4 18.1 97 96 131 2.8 116 2 113 3 115 3.4 106 5.5 3725 2298 22.9 22.9 22.8 23.2 23.8 24.2 24.4 -
2014-6-20 6:00:0023 22.3 23.1 23 1,002.1 6.7 96 95 106 4.8 116 2.5 115 3.5 117 3.8 147 7.1 5032 5439 22.8 22.8 22.7 23.3 23.9 24.4 24.5 -
2014-6-20 5:00:0023.1 22.3 23.6 23.1 1,002.3 3.9 95 91 117 4.1 129 2.7 118 3.4 109 4 97 6.6 4153 4307 22.7 23.2 22.7 23.5 24.1 24.5 24.6 -
2014-6-20 4:00:0023.6 22 23.6 23.5 1,002.2 0 91 90 117 4.3 115 3.4 105 3.5 101 4.3 103 7.1 10317 12444 23.3 23.3 23.1 23.6 24.2 24.6 24.8 -
2014-6-20 3:00:0023.6 21.9 23.6 23.5 1,001.8 0 90 89 106 5 102 4.4 101 4.4 107 4.6 106 8.4 11346 11803 23.1 23.3 23.1 23.7 24.3 24.8 24.9 -
2014-6-20 2:00:0023.6 21.7 23.6 23.6 1,002.3 0 89 88 106 5.3 104 4.2 109 4.1 107 4.3 108 7.6 13344 13392 23.3 23.3 23.1 23.8 24.5 25 25.1 -
2014-6-20 1:00:0023.6 21.7 23.9 23.6 1,002.9 0 89 86 110 4.3 120 2.8 106 3.4 101 4.6 100 7.4 12714 13472 23.1 23.1 23 23.9 24.7 25.2 25.2 -
2014-6-20 00:00:0023.9 21.4 23.9 23.8 1,003.2 0 86 86 103 4 110 3.4 110 3.5 110 4 110 7.3 16816 16875 23.1 23.3 23.1 24.1 25.1 25.5 25.4 -
2014-6-19 23:00:0023.9 21.4 23.9 23.8 1,003.8 0 86 86 114 4 117 3.3 108 3.3 119 4.2 121 8.1 14963 14731 23.3 23.8 23.3 24.5 25.4 25.8 25.6 -
2014-6-19 22:00:0023.8 21.7 23.8 23.6 1,004.2 0 88 87 112 4.1 104 2.5 109 3 102 4 112 7.7 11608 12390 23.7 23.7 23 24.7 25.8 26.2 25.8 -
2014-6-19 21:00:0023.6 21.5 23.8 23.6 1,003.5 0 88 86 96 6.5 96 4.5 102 3.6 99 3.9 106 8.2 14021 13850 23.1 23.5 23.1 25.1 26.4 26.6 26 -
2014-6-19 20:00:0023.8 21.3 23.9 23.8 1,003.6 0 86 85 111 5 109 3.6 110 3.8 92 4.9 100 7.4 13564 13986 23.5 24.3 23.5 25.9 27.2 27.1 26.2 -
2014-6-19 19:00:0023.9 21.2 24.3 23.9 1,003.2 0 85 85 99 5.6 95 4.7 95 4.5 94 4.7 95 9 17743 15863 24.4 27.3 24.4 27.4 28.2 27.5 26.2 -
2014-6-19 18:00:0024.3 21.6 25 24.3 1003 0 85 81 99 5.8 97 4.5 93 4.7 89 5.1 94 8.3 17930 18283 27.3 32 27.3 29.3 29.2 27.7 26.1 -
2014-6-19 17:00:0025 21.7 25.4 25 1,002.9 0 82 80 91 7.4 89 4.8 88 4.8 96 5.5 108 9.4 20056 20558 32 35.8 31.9 31.1 29.7 27.7 25.8 -
2014-6-19 16:00:0025.1 22 25.7 24.9 1,002.8 0 83 78 78 8 83 4.8 93 5.1 92 6.2 104 10 23737 21403 34.2 38.6 31.6 32 29.9 27.3 25.4 -
2014-6-19 15:00:0025.5 21.4 26 25.4 1,003.4 0 78 77 103 8.4 105 7 92 6.2 92 6.2 87 9.2 22221 19918 38 39.7 36 32.9 29.4 26.6 24.8 -
2014-6-19 14:00:0025.6 21.7 25.8 25.2 1004 0 79 78 96 8.8 99 6 98 5.6 92 5.7 99 8.9 19928 19897 39.2 40.1 36.6 32.3 28.4 25.8 24.3 -
2014-6-19 13:00:0025.2 21.5 25.4 24.7 1,004.4 0 80 77 89 6.2 92 4.3 91 5.1 91 5.4 102 8.6 19628 16584 36.9 37.6 34.2 30.7 27.2 24.9 23.8 -
2014-6-19 12:00:0025 20.7 25.4 24.6 1,004.6 0 77 77 131 5.6 133 4 119 4.1 113 5 107 9 20587 18932 37.6 40.3 33.2 29.9 25.7 24 23.5 -
2014-6-19 11:00:0024.7 20.8 24.7 23.9 1,004.6 0 79 79 117 5.7 124 3.5 111 3.9 105 4.5 98 7.9 14171 17081 33.6 33.6 28.8 26.8 24.5 23.5 23.2 -
2014-6-19 10:00:0023.9 20.8 23.9 23.5 1,004.7 0 83 82 92 5.3 95 4.1 103 4.1 106 4.7 109 7.5 18197 17739 29.4 29.7 27.7 25.4 23.9 23.2 23.1 -
2014-6-19 9:00:0023.8 20.5 23.8 23.1 1,004.9 0 82 81 109 5.9 104 2.6 113 4.1 105 4.9 108 9.1 15058 17647 29.4 30.1 25.7 24.7 23.2 22.8 23 -
2014-6-19 8:00:0023.1 20.4 23.5 23.1 1,005.1 0 85 84 105 5.3 104 4.4 92 4.1 90 4.4 98 7.4 15428 13957 25.6 27.2 25.2 23.5 22.5 22.5 22.9 -
2014-6-19 7:00:0023 20.5 23 22.2 1,004.7 0 86 86 91 4.5 92 2.8 95 3.8 95 4.4 91 6.5 14952 14741 25.5 25.5 21.3 22.1 21.9 22.4 23 -
2014-6-19 6:00:0022.2 20.5 22.2 22.1 1,004.7 0 90 89 82 5.7 80 3.8 90 3.3 93 3.7 96 6 13044 12093 21.3 21.3 20.7 21.2 21.8 22.4 23 -
2014-6-19 5:00:0022.1 20.2 22.1 22 1,004.6 0 89 87 92 3.7 100 3.1 101 2.5 99 3.3 106 5.5 11345 11702 20.7 20.7 20.3 20.9 21.8 22.5 23.1 -
2014-6-19 4:00:0022 19.7 22 21.9 1,003.9 0 87 87 93 3.7 95 2.8 101 3.1 104 3.5 104 5.9 16804 17993 20.4 20.4 20.3 20.9 21.8 22.6 23.2 -
2014-6-19 3:00:0021.9 19.8 22 21.9 1,004.1 0 88 87 92 4.5 92 2.8 98 2.6 104 3.2 105 5.2 16248 16403 20.3 20.4 20.2 20.9 21.9 22.7 23.3 -
2014-6-19 2:00:0021.9 19.6 22.1 21.9 1,004.4 0 87 85 92 3.2 90 2.2 99 2.1 115 3 128 6.1 14826 14666 20.2 20.3 19.9 20.9 22 22.9 23.5 -
2014-6-19 1:00:0022 19.4 22 21.9 1,004.8 0 85 84 115 4 112 2.6 114 2.4 112 2.8 112 5.6 20960 22400 19.9 20.1 19.9 20.9 22.2 23.1 23.6 -
2014-6-19 00:00:0022 19.4 22.1 22 1,005.6 0 85 84 111 2.3 108 1.9 107 1.9 118 3 107 5.8 23438 24788 20 20.4 20 21.2 22.4 23.3 23.8 -
2014-6-18 23:00:0022.1 19.3 22.3 22.1 1,006.1 0 84 81 131 4.8 110 2.9 102 3 101 3.7 101 6.9 29203 31545 20.4 20.4 20.3 21.3 22.6 23.5 23.9 -
2014-6-18 22:00:0022.3 18.9 22.3 22.2 1,006.1 0 81 78 103 3.4 103 2.9 102 3.3 107 3.5 101 6.3 35000 35000 20.3 20.6 20.2 21.5 22.9 23.8 24.1 -
2014-6-18 21:00:0022.2 18.8 22.2 22.1 1,005.7 0 81 80 96 4.6 107 3.8 102 2.9 93 3.7 96 6 35000 35000 20.5 20.6 20.4 21.8 23.3 24.1 24.3 -
2014-6-18 20:00:0022.2 19 22.2 22.1 1005 0 82 79 96 4.9 96 3.3 92 3.6 96 4.3 101 7.6 29996 30789 20.4 21 20.4 22.2 23.8 24.4 24.4 -
2014-6-18 19:00:0022.2 18.6 22.7 22.2 1,004.9 0 80 78 86 4 85 2.5 87 3.1 85 4.1 95 6.6 27918 28708 21 23.4 21 23.3 24.6 24.8 24.5 -
2014-6-18 18:00:0022.7 19.1 22.9 22.7 1,004.5 0 80 79 73 5.6 74 3.7 79 4.1 95 4.8 100 7.3 19606 20130 23.4 24.9 23.4 24.5 25.2 24.9 24.5 -
2014-6-18 17:00:0023 19 23.6 23 1,004.7 0 78 76 99 6.2 96 4.8 93 4.8 95 4.8 78 7.9 23906 27734 25 28.5 25 26.1 25.7 24.9 24.3 -
2014-6-18 16:00:0023.4 19.1 24.6 23.4 1005 0 77 72 102 4 103 3.2 96 3.8 92 4.5 80 7.1 33390 26616 28 32.8 27.9 27 25.7 24.6 24.2 -
2014-6-18 15:00:0024.5 19.8 24.5 23.1 1005 0 75 73 83 3.7 71 2.6 73 3.3 98 4.2 72 6.6 20927 20385 32.6 32.6 27.2 26.7 25 24.3 24 -
2014-6-18 14:00:0023.2 19.8 23.5 22.9 1,005.3 0 81 79 107 5.2 97 3.9 93 3.5 93 4.2 86 6 20643 21198 27.3 29 26.1 25.6 24.8 24.1 23.9 -
2014-6-18 13:00:0023.3 19.7 23.7 23 1,005.8 0 80 78 119 5.6 117 3.9 113 3.6 101 3.6 119 5.6 21382 22108 28 29.5 26.2 25.8 24.4 23.8 23.7 -
2014-6-18 12:00:0023.1 19.5 23.2 23 1,006.1 0 80 79 116 3.3 112 2.5 109 2.7 100 2.9 119 4.5 11945 12263 26.7 27.4 26.1 24.9 23.9 23.6 23.6 -
2014-6-18 11:00:0023.3 19.7 23.3 22.3 1,006.4 0 80 79 103 2.2 92 1.7 99 2.2 67 2.4 75 3.5 12827 10384 27.2 27.9 23.6 24.1 23.4 23.4 23.6 -
2014-6-18 10:00:0022.3 19.7 22.3 22.1 1,006.2 0 85 85 52 3.1 53 2.3 62 2.3 66 2.3 78 3.6 6060 5767 23.8 24.4 23.7 23.4 23.2 23.3 23.6 -
2014-6-18 9:00:0022.1 19.6 22.2 21.8 1,005.9 0 86 84 63 2.7 62 2.1 59 2.1 58 2.1 80 3.3 5404 6449 23.8 24.9 23.7 23.2 23 23.2 23.6 -
2014-6-18 8:00:0021.8 19.4 21.8 21 1,005.7 0 86 86 64 2.7 62 1.7 59 1.6 65 1.8 54 3.1 9966 9843 23.8 23.8 22 22.5 22.6 23.1 23.6 -
2014-6-18 7:00:0021 19.3 21 20.9 1,005.3 0 90 90 81 2.3 81 1.7 64 1.9 45 2.1 48 3.2 7470 7131 22 22 21 21.8 22.5 23.2 23.7 -
2014-6-18 6:00:0020.8 19.5 20.8 20.8 1,004.9 0 92 92 51 2.4 46 1.8 53 1.9 54 1.9 55 3.1 5712 4921 21 21 20.7 21.6 22.5 23.3 23.8 -
2014-6-18 5:00:0020.8 19.5 20.9 20.8 1,004.9 0 92 91 42 1.2 41 1.3 39 1.3 58 2.2 65 3.2 5512 5046 20.7 20.9 20.7 21.6 22.7 23.4 23.9 -
2014-6-18 4:00:0020.9 19.6 20.9 20.8 1,004.7 0 92 91 61 1.6 63 1.4 53 1.4 44 1.5 49 3 3903 4070 20.9 21 20.9 21.8 22.8 23.5 24 -
2014-6-18 3:00:0020.8 19.6 20.8 20.7 1,004.6 0 93 92 66 0.7 66 0.5 52 0.7 55 1.1 51 1.7 4309 4198 20.9 20.9 20.9 21.9 22.9 23.7 24.2 -
2014-6-18 2:00:0020.7 19.5 20.9 20.7 1,004.4 0 93 93 40 1.3 36 1 47 1.1 47 1.9 45 3.3 3176 3462 20.9 21 20.8 22 23.1 23.9 24.3 -
2014-6-18 1:00:0020.9 19.9 21.1 20.9 1004 0 94 93 51 2.3 53 1.6 57 1.6 56 2.1 49 3.7 2792 2239 21 21.4 21 22.3 23.3 24 24.4 -
2014-6-18 00:00:0021.1 20.1 21.6 21.1 1,003.8 0 94 93 55 2 51 1.8 55 1.8 54 2.4 62 3.6 2541 2514 21.3 21.7 21.3 22.5 23.6 24.2 24.5 -
2014-6-17 23:00:0021.6 20.4 22.8 21.6 1,003.7 0 93 91 45 2.7 45 2 45 2 61 3.1 70 4.8 2616 2639 21.7 22.4 21.7 22.9 23.8 24.4 24.6 -
2014-6-17 22:00:0022.8 21.1 23.3 22.8 1,003.5 0 90 90 58 3 54 1.8 20 1.9 352 1.9 53 3.5 2021 2069 22.5 22.7 22.5 23.3 24.1 24.5 24.7 -
2014-6-17 21:00:0023.3 21.6 23.7 23.3 1003 0 90 87 21 1.1 21 0.7 19 1.1 351 1.9 357 3.3 2052 2125 22.6 22.8 22.6 23.5 24.3 24.7 24.8 -
2014-6-17 20:00:0023.7 21.4 24.6 23.7 1,002.3 0 87 78 18 1.5 19 1.2 355 1.7 286 3.2 279 6.8 2401 2503 22.8 23 22.8 23.7 24.6 24.9 24.9 -
2014-6-17 19:00:0024.6 20.5 24.8 24.6 1,001.9 0 78 78 287 2.5 282 2.7 288 3.2 287 3.5 267 6 4127 4010 23 24.2 23 24.3 25 25.1 24.9 -
2014-6-17 18:00:0024.8 21.3 25.1 24.8 1,001.5 0 81 79 295 2.6 285 1.7 278 2.4 286 3.5 274 5.9 3010 3069 24.2 25.5 24.1 25 25.3 25.1 24.9 -
2014-6-17 17:00:0025.1 21.2 25.1 24.5 1,001.2 0 79 79 284 5.5 288 3.6 286 3.3 261 3.3 273 5.5 3423 3568 25.5 27.6 25.5 25.8 25.5 25.1 24.8 -
2014-6-17 16:00:0024.7 22 24.7 24 1,001.2 0 85 85 268 3.8 274 3 267 3 262 3 257 5.1 4184 4365 27.7 28.4 26.2 26.1 25.4 24.9 24.8 -
2014-6-17 15:00:0024 21.9 24 23 1,001.3 0 88 88 287 3.4 291 2.6 277 2.3 278 2.8 293 5.6 4977 4802 27.5 29.5 26.8 25.9 25 24.7 24.7 -
2014-6-17 14:00:0023 22 23 22.2 1,001.2 0.3 94 94 283 2.7 278 2.2 283 2.5 281 3.2 284 5.6 4755 4861 27.8 27.8 23.2 24.7 24.6 24.7 24.8 -
2014-6-17 13:00:0022.4 21.6 22.9 22.4 1,001.3 1.4 95 94 316 3.4 318 2.1 316 2.4 298 2.7 294 5.2 3384 3181 23.7 24.2 23.4 24.3 24.6 24.8 24.8 -
2014-6-17 12:00:0022.9 21.9 23.8 22.9 1,001.2 0.6 94 89 307 2.7 303 2.2 302 1.9 342 3 348 4.9 2570 2516 24.1 24.4 23.6 24.5 24.7 24.8 24.8 -
2014-6-17 11:00:0023.8 21.9 24 23.8 1,001.2 0 89 89 330 4.8 344 3.1 332 2.7 336 3.1 346 6.2 3699 3481 24.4 26 24.4 24.9 24.9 24.8 24.8 -
2014-6-17 10:00:0024 22.4 24 23.7 1001 0 91 91 326 3.5 322 1.8 320 1.9 308 2.9 323 6.4 3635 3736 26 27.3 25.1 25.2 24.8 24.7 24.8 -
2014-6-17 9:00:0023.7 22.5 23.7 23.6 1,000.8 0 93 93 326 2.5 333 2 313 2.6 304 3.1 323 6.2 4204 4259 25.8 25.8 24.5 24.8 24.6 24.6 24.8 -
2014-6-17 8:00:0023.6 22.6 23.6 23.3 1,000.5 0 94 94 319 3.3 317 2.8 318 2.4 308 3.1 303 6.9 2770 3124 25.1 25.3 23.9 24.4 24.4 24.6 24.8 -
2014-6-17 7:00:0023.4 22.7 23.4 23.2 1,000.1 0.1 96 96 320 5.4 313 2.8 322 2.7 328 2.7 338 5.4 2315 2148 24.3 24.3 23.5 24.1 24.4 24.7 24.9 -
2014-6-17 6:00:0023.2 22.7 23.4 23.2 999.8 0 97 97 332 2.3 331 1.8 326 2.3 325 3.3 314 6.2 2359 2466 23.5 23.6 23.4 24 24.5 24.8 24.9 -
2014-6-17 5:00:0023.4 23.1 23.9 23.4 999.3 4.2 98 97 308 2.7 302 2.5 320 1.8 331 2.5 332 4.3 717 704 23.6 23.8 23.4 24.2 24.6 24.8 25 -
2014-6-17 4:00:0024 23.5 24 24 999.2 0 97 97 334 2.3 333 1.4 326 1.8 323 1.8 329 3.2 1361 1425 23.9 23.9 23.9 24.4 24.6 24.8 25 -
2014-6-17 3:00:0024 23.5 24 23.9 998.8 0.1 97 97 60 0.3 54 0.4 45 0.4 80 1.6 98 2.3 1687 1764 23.9 23.9 23.8 24.4 24.7 24.9 25.1 -
2014-6-17 2:00:0024 23.5 24 24 998.8 0.4 97 96 76 2.2 78 1.6 77 1.5 96 1.5 113 2.3 2075 2004 23.8 23.9 23.8 24.4 24.7 24.9 25.1 -
2014-6-17 1:00:0024 23.3 24 24 999.6 0 96 96 55 2 55 1.4 47 1.4 83 2.1 76 3.3 2706 2759 24 24.2 24 24.5 24.7 25 25.2 -
2014-6-17 00:00:0024 23.3 24 24 1,000.1 0 96 95 66 2.2 73 1.6 93 2 92 2.1 105 3.9 2883 2681 24.2 24.2 24.1 24.5 24.8 25 25.2 -
2014-6-16 23:00:0023.9 23 23.9 23.8 1,000.3 0 95 95 78 2.6 86 2.2 93 2.2 92 3 79 4.8 3342 3318 24.1 24.1 23.8 24.5 24.8 25.1 25.3 -
2014-6-16 22:00:0023.8 23 23.8 23.7 1,000.8 0 95 95 88 4.5 86 3.2 93 2.8 94 4.2 91 6.6 3811 4140 24.1 24.1 24 24.5 24.9 25.2 25.3 -
2014-6-16 21:00:0023.7 22.7 23.7 23.6 1,001.3 0 94 94 90 5.4 90 3.7 95 4.3 92 4.6 92 7.9 6381 6461 24 24 23.9 24.5 24.9 25.3 25.4 -
2014-6-16 20:00:0023.6 22.6 23.6 23.5 1,000.9 0 94 94 90 5.9 90 3.7 95 4.5 95 4.9 94 8.3 6618 6693 23.9 24 23.9 24.6 25.1 25.4 25.5 -
2014-6-16 19:00:0023.4 22.4 23.4 23.4 1001 0 94 92 93 5.4 100 4.1 97 4.7 99 5.2 99 8.4 6554 6675 24 24.4 23.9 24.8 25.2 25.4 25.5 -
2014-6-16 18:00:0023.4 22 23.5 23.4 1,000.9 0 92 91 101 6.9 95 4.5 100 4.7 104 5.8 101 10.6 7804 8376 24.4 25.4 24.3 25.1 25.4 25.5 25.6 -
2014-6-16 17:00:0023.4 21.8 23.6 23.4 1,000.9 0 91 90 103 8.8 102 5.8 104 6.1 103 6.4 99 11.2 12115 13278 25 25.8 25 25.4 25.5 25.6 25.6 -
2014-6-16 16:00:0023.5 21.9 23.6 23.2 1,001.1 0 91 90 86 7.4 92 5.8 96 5.7 99 5.9 97 9.9 18242 16932 25.7 26.2 25.7 25.5 25.5 25.6 25.6 -
2014-6-16 15:00:0023.3 21.9 23.3 23.1 1,001.6 0 92 91 88 6.2 91 4.6 94 5.2 95 6.5 95 11.9 11955 10864 26 26.2 25.2 25.4 25.5 25.6 25.7 -
2014-6-16 14:00:0023.2 21.6 23.4 23.2 1,002.4 0 91 90 89 5.7 91 4.5 92 5.3 87 6 84 10.8 13376 13490 25.6 26.5 25.5 25.5 25.5 25.6 25.7 -
2014-6-16 13:00:0023.4 21.8 23.6 23.4 1,002.9 0 91 89 94 6.4 92 5.6 95 6.1 96 6.4 87 10.6 14461 16326 26 26.7 25.9 25.5 25.5 25.6 25.7 -
2014-6-16 12:00:0023.6 21.7 23.7 23.3 1,003.7 0 89 89 100 9.6 95 5.4 93 5.1 93 6.2 97 10.5 18913 23370 26.2 27.3 25.4 25.4 25.3 25.6 25.8 -
2014-6-16 11:00:0023.4 22 23.5 23.2 1,004.3 0 92 90 77 5.9 81 5 93 5.5 94 6.5 105 11.2 18992 20718 25.5 26.3 24.9 25.1 25.3 25.6 25.9 -
2014-6-16 10:00:0023.3 22.1 23.3 23 1,004.3 0 93 93 89 7.2 90 4.4 91 4.3 87 4.6 94 8.6 30687 31353 24.9 25.1 23.3 24.8 25.2 25.7 26 -
2014-6-16 9:00:0023 21.8 23.4 23 1,004.5 0 93 93 84 4.9 77 3.9 82 3.7 84 5.2 85 9.1 11500 12909 23.5 23.6 23 24.8 25.3 25.8 26.1 -
2014-6-16 8:00:0023.4 22.2 23.6 23.4 1,004.7 0 93 91 72 5.6 79 3.7 75 4.2 86 4.5 88 7.4 9280 10080 23.4 24.2 23.3 24.9 25.5 25.9 26.2 -
2014-6-16 7:00:0023.6 22 23.7 23.5 1,004.5 0 91 90 84 4.4 87 3.4 93 3.7 97 5.3 98 8.3 17072 16369 24.2 24.4 23.5 25 25.6 26.1 26.3 -
2014-6-16 6:00:0023.7 22 23.7 23.6 1,004.2 0 90 88 88 5.1 95 3.8 95 4 89 4.6 98 7.6 20903 21932 24.4 24.5 23.9 25 25.7 26.2 26.5 -
2014-6-16 5:00:0023.6 21.7 23.6 23.5 1,004.1 0 89 88 93 4.3 94 3.3 92 3.7 91 4.9 105 7.7 25090 26458 23.8 23.9 23.7 25 25.8 26.4 26.7 -
2014-6-16 4:00:0023.5 21.6 23.5 23.4 1,003.9 0 89 89 116 8.4 114 4.7 100 3.3 96 4.4 116 8.4 35000 25637 23.8 23.9 23.8 25.3 26.1 26.6 26.9 -
2014-6-16 3:00:0023.5 22.1 23.5 23.3 1004 0 92 92 90 5.3 94 3.8 97 4.4 94 5 100 9 16466 17104 23.9 24 23.7 25.4 26.2 26.8 27.1 -
2014-6-16 2:00:0023.3 22.1 23.3 23.2 1,004.4 0 93 92 89 5.1 91 3.6 91 4.2 96 4.5 98 8.5 11246 11217 23.7 23.8 23.3 25.5 26.5 27.1 27.3 -
2014-6-16 1:00:0023.2 21.8 23.4 23.2 1005 0 92 91 78 4.3 79 3.5 84 3.9 87 4.3 93 7.5 10570 10866 23.3 24 23.3 25.8 26.8 27.4 27.5 -
2014-6-16 00:00:0023.4 22 23.4 23.3 1,005.4 0 92 91 86 6.9 84 4.6 86 4 85 4.7 93 7.6 10531 10365 23.9 23.9 23.3 26 27.2 27.8 27.8 -
2014-6-15 23:00:0023.4 21.8 23.8 23.4 1,005.8 0 91 89 90 5.7 90 3.9 87 4.2 88 5 90 8 10388 11371 23.6 24.6 23.6 26.6 27.7 28.2 28.1 -
2014-6-15 22:00:0023.8 22.1 23.9 23.8 1,006.4 0 90 89 85 4.7 83 3.4 75 3.6 87 3.8 90 8 12396 12408 24.7 24.9 24.7 27.2 28.3 28.7 28.3 -
2014-6-15 21:00:0023.9 22 24 23.9 1,006.5 0 89 85 88 5.4 86 3.9 83 3 87 4 98 6.8 17139 15579 24.7 24.7 24.3 27.7 28.9 29.2 28.6 -
2014-6-15 20:00:0024 21.3 24.2 23.9 1006 0 85 76 87 5.1 93 3.3 91 3.4 94 4.3 90 7.5 19493 20474 24.5 25.1 24.4 28.4 29.7 29.8 28.9 -
2014-6-15 19:00:0024.2 20.7 24.8 24.2 1,005.6 0 81 77 81 3.6 87 3 93 3.7 85 3.8 87 6.6 16496 16621 25.1 28.4 25.1 30 30.9 30.3 29 -
2014-6-15 18:00:0024.7 20.4 25.8 24.7 1,005.3 0 77 69 94 3.9 93 3.5 87 3.5 99 4.6 101 7.5 16660 17458 27.9 32.7 27.9 31.8 32 30.8 29 -
2014-6-15 17:00:0025.8 19.7 26.9 25.8 1,005.2 0 69 64 80 4.9 89 3.5 81 3.9 90 5.1 83 8.4 21478 18999 32.6 42.2 32.6 34.3 32.9 30.9 28.8 -
2014-6-15 16:00:0026.4 20.9 26.7 26.2 1,005.3 0 72 67 100 7.2 91 5.2 93 5 88 5.7 68 8.6 34773 24121 40.2 44 40 35.8 33.2 30.7 28.5 -
2014-6-15 15:00:0026.4 20.5 27.2 26.4 1,005.4 0 70 65 93 7.7 101 5.6 94 5.6 94 6 89 8.7 16061 14290 43.3 48 42.7 36.5 33.1 30.3 28 -
2014-6-15 14:00:0027.2 21.3 27.6 26.5 1,005.7 0 70 61 81 5.9 77 5.3 74 4.3 95 4.3 72 7.7 11104 8401 44 49.6 43.7 36.7 32.8 29.5 27.4 -
2014-6-15 13:00:0026.6 21.6 27.1 26.5 1,006.3 0 74 68 104 5.2 106 3.6 100 4.1 88 4.6 86 7 13740 16468 47.4 52.3 45.9 36.9 31.8 28.5 26.8 -
2014-6-15 12:00:0026.8 20.9 26.8 25.9 1,007.2 0 70 70 80 5.2 87 3.9 103 3.8 104 4.5 87 7.2 19280 14351 51.2 51.3 46.7 35.2 29.9 27.3 26.3 -
2014-6-15 11:00:0026.3 21.7 26.5 25.6 1,007.7 0 76 74 116 5 120 4 103 4.4 104 5 110 7.6 17564 14466 50.3 50.3 39 32.1 27.9 26.4 26.1 -
2014-6-15 10:00:0025.6 21.5 25.6 24.8 1,007.8 0 78 75 88 5 89 4.2 94 4.2 94 4.2 96 6.3 13922 7070 38.8 38.8 31 28.3 26.4 26.1 26.1 -
2014-6-15 9:00:0024.8 20.3 24.8 24.2 1,008.4 0 76 76 69 3.9 71 2.8 76 2.7 96 3.4 88 5 12475 12296 30.9 30.9 27.9 26.3 25.9 26 26.1 -
2014-6-15 8:00:0024.2 20.9 24.2 24 1,007.9 0 82 82 125 3.5 125 2.5 107 2.3 66 3.6 67 5 11534 10073 28.3 28.3 26.8 25.7 25.6 26 26.2 -
2014-6-15 7:00:0023.9 21.4 23.9 23.5 1,007.5 0 86 85 71 4.2 76 2.9 83 2.8 82 3.2 91 4.9 7281 7955 26.7 26.7 23.8 25 25.5 26.1 26.4 -
2014-6-15 6:00:0023.5 20.8 23.5 23.4 1007 0 85 85 92 3.1 93 2.8 83 2.9 95 3.5 104 5.3 6607 6468 23.8 23.8 23.1 24.7 25.6 26.3 26.6 -
2014-6-15 5:00:0023.4 20.9 23.6 23.4 1,006.6 0 86 86 92 4.5 87 3.6 95 3.4 95 3.4 98 4.8 6680 6539 23.2 23.4 23.2 24.9 25.9 26.5 26.8 -
2014-6-15 4:00:0023.6 21.1 23.7 23.6 1,006.7 0 86 84 89 3.3 87 2.4 90 2.1 95 2.2 100 3.3 5739 5682 23.4 23.5 23.4 25.2 26.2 26.8 27 -
2014-6-15 3:00:0023.7 20.8 24 23.7 1,006.4 0 84 83 104 2.5 93 1.3 99 1.2 132 1.9 147 3.2 6211 6631 23.5 23.8 23.5 25.4 26.5 27.1 27.2 -
2014-6-15 2:00:0024 20.9 24.2 24 1,006.4 0 83 80 107 2.8 114 1.7 126 1.4 146 1.9 145 3.8 7903 7403 23.8 23.9 23.8 25.7 26.8 27.4 27.5 -
2014-6-15 1:00:0024.2 20.5 24.2 24.1 1,006.8 0 80 78 152 1.5 146 1.5 136 1.4 135 2.9 121 5.9 8576 8823 23.9 23.9 23.6 26 27.2 27.8 27.8 -
2014-6-15 00:00:0024.1 20.4 24.2 24.1 1,007.1 0 80 76 137 3.4 139 2.4 133 2.7 135 2.9 133 5.7 10610 10672 23.6 23.6 23.1 26.3 27.7 28.3 28.1 -
2014-6-14 23:00:0024.2 19.9 24.4 24.1 1,007.7 0 77 77 132 4.7 133 3 123 2.6 115 3.3 112 5.7 12032 11431 23.4 24.1 23.4 27 28.3 28.7 28.4 -
2014-6-14 22:00:0024.4 20.5 24.6 24.4 1,008.3 0 79 79 116 4.6 111 3.2 108 2.6 110 3 119 5.5 10543 9847 24.1 25.1 24.1 27.7 29 29.2 28.6 -
2014-6-14 21:00:0024.5 21.8 24.7 24.5 1,007.8 0 85 82 111 2 105 1.7 104 2.1 94 3.1 91 4.7 6421 6296 25.1 25.4 25.1 28.5 29.7 29.8 28.9 -
2014-6-14 20:00:0024.7 21.4 25 24.7 1,007.4 0 82 79 99 3.7 97 2.9 94 2.9 93 3.2 101 4.8 7174 7177 25.5 26.5 25.5 29.6 30.7 30.4 29.2 -
2014-6-14 19:00:0025 20.9 26.3 25 1,007.2 0 78 68 107 5.3 99 3.6 89 3 102 3.3 92 6.2 8623 8507 26.5 30.2 26.5 31.2 31.8 31 29.3 -
2014-6-14 18:00:0026.4 20.5 27.7 26.4 1007 0 70 58 90 3.7 94 3.1 90 2.8 103 3.3 98 5.5 12019 11075 30.3 36 30.3 33.4 33 31.3 29.2 -
2014-6-14 17:00:0027.7 18.7 28.5 27.7 1,006.7 0 58 48 100 4.1 107 2.6 102 3 102 3 104 5.2 11135 12912 36.2 43.4 36.2 35.8 33.9 31.4 28.9 -
2014-6-14 16:00:0028.5 16.4 28.9 28.5 1,006.5 0 48 45 155 3.5 154 2.7 148 2.9 157 3.1 159 5 15404 12682 43.3 48.7 42.9 37.5 34.3 31.1 28.5 -
2014-6-14 15:00:0028.8 18.9 29.1 28.7 1,006.7 0 55 52 167 2.9 148 2.2 144 2.5 116 3.1 141 4.7 11000 12005 48.1 52.9 47.9 38.4 34.2 30.6 28 -
2014-6-14 14:00:0029.1 18.8 29.8 29 1007 0 54 50 157 3.6 152 2.6 153 2.5 102 2.7 117 4 12273 11682 53 55.2 52.4 38.9 33.6 29.8 27.4 -
2014-6-14 13:00:0029.8 18.6 29.8 29.4 1,007.5 0 51 45 101 3.1 103 2.5 102 2.7 146 2.8 117 4.2 12994 11510 53 56.6 53 38.2 32.5 28.8 26.8 -
2014-6-14 12:00:0029.5 18.3 29.6 28.9 1,007.6 0 51 50 115 3.8 129 2.6 127 2.6 146 2.7 145 4.1 12604 12621 53.9 54.5 50.8 36.5 30.9 27.8 26.3 -
2014-6-14 11:00:0028.9 19.8 29.2 28.3 1008 0 58 55 146 3 143 2.7 148 2.5 148 2.5 148 4.2 12154 9526 53.2 53.2 40.7 34.3 29.1 26.8 25.9 -
2014-6-14 10:00:0028.4 19.6 28.6 28 1,007.8 0 59 58 205 2 189 1.2 193 1.2 191 2 175 3 8079 7425 40.4 47.1 40.4 31.4 27.7 26.1 25.7 -
2014-6-14 9:00:0028 19.5 28 26.5 1,008.1 0 60 60 208 1.3 209 1.1 201 1 220 1.4 184 2.4 7388 7132 40.8 40.8 33.9 28.9 26.3 25.7 25.6 -
2014-6-14 8:00:0026.5 20.1 26.5 24.7 1,008.1 0 68 67 326 0.6 261 0.4 187 0.8 218 0.9 185 1.7 6316 6576 33.6 34.1 27.8 26.5 25.4 25.5 25.7 -
2014-6-14 7:00:0024.6 19.2 24.6 23.7 1008 0 72 72 178 0.7 172 0.5 174 0.3 87 0.7 230 1.4 5769 5520 27.7 27.7 24 24.9 25.1 25.6 25.8 -
2014-6-14 6:00:0023.7 20 24.2 23.7 1,007.6 0 80 71 - 0 - 0 - 0 230 1.2 223 2 4246 4483 24 24 22.8 24.3 25.1 25.7 26 -
2014-6-14 5:00:0024.1 19.2 24.3 24 1,007.2 0 74 71 237 1.7 235 1.2 230 1.2 210 1.3 212 2.6 6114 6194 22.7 22.7 22.4 24.2 25.3 26 26.2 -
2014-6-14 4:00:0024.2 18.6 24.5 24.1 1,006.9 0 71 71 210 1.4 216 1 215 1 184 1.7 183 2.6 7219 7043 22.6 23.2 22.2 24.4 25.6 26.3 26.4 -
2014-6-14 3:00:0024.5 18.9 24.6 24.5 1,006.8 0 71 70 180 2.4 184 1.7 183 1.7 182 2.3 191 3.9 7105 7053 23.2 23.4 23.2 24.9 26 26.6 26.7 -
2014-6-14 2:00:0024.6 19 24.6 24.4 1,006.9 0 71 71 180 2.9 179 1.8 184 2.3 187 2.6 183 4.9 7211 7237 23.4 23.4 22.6 25.1 26.3 26.9 26.9 -
2014-6-14 1:00:0024.4 19.5 24.7 24.3 1,007.1 0 74 72 173 2.9 189 2 213 2 159 2.5 170 4.2 6334 6127 22.8 23.5 22.8 25.5 26.8 27.3 27.2 -
2014-6-14 00:00:0024.7 19.3 25.1 24.7 1,007.6 0 72 67 145 3.5 156 2.7 159 2.5 157 3.6 166 7.2 7045 7155 23.5 23.8 23.5 26.1 27.3 27.7 27.5 -
2014-6-13 23:00:0025 18.7 25.3 24.9 1,007.9 0 68 68 159 5.5 159 4.4 157 2.7 157 2.7 158 5.9 8045 7583 23.8 24.5 23.8 26.7 27.9 28.2 27.7 -
2014-6-13 22:00:0025.2 20 25.5 25.1 1,008.1 0 73 70 120 2.1 126 2 132 2.1 146 2.9 152 5.2 6843 7117 24.5 25.4 24.5 27.5 28.6 28.7 28 -
2014-6-13 21:00:0025.4 19.8 26 25.4 1,007.7 0 71 62 154 2.6 161 2.3 157 1.9 158 3 127 6.2 6948 7091 25.4 26.1 25.3 28.3 29.4 29.2 28.2 -
2014-6-13 20:00:0026 18.4 26.5 26 1007 0 63 54 149 2.2 148 2.6 158 3 159 3.3 176 5.4 9855 9582 26.1 27.4 26.1 29.5 30.3 29.8 28.4 -
2014-6-13 19:00:0026.3 17.4 26.5 26.3 1,006.5 0 58 55 173 4.7 168 3.4 164 2.6 165 3.3 157 5.5 14628 13182 27.2 30.3 27.2 31 31.4 30.3 28.5 -
2014-6-13 18:00:0026.5 17.6 27.4 26.5 1,006.1 0 58 53 159 3.6 157 2.9 157 2.5 163 3.4 153 6 10444 10815 30.4 37.4 30.4 33.2 32.5 30.5 28.4 -
2014-6-13 17:00:0027.4 17.6 28.1 27.4 1,005.8 0 55 49 148 3.1 154 2.3 153 2.6 186 3.4 189 5.8 11640 11503 37.5 43.8 37.4 35.4 33.2 30.6 28.1 -
2014-6-13 16:00:0027.9 18 28.8 27.9 1,005.7 0 55 48 167 4.2 172 2.6 173 2.7 196 3.5 187 5.8 10799 9126 43.8 49.5 43.3 37 33.6 30.3 27.7 -
2014-6-13 15:00:0028.6 17.5 29.1 28.4 1,005.9 0 51 45 159 3.6 157 2.7 164 2.9 176 4 175 6.3 11488 10740 48.3 52.6 48.3 37.9 33.4 29.7 27.1 -
2014-6-13 14:00:0028.7 16.3 29.1 28.5 1,006.2 0 47 46 146 4.4 155 3.7 162 3.4 161 3.5 142 5.9 11119 10160 51.6 54.9 51 38.1 32.8 28.9 26.5 -
2014-6-13 13:00:0028.8 17.7 28.9 28.4 1,006.5 0 51 51 132 4.1 141 3.4 179 3 180 3.8 178 6.2 7432 7785 54.8 56.2 54.6 37.8 31.7 27.8 25.8 -
2014-6-13 12:00:0028.5 18.9 28.5 27.6 1,007.2 0 56 56 194 4.5 195 3.1 191 2.9 163 3.2 168 5.2 5740 5885 55.1 55.4 52.4 36.3 30.2 26.7 25.2 -
2014-6-13 11:00:0027.6 20.4 28.9 27.6 1,007.5 0 65 42 164 4.2 166 3.5 159 3.1 158 3.1 163 4.8 5102 5144 52.2 52.9 49 34.2 28.3 25.6 24.7 -
2014-6-13 10:00:0028.1 17.6 28.1 26.3 1,007.5 0 53 53 261 2.7 263 1.9 276 1.9 241 2.1 265 3.3 7400 6901 49.1 49.1 40.9 31 26.3 24.6 24.4 -
2014-6-13 9:00:0026.3 18.4 26.3 24.8 1,007.4 0 62 61 229 2.7 234 2.3 227 1.4 225 2 202 3.7 5421 5420 40.8 40.8 31.3 27.5 24.6 24.1 24.3 -
2014-6-13 8:00:0024.9 18.1 25 23 1,007.3 0 66 66 199 2.4 197 1.7 221 1.3 225 1.3 199 2.4 5594 4600 31.9 35.2 26.4 24.9 23.6 23.8 24.3 -
2014-6-13 7:00:0023 18.3 23 20.1 1,006.8 0 75 75 313 0.6 311 0.5 289 0.7 244 1.2 255 1.8 5507 5816 26.3 28 21.1 23 22.9 23.8 24.5 -
2014-6-13 6:00:0020.1 19.3 20.1 19 1,006.6 0 95 94 - 0 - 0 - 0.2 199 0.5 198 1.3 5467 5930 21.1 21.1 17.9 21.4 22.7 24 24.7 -
2014-6-13 5:00:0019 18.2 19.2 19 1,006.4 0 95 93 189 1 194 0.4 - 0.2 - 0.2 189 1 5302 4890 17.8 17.8 17.5 21 23 24.3 24.9 -
2014-6-13 4:00:0019.3 18.1 19.9 19.3 1,006.1 0 93 89 - 0 - 0 - 0 221 0.4 206 0.6 5662 4676 17.7 18.3 17.7 21.5 23.4 24.6 25.2 -
2014-6-13 3:00:0019.9 18 21 19.9 1,006.6 0 89 84 228 0.6 229 0.3 223 0.4 174 0.8 231 1.2 6508 6570 18.3 19 18.3 22 23.9 25 25.4 -
2014-6-13 2:00:0021.1 18.3 21.7 21.1 1,006.2 0 84 81 166 0.5 170 0.5 171 0.9 164 1.4 161 2.2 8511 8581 19 19.9 19 22.6 24.3 25.3 25.7 -
2014-6-13 1:00:0021.7 18.3 21.8 21.7 1,006.8 0 81 80 147 2.5 152 1.9 158 1.3 161 1.6 159 3.3 9482 9211 19.9 20.3 19.9 23.1 24.8 25.7 26 -
2014-6-13 00:00:0021.8 18.2 21.8 21.7 1,007.2 0 80 80 135 1.5 127 1.2 121 1.3 107 1.9 102 3 9062 9248 20.3 20.8 20.3 23.6 25.2 26.1 26.2 -
2014-6-12 23:00:0021.8 18.6 22 21.8 1,007.3 0 82 81 107 2.4 111 1.9 106 1.9 92 3.1 100 4.2 8399 8046 20.8 21.3 20.8 24.1 25.8 26.5 26.5 -
2014-6-12 22:00:0022 18.8 22.4 22 1,007.3 0 82 80 86 4 87 3 91 2.9 98 3.7 100 5.9 8301 8431 21.3 21.8 21.3 24.7 26.4 27 26.8 -
2014-6-12 21:00:0022.4 18.8 22.6 22.4 1,006.8 0 80 78 94 4.8 98 3.4 94 3.5 94 4.3 98 7.6 9345 8938 21.8 22.4 21.8 25.5 27.1 27.5 27.1 -
2014-6-12 20:00:0022.6 18.8 22.7 22.5 1,006.1 0 79 79 95 5 93 4.2 93 4 94 4.3 89 7.2 9264 9151 22.4 23.5 22.4 26.5 28 28.1 27.3 -
2014-6-12 19:00:0022.7 19.1 23.2 22.7 1,005.6 0 80 80 87 5.1 84 3.9 85 3.3 86 3.8 83 6 8527 8197 23.5 26.8 23.5 28.1 29.1 28.6 27.4 -
2014-6-12 18:00:0023.2 19.8 23.8 23.2 1,005.1 0 81 78 102 5.9 103 4.7 95 3.7 90 4.2 107 6.6 10007 9831 26.9 31.7 26.9 30 30.1 28.9 27.4 -
2014-6-12 17:00:0023.8 19.7 24.6 23.8 1,004.9 0 78 75 78 5.3 80 4.1 90 4.2 93 4.6 89 7.4 10294 10080 31.9 38.2 31.8 31.9 30.8 29 27.2 -
2014-6-12 16:00:0024.6 20.3 25.4 24.4 1,004.7 0 77 74 88 4.6 105 3.1 106 3.9 98 5.1 89 7.2 8105 7803 38.3 39.5 37 33.1 31.1 28.9 26.9 -
2014-6-12 15:00:0025.5 20.3 26.5 25.5 1,004.7 0 73 71 104 5.8 99 4.5 105 3.5 103 4 101 7 5318 5716 38.2 46.5 38.2 34.1 31.2 28.4 26.5 -
2014-6-12 14:00:0026.4 21.2 26.5 26.1 1,004.9 0 73 69 98 5.1 112 2.1 129 2.4 170 2.7 98 5.1 5435 5833 45.9 46.7 44.2 34.5 30.6 27.8 26 -
2014-6-12 13:00:0026.4 20.5 28.2 26.4 1,005.2 0 70 52 222 3.8 214 2.8 219 2.4 338 2.7 359 5.9 5742 5314 46 48.9 41.8 33.9 30 27.2 25.5 -
2014-6-12 12:00:0027.7 17.8 27.8 26.7 1,005.5 0 55 54 0 3.8 338 2 341 1.7 334 2.5 354 4.7 4851 4747 43.8 47.7 42.8 33.6 29.1 26.3 25 -
2014-6-12 11:00:0027 19.1 27 25.7 1006 0 62 61 267 3.1 293 2.5 344 2.2 287 2.4 297 7.3 4658 4465 46.1 50.1 44.6 32.8 27.7 25.3 24.6 -
2014-6-12 10:00:0025.7 19.1 25.7 24.4 1,006.1 0 67 64 320 2 318 1 327 1.9 353 2.6 6 5.2 4940 4788 45 45.1 38.6 29.9 25.9 24.5 24.4 -
2014-6-12 9:00:0024.4 19.5 24.4 22.9 1,006.4 0 74 73 10 3.2 7 2.5 352 2 352 2 13 3.6 4514 4995 39.1 39.2 31.5 26.7 24.4 24.1 24.3 -
2014-6-12 8:00:0022.8 19.4 22.8 21.2 1,006.7 0 81 80 29 1.1 25 1 264 1.1 241 1.5 270 2.3 5748 5833 32.6 32.7 26 24.4 23.5 23.9 24.4 -
2014-6-12 7:00:0021.2 19.8 21.2 19.8 1,006.6 0 92 91 275 1.5 282 1.2 279 0.7 279 0.7 275 1.5 5173 5283 26.1 26.1 21.2 22.6 22.9 23.9 24.6 -
2014-6-12 6:00:0019.8 19.3 19.8 19.1 1,006.2 0 97 96 - 0 - 0 - 0 286 0.3 304 0.5 5334 4953 21.1 21.1 17.8 21.3 22.9 24.2 24.8 -
2014-6-12 5:00:0019.1 18.4 19.2 19 1,005.5 0 96 95 - 0.1 - 0 - 0.1 29 0.9 353 1.4 4742 4681 17.8 17.9 17.7 21.2 23.2 24.5 25.1 -
2014-6-12 4:00:0019.2 18.4 19.5 19.2 1,005.2 0 95 93 24 0.8 24 0.6 30 0.9 15 1 28 1.4 6546 6001 17.9 18.2 17.9 21.7 23.7 24.9 25.4 -
2014-6-12 3:00:0019.5 18.5 20.1 19.5 1,005.2 0 94 91 26 0.7 21 0.6 38 0.4 195 0.5 190 1 6749 6403 18.2 18.9 18.2 22.3 24.2 25.3 25.6 -
2014-6-12 2:00:0020.1 18.6 21.2 20.1 1,005.6 0 91 87 174 0.4 197 0.4 201 0.5 161 1 157 1.3 10326 10805 18.9 20 18.9 23 24.8 25.7 25.9 -
2014-6-12 1:00:0021.1 19 21.9 21.1 1006 0 88 84 170 1.4 166 1.1 160 0.8 106 1.9 101 3.1 14771 13335 20 22.3 20 23.9 25.4 26.1 26.1 -
2014-6-12 00:00:0021.9 19.1 22 21.8 1,006.3 0 84 83 96 1.5 113 0.9 133 1.3 124 1.9 133 3.3 15179 15389 22.3 22.5 22.1 24.6 25.9 26.5 26.4 -
2014-6-11 23:00:0022 19.2 22.1 22 1,006.2 0 84 83 98 2.1 107 1.4 124 1.5 110 2.3 133 3.9 15769 16712 22.5 22.8 22.5 25.1 26.3 26.9 26.6 -
2014-6-11 22:00:0022.1 19.3 22.2 22.1 1,006.4 0 84 84 97 4.2 99 3.2 114 1.9 99 3 104 5.2 14834 15144 22.7 22.9 22.5 25.5 26.9 27.3 26.9 -
2014-6-11 21:00:0022.2 19.4 22.4 22.2 1,006.4 0 84 84 100 3 100 2.1 104 2.6 107 3.1 96 5.7 15115 14965 22.7 22.9 22.6 26.2 27.7 27.9 27.2 -
2014-6-11 20:00:0022.4 19.8 22.8 22.4 1,005.8 0 85 81 118 5 109 2.6 108 3.2 109 3.2 108 5.7 14262 14964 22.9 24.2 22.9 27.4 28.7 28.5 27.3 -
2014-6-11 19:00:0022.8 19.4 23.5 22.8 1,005.3 0 81 78 104 3.3 108 2.2 112 2.2 111 2.9 121 4.6 18276 18037 24.2 29.1 24.2 29.1 29.8 28.9 27.4 -
2014-6-11 18:00:0023.4 19.3 23.9 23.4 1,004.9 0 78 74 112 2.9 101 1.7 126 2.1 110 3.2 87 5.5 21201 23591 29.1 34 29.1 31.3 30.8 29.2 27.3 -
2014-6-11 17:00:0024 19.5 24.5 23.9 1,004.7 0 76 72 111 4.1 107 3.1 118 2.8 112 4 113 6.1 23591 19561 34.1 39.9 34.1 33.2 31.6 29.2 27 -
2014-6-11 16:00:0024.5 19.1 24.9 24.5 1,005.2 0 72 68 111 5.5 108 4.2 111 3.8 111 3.8 104 6.1 35000 27800 39.9 46.4 39.9 35.1 31.9 28.8 26.5 -
2014-6-11 15:00:0024.8 19 25.3 24.7 1,005.5 0 70 67 114 3.5 118 3 132 3 114 4.1 117 6.4 19958 28676 46.2 48.4 45.9 35.7 31.5 28.2 26 -
2014-6-11 14:00:0025.2 18.4 25.5 24.9 1006 0 66 66 108 5 112 4.4 97 3.3 94 4.9 99 7.6 35000 27150 48.5 49.6 46.4 35.4 30.6 27.4 25.4 -
2014-6-11 13:00:0025.2 19.3 25.3 24.4 1,006.2 0 70 69 111 5.5 111 4 98 3.8 96 4.5 106 7 20289 21976 48.6 49.5 42.8 34.3 29.3 26.3 24.9 -
2014-6-11 12:00:0024.4 19 25.2 24.3 1,006.6 0 72 66 153 4.2 160 3.2 140 3.2 97 4.5 103 6.7 27843 27977 47.2 49.1 45.3 32.7 27.7 25.3 24.4 -
2014-6-11 11:00:0025 18.9 25 23.8 1,006.9 0 69 67 95 4.5 96 3.9 100 3.6 103 3.8 97 6.2 19187 16648 44.8 46.7 34.1 29.4 25.9 24.5 24.2 -
2014-6-11 10:00:0024 18.2 24.4 23.8 1,007.2 0 70 67 120 3.4 119 2.4 104 2.9 69 3.5 71 5.4 16495 15839 36.8 41.6 32.6 27.6 24.8 24 24 -
2014-6-11 9:00:0023.8 18 23.8 22.5 1,007.1 0 70 69 38 3.7 35 2.2 54 2.7 65 3.3 51 5.8 13899 15489 33.1 34.4 26.9 25.3 23.8 23.7 24 -
2014-6-11 8:00:0022.5 18.5 22.6 21.9 1007 0 78 77 49 3.6 54 2.8 58 2.9 54 3.2 50 5.8 9905 9869 26.8 28.3 25.8 23.6 23.1 23.5 24.1 -
2014-6-11 7:00:0021.9 18.7 21.9 20.2 1,006.2 0 82 82 58 4.2 62 3 62 3 62 3 74 4.3 11012 9321 26 26 21.1 22.3 22.6 23.6 24.2 -
2014-6-11 6:00:0020.2 18.9 20.2 19.4 1,006.1 0 92 92 80 1.4 72 1.2 59 1.5 55 2.1 55 3.9 4064 3933 21 21 17.8 21.1 22.6 23.8 24.5 -
2014-6-11 5:00:0019.4 18.6 19.8 19.3 1,005.5 0 95 93 73 1.8 74 1.4 63 1.4 58 1.5 73 2.2 3445 3832 17.8 18.5 17.5 21.1 23 24.1 24.7 -
2014-6-11 4:00:0019.8 18.6 20 19.8 1,005.7 0 93 91 24 2 31 1.4 28 1.2 21 1.5 5 3.1 4961 4931 18.5 18.8 18.3 21.6 23.4 24.5 24.9 -
2014-6-11 3:00:0020 18.5 20.7 20 1,005.8 0 91 87 31 0.3 - 0.2 62 0.4 23 1.4 31 2.4 4992 4698 18.8 19.5 18.7 22.2 23.8 24.8 25.2 -
2014-6-11 2:00:0020.7 18.5 21.4 20.7 1,005.8 0 87 81 28 1.7 33 1.1 37 1.2 47 2.3 55 4.2 6139 6369 19.4 20.8 19.4 22.8 24.3 25.1 25.4 -
2014-6-11 1:00:0021.4 18 22.1 21.4 1006 0 81 78 49 2.4 47 2 49 1.9 73 2.9 74 4.5 10786 12364 20.6 21.9 20.6 23.3 24.7 25.4 25.6 -
2014-6-11 00:00:0022 18.2 22 21.6 1,006.5 0 79 78 71 2 80 1.7 82 2.2 84 3.1 66 5.7 13882 15241 21.9 22 21.5 23.7 25 25.8 25.9 -
2014-6-10 23:00:0021.6 19.9 21.6 21.4 1,006.8 0 90 88 63 3.9 69 2.6 75 2.6 70 3.9 70 5.8 5153 5623 21.4 21.4 20.7 23.8 25.4 26.2 26.2 -
2014-6-10 22:00:0021.5 19.6 21.5 21 1,007.1 0 89 85 68 3.7 69 3.6 71 3.7 71 3.7 69 6.5 5567 5772 21.3 21.6 20.4 24.3 26.1 26.7 26.4 -
2014-6-10 21:00:0021.3 18.7 21.9 21.3 1,006.9 0 85 80 63 2 63 1.5 64 1.5 72 2.8 69 4.5 7304 7840 20.8 21.8 20.8 25.2 26.9 27.3 26.7 -
2014-6-10 20:00:0021.9 18.3 23.1 21.9 1,006.4 0 80 77 67 3.2 71 2.8 73 2.7 69 4.4 72 6.5 8691 9682 21.8 23.7 21.8 26.4 27.8 27.8 26.9 -
2014-6-10 19:00:0023.1 19.3 24.5 23.1 1006 0 79 69 74 5.2 71 4.1 70 4.4 70 4.6 69 7.8 9275 10205 23.7 27.8 23.7 28.1 28.9 28.3 26.9 -
2014-6-10 18:00:0024.5 18.4 25.2 24.5 1,005.4 0 69 67 87 5.5 83 4.6 78 4.3 73 4.6 73 8.6 22355 18599 27.9 33.2 27.9 30.2 30 28.6 26.8 -
2014-6-10 17:00:0025.2 19.8 25.3 24.7 1005 0 72 70 73 4.2 78 3.1 80 4.1 91 4.9 95 8.4 18556 17930 33.2 38.4 33.2 32.1 30.7 28.6 26.6 -
2014-6-10 16:00:0024.9 20.4 25.2 24.7 1,005.2 0 76 74 93 4.1 100 3.4 101 4.4 99 5.2 97 7.8 17179 21594 38.2 43.3 37.9 33.6 31 28.2 26.1 -
2014-6-10 15:00:0025 20.9 25.2 24.5 1,005.3 0 78 76 106 5.5 113 3.4 102 4.3 97 5 108 7.3 15989 18701 43.5 46.3 43.1 34.4 30.6 27.5 25.6 -
2014-6-10 14:00:0024.9 20.4 25.4 24.6 1,005.7 0 76 75 107 6.6 110 4.4 102 4.4 102 5 101 7.6 16075 17958 46.1 47.4 45.5 34.1 29.5 26.6 25.1 -
2014-6-10 13:00:0024.7 21 25.1 24.2 1,005.6 0 80 77 107 6.3 104 4 102 4.7 104 5.1 115 8 12334 13530 46.8 48.1 38.8 32.4 28 25.7 24.6 -
2014-6-10 12:00:0024.8 20.7 26 24.8 1,006.4 0 78 73 88 6.2 93 5.4 100 4.5 98 4.8 97 7.6 11828 11263 40.4 47.8 39.9 30.9 26.6 24.9 24.4 -
2014-6-10 11:00:0025.3 20.8 25.3 23.5 1,006.3 0 76 76 76 5.2 83 4.3 99 3.3 75 3.9 63 6.4 9606 9398 44.8 44.8 28.2 26.9 25.1 24.4 24.2 -
2014-6-10 10:00:0023.8 20.7 23.8 23.3 1,006.8 0 83 81 82 3.5 94 2.8 80 2.2 92 3.4 105 5.3 7636 8153 29.4 29.9 28.1 25.8 24.6 24.2 24.1 -
2014-6-10 9:00:0023.6 20.1 24.1 22.7 1,006.5 0 81 80 69 4.5 78 4.1 90 3 68 5.2 68 7.9 9916 9621 28.8 33.3 26.2 25.5 24 23.9 24.2 -
2014-6-10 8:00:0022.7 20 22.7 21.8 1,006.4 0 85 85 73 6.8 70 3.9 79 3.3 75 4.8 76 8.4 6735 6060 26.3 26.6 22.6 23.4 23.4 23.9 24.2 -
2014-6-10 7:00:0021.8 19.7 21.9 21.6 1,006.3 0 88 88 41 3 37 2.3 46 2.2 63 3.7 70 5.2 6428 7433 22.7 22.8 22.4 22.9 23.4 24 24.4 -
2014-6-10 6:00:0021.6 19.9 21.6 21.3 1,005.8 0 90 90 65 4.5 65 2.2 64 2.7 72 3.3 73 5.5 8288 8026 22.3 22.3 21.5 22.6 23.5 24.1 24.5 -
2014-6-10 5:00:0021.3 19.6 21.7 21.3 1,005.2 0 90 89 97 3.6 94 2.6 78 2.5 67 2.6 61 3.9 641 377 21.5 21.8 21.5 22.8 23.7 24.3 24.6 -
2014-6-10 4:00:0021.7 19.8 21.9 21.7 1,005.4 0 89 88 74 2.6 73 2.4 68 2.3 67 2.4 49 3.8 438 357 21.7 21.9 21.6 22.9 23.8 24.5 24.8 -
2014-6-10 3:00:0021.8 19.7 21.8 21.8 1,005.2 0 88 88 109 3.1 109 2.6 94 2.1 93 3.8 88 6.3 4068 11660 21.9 21.9 21.6 23 24 24.7 25 -
2014-6-10 2:00:0021.8 19.7 21.8 21.7 1005 0 88 85 94 4.8 100 3.5 98 3.4 96 3.8 99 7.2 17258 16718 21.8 21.8 21.4 23.2 24.3 25 25.2 -
2014-6-10 1:00:0021.8 19.2 21.8 21.7 1,005.7 0 85 84 113 5.5 103 3.9 98 3.6 94 4.1 88 6.7 17416 4840 21.5 21.9 21.4 23.4 24.5 25.2 25.4 -
2014-6-10 00:00:0021.7 18.9 22 21.7 1,006.2 0 84 84 100 5.4 104 3.4 95 4 91 5.3 91 8.1 22654 20506 21.4 22.4 21.4 23.7 24.9 25.5 25.6 -
2014-6-9 23:00:0022 19.2 22.1 22 1,006.5 0 84 84 95 7.9 96 5.2 94 4 95 5.1 90 9.1 14295 15254 22.4 22.5 22.2 24.2 25.3 25.9 25.8 -
2014-6-9 22:00:0022.1 19.6 22.1 21.9 1,006.8 0 86 86 87 8.2 92 5.8 92 4.8 92 6 77 9.5 11809 12408 22.5 22.5 22.2 24.6 25.8 26.3 26.1 -
2014-6-9 21:00:0021.9 19.6 22.2 21.9 1,006.6 0 87 87 87 6.5 90 5 91 5.2 91 5.2 84 8.6 13820 14664 22.4 23.3 22.4 25.2 26.4 26.7 26.3 -
2014-6-9 20:00:0022.2 20.1 22.3 22.2 1,006.2 0 88 88 77 4.8 78 3.8 76 4.3 67 5.7 72 8.9 14391 13689 23.3 23.6 23 25.9 27.1 27.2 26.5 -
2014-6-9 19:00:0022.3 20.2 22.7 22.3 1,005.7 0 88 85 74 7.2 71 4.6 72 4.5 69 5.8 65 8.5 11828 12356 23.7 25.7 23.7 27.1 28 27.6 26.6 -
2014-6-9 18:00:0022.7 20 23.4 22.7 1,005.3 0 85 82 70 5.6 70 4.9 73 4.6 75 6 96 9.2 12229 12061 25.8 29.1 25.8 28.6 28.9 28 26.6 -
2014-6-9 17:00:0023.4 20.2 24.1 23.4 1,005.1 0 82 79 70 8.4 72 6.6 75 5.9 75 5.9 65 9.7 13459 15163 29.4 34.5 29.4 30.4 29.7 28.2 26.4 -
2014-6-9 16:00:0024 20.3 24.3 23.9 1,005.1 0 80 78 77 7.3 81 4.4 77 5.1 87 5.8 96 10.1 12861 14865 34.4 38.3 33.7 31.9 30.1 28.1 26.2 -
2014-6-9 15:00:0023.9 20.4 24.7 23.9 1,005.4 0 81 77 88 7.9 93 5.6 84 5.3 93 6 102 10 16399 15945 36.9 42.6 36.2 32.9 30.2 27.7 25.7 -
2014-6-9 14:00:0024.4 20.3 24.9 24.2 1,005.6 0 78 76 99 9.1 101 6.7 92 6.1 90 6.5 102 10.3 14686 16127 41.9 43.9 40.6 33.2 29.7 27 25.3 -
2014-6-9 13:00:0024.9 20.6 25.1 24.5 1006 0 77 75 83 5.7 86 5.2 80 5.5 63 5.9 71 9.6 14838 14721 44.5 44.9 39.7 32.6 28.8 26.2 24.7 -
2014-6-9 12:00:0024.9 20.6 25 24.2 1,006.7 0 77 76 62 7 65 5.4 73 5.2 74 5.4 72 9.2 11875 11627 43.6 45 41.4 31.8 27.6 25.3 24.3 -
2014-6-9 11:00:0024.2 20.1 24.7 23.9 1,007.2 0 78 76 114 6 110 4.4 93 4.5 92 5.5 84 8.6 14442 15449 40.4 44.6 37.3 29.9 26.1 24.4 24 -
2014-6-9 10:00:0023.9 20.2 23.9 23.5 1,007.2 0 80 79 89 5.8 84 4.5 90 4.6 98 5.6 87 9.1 17400 15506 36.8 37.3 34 27.2 24.7 23.8 23.8 -
2014-6-9 9:00:0023.4 20.2 23.4 22.6 1,006.6 0 82 82 95 8 98 5.8 97 5.5 97 5.5 91 8.6 21450 14609 34.7 34.7 26.6 24.8 23.6 23.5 23.7 -
2014-6-9 8:00:0022.7 20 22.7 22.2 1,006.5 0 85 84 103 4.1 95 3.3 95 4.3 95 5.1 91 8.4 10272 11683 28.1 28.1 24 23.3 23.1 23.4 23.8 -
2014-6-9 7:00:0022.2 19.9 22.2 22 1,006.2 0 87 85 89 7.9 94 5.1 95 5 95 5 91 8.1 1264 749 24.1 24.2 22.4 22.6 22.8 23.4 23.9 -
2014-6-9 6:00:0022 19.6 22 21.7 1,006.2 0 86 86 107 5.4 97 3.8 95 3.7 91 3.9 100 6.8 686 579 22.4 22.4 20.7 22 22.8 23.5 24 -
2014-6-9 5:00:0021.6 19.5 21.6 21.6 1,005.6 0 88 87 96 4 92 2.9 96 3.3 93 4 84 7.2 626 596 20.8 21 20.7 21.9 22.9 23.7 24.2 -
2014-6-9 4:00:0021.6 19.5 21.6 21.5 1,005.6 0 88 88 95 4.6 88 3.4 85 2.8 94 3.5 94 5.8 12019 10700 20.9 20.9 20.5 22 23.1 23.9 24.3 -
2014-6-9 3:00:0021.5 19.4 21.6 21.5 1005 0 88 87 101 4.9 100 3.3 96 3.4 95 3.7 110 6.3 12286 12381 20.5 20.6 20.3 22.1 23.3 24.1 24.5 -
2014-6-9 2:00:0021.6 19.3 21.7 21.6 1,004.9 0 87 87 97 2.6 102 2.3 101 2.3 97 3.7 91 6.7 11518 12279 20.5 21 20.4 22.3 23.5 24.3 24.7 -
2014-6-9 1:00:0021.6 19.3 21.6 21.6 1,005.3 0 87 86 97 4.2 99 3.5 95 3.4 95 3.8 102 6.6 12613 12660 20.4 20.7 20.4 22.5 23.8 24.6 24.9 -
2014-6-9 00:00:0021.6 19.3 21.7 21.6 1,005.8 0 87 85 104 5.1 102 3.6 92 3.5 97 4.4 91 7.7 11321 10665 20.7 21.1 20.7 22.8 24.1 24.9 25.1 -
2014-6-8 23:00:0021.7 19.3 22 21.7 1006 0 86 85 81 6.4 86 4.3 96 4.2 94 4.5 106 8.1 13942 14442 21.1 22 21.1 23.3 24.5 25.2 25.3 -
2014-6-8 22:00:0022 19.6 22.1 21.9 1,006.9 0 86 84 114 5.9 104 2.8 101 4.4 96 5.1 98 8.8 13304 13348 22 22.3 21.7 23.8 24.9 25.5 25.5 -
2014-6-8 21:00:0022.1 19.5 22.1 22 1,006.3 0 85 85 97 8 102 4.6 100 4.4 95 5 110 8.8 11767 11024 22.3 22.4 22.2 24.3 25.4 25.8 25.7 -
2014-6-8 20:00:0022.1 19.8 22.2 22 1,005.7 0 87 87 92 7.5 91 4 93 4.9 92 5.1 84 8.5 10845 10681 22.4 22.8 22.4 24.8 25.9 26.2 25.8 -
2014-6-8 19:00:0022.2 20.1 22.9 22.2 1,005.2 0 88 86 69 4.7 78 4 84 4.5 81 4.8 93 9 5543 8614 22.8 25.2 22.8 25.7 26.6 26.5 25.9 -
2014-6-8 18:00:0022.9 20.4 23.5 22.9 1,004.8 0 86 85 71 6.2 70 4.5 77 4.3 72 5.7 69 9 1037 1653 25.2 28 25.2 26.9 27.2 26.7 25.9 -
2014-6-8 17:00:0023.5 21 23.9 23.5 1,004.7 0 86 81 88 5.8 81 4.2 75 4.6 70 5 67 7.5 11074 11145 28.1 30.9 28.1 28.2 27.7 26.8 25.9 -
2014-6-8 16:00:0023.8 20.7 24.2 23.7 1,004.6 0 83 81 90 4.5 83 3.2 87 4.1 75 4.7 92 7.8 12842 16093 30.2 34.7 29.6 29 28 26.7 25.7 -
2014-6-8 15:00:0024.2 21.1 24.4 23.9 1,004.8 0 83 81 75 3.7 79 2.8 83 3.8 97 4.5 84 7.5 14783 15214 34.6 37 33.6 29.8 27.9 26.5 25.5 -
2014-6-8 14:00:0024 20.9 24.4 24 1,004.8 0 83 82 83 5.9 85 4.7 97 4.5 97 4.5 84 6.8 10771 7189 34.9 36.9 34.8 29.5 27.4 26.1 25.3 -
2014-6-8 13:00:0024.2 21.3 24.2 23.7 1,005.2 0 84 84 77 4 76 3.4 84 3.4 93 4.3 89 6.6 15629 14285 34.9 36 31.9 28.8 26.9 25.8 25.2 -
2014-6-8 12:00:0023.7 21.2 24 23.5 1,005.5 0 86 84 85 4.5 83 3.9 94 2.9 88 3.8 108 5.9 11020 11185 32.4 33.5 30.8 27.9 26.5 25.6 25 -
2014-6-8 11:00:0023.9 21.4 24 23.6 1,005.6 0 86 85 78 2.9 80 2.7 80 3.1 85 3.4 98 5.4 10093 9645 32.9 32.9 30.5 27.5 26.1 25.3 24.9 -
2014-6-8 10:00:0023.7 21 23.9 23.4 1,005.6 0 85 85 102 4.1 101 3.8 87 3.2 92 4 108 5.9 10450 10822 31 33.5 31 27.2 25.6 25 24.9 -
2014-6-8 9:00:0023.5 21.2 23.5 22.9 1,005.3 0 87 87 94 4.6 90 3.4 94 3.5 92 3.9 112 6 12508 11874 31.6 32.1 27.6 25.9 24.9 24.8 24.9 -
2014-6-8 8:00:0022.9 21.2 23 22.6 1,005.1 0 90 89 105 4 104 3.2 97 3.7 97 3.7 100 5.5 8457 8457 28.5 28.5 24.9 24.7 24.5 24.7 25 -
2014-6-8 7:00:0022.6 21.2 22.7 22.6 1,004.9 0 92 92 86 3.1 87 1.9 93 2.8 95 3.2 108 4.8 4046 4094 24.9 24.9 23.4 23.9 24.3 24.8 25.1 -
2014-6-8 6:00:0022.6 21.6 22.6 22.5 1,004.3 0 94 94 84 4.3 94 3.5 95 3 98 3.1 98 5.1 3825 3707 23.4 23.4 22.3 23.6 24.4 25 25.3 -
2014-6-8 5:00:0022.5 21.7 22.6 22.5 1,003.8 0 95 95 85 2.4 90 1.8 91 2.1 95 2.4 96 4.1 3130 3103 22.3 22.3 21.7 23.5 24.5 25.2 25.5 -
2014-6-8 4:00:0022.5 21.7 22.6 22.5 1,003.6 0 95 94 84 2.2 81 1.6 88 1.9 92 2.3 91 3.6 647 321 21.8 21.8 21.7 23.6 24.8 25.5 25.7 -
2014-6-8 3:00:0022.5 21.7 22.7 22.4 1,003.8 0 95 93 103 1.4 106 1.1 104 1.4 82 1.9 86 3 2604 1291 21.8 22 21.8 23.9 25.1 25.8 26 -
2014-6-8 2:00:0022.7 21.5 22.8 22.7 1004 0 93 92 98 1.9 96 1.4 92 1.5 138 2 101 3.3 1974 2676 22 22.1 22 24.2 25.5 26.2 26.2 -
2014-6-8 1:00:0022.7 21.3 22.9 22.7 1,003.9 0 92 91 149 1.8 135 1.6 130 1.4 119 2.3 131 4.7 4167 2524 22.1 22.4 22.1 24.6 25.9 26.6 26.5 -
2014-6-8 00:00:0022.8 21.3 23 22.8 1,003.9 0 91 89 119 3.4 124 2.2 119 2.4 116 2.9 118 5.4 585 682 22.4 22.7 22.4 25.1 26.4 27 26.8 -
2014-6-7 23:00:0023 21.5 23.2 23 1,003.9 0 91 90 91 2.1 105 1.7 113 2 116 2.6 124 4.9 5733 1281 22.7 23.3 22.7 25.7 27 27.4 27 -
2014-6-7 22:00:0023.2 21.6 23.3 23.2 1004 0 91 90 147 3.6 123 2.4 114 2.3 102 2.4 106 4.3 1187 957 23.3 23.8 23.3 26.4 27.7 27.9 27.3 -
2014-6-7 21:00:0023.4 21.7 23.4 23.4 1,003.4 0 90 90 99 3.8 97 2.2 100 2.2 99 3 95 4.9 1474 1128 23.9 24.5 23.9 27.2 28.4 28.5 27.6 -
2014-6-7 20:00:0023.4 21.8 23.8 23.4 1,002.9 0 91 90 89 3 95 2.5 94 2.5 90 2.8 79 4.4 8708 8793 24.5 25.8 24.5 28.2 29.3 29 27.8 -
2014-6-7 19:00:0023.8 22.1 24.3 23.8 1,002.4 0 90 87 87 3.2 85 2.4 88 2.8 87 3.8 88 5.3 9651 10150 25.8 28.4 25.7 29.7 30.4 29.6 27.9 -
2014-6-7 18:00:0024.3 22 25.4 24.3 1,001.8 0 87 82 97 5.3 94 4.8 88 3.7 101 3.8 92 6.1 13009 12135 28.5 33.6 28.5 31.6 31.5 30 27.9 -
2014-6-7 17:00:0025.4 22.1 25.8 25.4 1,001.5 0 82 76 104 4.9 101 3.1 97 3.6 89 4.3 90 6.4 14195 13589 33.6 39.8 33.6 33.7 32.4 30.1 27.6 -
2014-6-7 16:00:0025.8 21.9 26 25.6 1,001.2 0 79 76 106 4.5 98 3.9 100 3.2 90 4.5 89 6.7 11529 11013 39.8 44 39.1 35.4 32.9 29.9 27.3 -
2014-6-7 15:00:0026 21.7 26.5 25.9 1,001.5 0 77 74 113 5.8 112 4.2 105 4 103 4.1 80 6.5 8888 8958 44 49.2 43.8 36.8 33 29.5 26.7 -
2014-6-7 14:00:0026.5 21.7 27 26.2 1,001.8 0 75 73 96 3.9 95 3.6 99 3.5 102 3.9 99 5.9 8528 7792 48.9 52.8 48.8 37.3 32.5 28.6 26.1 -
2014-6-7 13:00:0027 22 27 25.9 1,002.4 0 74 72 104 3 94 2.6 83 2.8 115 2.8 98 5.2 7378 7601 52.1 54.4 49.4 36.7 31.3 27.6 25.4 -
2014-6-7 12:00:0025.9 21.6 26.2 25.4 1003 0 77 75 141 3 138 2.1 133 2.1 97 3.1 104 5.2 8007 7506 53.6 53.9 50.1 35.4 29.8 26.5 24.9 -
2014-6-7 11:00:0025.5 21.4 25.6 24.9 1,003.4 0 78 77 103 3.7 110 2.9 111 2.6 105 3.1 100 4.8 7088 6916 50.1 50.5 45.1 33.1 27.9 25.4 24.5 -
2014-6-7 10:00:0024.9 21.4 25.4 24.4 1,003.6 0 81 77 122 3.1 133 2.4 122 2.5 118 2.9 105 4.4 7168 7714 45.1 45.1 38.5 30.2 26.2 24.7 24.2 -
2014-6-7 9:00:0024.5 21 24.5 23.6 1,003.9 0 81 81 117 2.9 109 2.4 103 2.8 102 3 106 5.2 7078 7668 38.8 38.8 31.7 27.2 24.8 24.2 24.1 -
2014-6-7 8:00:0023.6 20.9 23.7 23 1,003.8 0 85 84 102 2.7 113 1.7 123 2.2 117 3.7 109 5.9 10892 9754 32 32 27 25.1 24 24 24.2 -
2014-6-7 7:00:0023 20.7 23 22.2 1,003.4 0 87 87 96 3.8 101 3 96 3.1 96 3.1 96 4.9 7348 6863 27 27 22.6 23.4 23.6 24 24.3 -
2014-6-7 6:00:0022.2 20.7 22.2 22.1 1,003.1 0 91 91 100 3.4 99 2.9 93 2.7 98 3 111 4.6 5965 5500 22.5 22.9 21.4 22.8 23.6 24.2 24.5 -
2014-6-7 5:00:0022 20.6 22 22 1,002.8 0 92 92 84 4.2 84 2.7 92 2.4 95 2.8 90 4.9 4711 5381 21.4 21.5 21.3 22.8 23.8 24.4 24.7 -
2014-6-7 4:00:0022 20.6 22.1 22 1,002.9 0 92 91 88 2.6 90 1.9 89 2.2 96 3.4 96 5.7 3733 2454 21.3 21.7 21.3 23 24 24.6 24.8 -
2014-6-7 3:00:0022.1 20.6 22.3 22.1 1,002.9 0 91 91 87 4.2 86 3 91 2.9 96 3.2 99 5.3 1170 2033 21.7 22.1 21.7 23.3 24.3 24.9 25 -
2014-6-7 2:00:0022.3 20.8 22.4 22.3 1,003.2 0 91 90 92 4.1 94 3.2 88 3 88 3 94 5 2188 2275 22.1 22.5 22.1 23.6 24.6 25.2 25.3 -
2014-6-7 1:00:0022.3 20.6 22.3 22.2 1,003.3 0 90 90 89 3.2 84 2 86 2.4 90 3 92 5 2987 2092 22.1 22.1 21.8 23.7 24.9 25.5 25.5 -
2014-6-7 00:00:0022.2 20.5 22.3 22.2 1,003.7 0 90 88 90 3.2 89 2.7 91 2.6 89 2.8 94 4.8 2462 2002 21.8 21.9 21.7 24 25.3 25.9 25.8 -
2014-6-6 23:00:0022.3 20.2 22.5 22.2 1,004.1 0 88 86 96 3.2 108 2.2 105 2.5 98 2.8 93 4.9 7860 1937 21.8 22.2 21.7 24.5 25.9 26.3 26 -
2014-6-6 22:00:0022.5 20 22.8 22.5 1,004.4 0 86 86 99 4.1 97 2.9 100 2.9 102 3.3 105 5.5 1139 1545 22.3 23.2 22.3 25.2 26.5 26.8 26.3 -
2014-6-6 21:00:0022.8 20.3 22.8 22.7 1,004.1 0 86 83 95 4.6 93 3.3 96 3.2 96 3.2 99 5.1 1053 1110 23.2 23.3 23.2 25.9 27.1 27.3 26.5 -
2014-6-6 20:00:0022.7 19.7 22.7 22.5 1,004.1 0 83 83 93 3.7 94 2.7 96 2.5 95 4.5 97 6.3 13122 13563 23.3 24.2 23.3 26.8 28 27.8 26.7 -
2014-6-6 19:00:0022.6 20.3 23.3 22.6 1,003.6 0 87 81 97 5.8 98 4.8 95 4.6 95 4.6 95 6.7 13419 13032 24.3 27.3 24.3 28.3 29.1 28.3 26.8 -
2014-6-6 18:00:0023.3 19.9 23.6 23.3 1,003.3 0 81 79 77 4 77 2.9 82 3.2 92 5 104 7.8 10810 12168 27.3 31 27.3 30.1 30.1 28.7 26.8 -
2014-6-6 17:00:0023.7 19.8 24.7 23.7 1,003.2 0 79 77 87 7 85 5 89 4.7 93 5.5 108 8.6 16555 16966 31.2 38 31.2 32 31 28.9 26.6 -
2014-6-6 16:00:0024.7 20.4 25 24.6 1,003.3 0 77 75 91 7.1 89 5.4 93 5.2 90 5.4 76 8.4 12509 15344 38.2 42.5 38.2 33.8 31.5 28.7 26.2 -
2014-6-6 15:00:0024.7 20.4 25.4 24.6 1,003.7 0 77 74 100 5.9 103 4.3 107 4.4 100 4.9 111 7.4 12376 11936 40 46.2 39.9 34.8 31.5 28.3 25.7 -
2014-6-6 14:00:0025.4 20.6 25.9 25.1 1,004.1 0 75 71 102 4.6 105 4 111 3.6 104 4.2 103 6.2 8984 9203 46.4 50.8 44.4 35.6 31.2 27.5 25.1 -
2014-6-6 13:00:0025.8 20.8 25.8 24.8 1,004.5 0 74 71 101 4.9 98 2.9 105 3.3 101 3.4 97 6 7031 9065 51.2 52.7 46.2 35.4 30.1 26.4 24.4 -
2014-6-6 12:00:0024.8 20.1 25 24.2 1005 0 75 74 104 4.2 105 3.1 107 3 107 3 86 5.3 11121 11035 49.9 52.8 47.2 34.3 28.5 25.3 23.9 -
2014-6-6 11:00:0024.5 20.6 24.5 23.5 1,005.5 0 79 76 88 1.9 89 1.9 93 2.7 99 3.1 113 5.3 9894 9956 48.7 49.6 41.3 31.6 26.6 24.3 23.5 -
2014-6-6 10:00:0023.4 20.3 23.9 22.9 1,005.5 0 83 78 77 3.8 79 2.8 100 2.5 106 3.4 100 5.1 7678 8678 41.6 43 35 28.3 25.1 23.6 23.2 -
2014-6-6 9:00:0023.4 19.6 23.5 22.9 1,005.5 0 79 79 115 4.1 117 3.2 107 2.9 84 2.9 92 4.3 7348 6908 38.5 38.5 30.1 26.1 23.7 23.1 23.1 -
2014-6-6 8:00:0022.8 19.8 22.8 22 1,005.7 0 83 83 62 3.3 84 2.2 95 2.6 80 3.1 64 4.6 6667 7599 32.9 32.9 25.8 23.8 22.7 22.8 23.1 -
2014-6-6 7:00:0022 19.9 22 21.4 1,005.3 0 88 88 66 4.2 65 3.1 85 2.9 84 3 85 4.4 213 368 25.9 25.9 21.5 22.1 22.3 22.8 23.3 -
2014-6-6 6:00:0021.4 19.7 21.4 21 1,005.2 0 90 90 100 2.3 92 2 93 1.8 92 2.1 114 3.8 1756 1039 21.4 21.4 20 21.4 22.2 22.9 23.4 -
2014-6-6 5:00:0021 19.8 21.2 21 1,004.9 0 93 92 102 3.1 95 2.2 91 2.1 96 2.6 87 4.1 2133 689 19.9 20.1 19.9 21.2 22.3 23.1 23.6 -
2014-6-6 4:00:0021.1 19.9 21.1 20.7 1,004.3 0 93 93 84 2.5 82 1.8 88 2 87 2.2 91 4.1 1342 1523 20 20 19 21.2 22.5 23.4 23.8 -
2014-6-6 3:00:0020.8 20 20.8 20.7 1,004.6 0 95 94 78 1.1 78 0.7 100 0.9 79 1.3 89 2.1 3579 3776 19 19.4 19 21.3 22.8 23.7 24 -
2014-6-6 2:00:0020.7 19.7 21 20.6 1,004.7 0 94 91 84 1.2 89 0.7 92 0.9 112 1.1 113 2.2 3031 3651 19.2 19.4 19 21.6 23.1 24 24.3 -
2014-6-6 1:00:0021 19.5 21.2 21 1,005.1 0 91 90 104 1.6 112 1.2 127 1 147 1.2 143 2.7 8925 8562 19.4 19.8 19.4 22 23.6 24.4 24.5 -
2014-6-6 00:00:0021.2 19.7 21.2 21 1,005.7 0 91 88 140 1.4 141 1.2 154 1.1 114 1.7 134 3.4 10645 12158 19.8 20.2 19.8 22.5 24 24.7 24.7 -
2014-6-5 23:00:0021.1 19 21.2 21 1006 0 88 88 114 3.2 118 1.5 120 1.8 117 2.2 147 4.4 5009 6069 20.2 20.9 20.2 23.1 24.6 25.2 25 -
2014-6-5 22:00:0021.1 19.4 21.1 20.9 1,006.1 0 90 89 121 2.2 121 2.2 118 2.3 102 2.5 107 4.9 6011 2305 20.7 21.2 20.7 23.6 25.1 25.6 25.2 -
2014-6-5 21:00:0020.9 19.6 21 20.9 1,006.1 0 92 89 81 2.8 88 1.7 90 1.9 84 2.7 89 4.7 4463 5545 21.2 21.6 21.2 24.4 25.8 26.1 25.5 -
2014-6-5 20:00:0020.9 19 21.2 20.9 1,005.7 0 89 88 83 4.2 80 2.7 84 2.8 100 3.6 91 5.4 13114 11902 21.6 22.7 21.6 25.4 26.7 26.6 25.6 -
2014-6-5 19:00:0021.2 19.1 21.9 21.2 1,005.2 0 88 86 99 5.6 95 3.8 101 3.5 92 4.1 92 7.2 17321 15466 22.8 26.5 22.8 26.9 27.7 27.1 25.7 -
2014-6-5 18:00:0021.9 19.5 22.8 21.9 1,004.6 0 86 82 95 4.2 105 3.2 105 3.1 101 4.8 103 7.6 16890 16549 26.6 31 26.6 28.8 28.7 27.3 25.6 -
2014-6-5 17:00:0022.7 19.5 23.5 22.7 1,004.3 0 82 79 108 5.9 106 4.5 101 4.9 101 5.6 102 8.2 27173 25320 30.8 36.2 30.8 30.7 29.4 27.3 25.3 -
2014-6-5 16:00:0023.5 19.9 24.2 23.4 1,004.5 0 80 75 131 6.7 119 4.4 104 4.5 108 5.2 96 8.1 17476 16255 36.3 41.8 36.2 32.2 29.6 27 25 -
2014-6-5 15:00:0024.3 19.8 25.3 24.2 1,004.8 0 76 68 112 6.1 116 4.3 113 4.3 111 4.4 105 7.7 16403 16398 42.5 44.3 35.2 32.6 29.2 26.5 24.5 -
2014-6-5 14:00:0024.8 19 26.7 24.8 1,004.9 0 70 59 111 4.6 111 4 114 3.3 114 3.3 107 4.9 5647 5697 37.6 44.8 37.6 32.9 28.9 25.9 24 -
2014-6-5 13:00:0026.4 18.3 26.6 25.9 1,004.9 0 61 59 307 3.6 306 2.7 293 1.9 320 2.5 348 5 7626 7697 42.5 50.9 42.5 32.9 27.9 25 23.6 -
2014-6-5 12:00:0025.8 18.2 25.8 24.7 1,005.6 0 63 63 350 1.6 346 1.4 7 1.3 30 2 24 3.6 6863 6319 44.1 45.3 35.5 30.4 26.6 24.4 23.2 -
2014-6-5 11:00:0024.7 18.2 25 24.7 1,005.8 0 67 64 313 1.7 316 1.4 348 1.6 350 2.9 316 5.1 7030 7331 35.4 43.4 35.2 29.4 26 23.6 22.7 -
2014-6-5 10:00:0024.8 17.8 25 24 1,005.8 0 65 64 313 1.8 317 1.5 334 2.1 345 2.9 354 5.3 8424 8540 41.8 44.7 38 28.8 24.5 22.8 22.4 -
2014-6-5 9:00:0023.9 18.5 23.9 22.7 1,005.6 0 72 70 352 3.9 354 2.6 330 1.9 338 2.5 356 4.4 7701 7188 37.7 37.7 31.3 25.9 22.9 22.2 22.3 -
2014-6-5 8:00:0022.7 18.3 22.7 21.3 1,005.6 0 76 76 2 2.4 4 2 341 2.2 332 2.2 353 3.8 7059 7217 31.3 31.5 25 23.2 21.7 21.9 22.3 -
2014-6-5 7:00:0021.3 18.1 21.3 19.4 1,005.4 0 82 82 4 3.4 4 2.4 0 2 358 2.1 358 3.5 8322 7661 26.6 26.6 19.9 21.1 21.1 21.8 22.4 -
2014-6-5 6:00:0019.4 17.9 19.4 19 1,004.8 0 91 91 326 1.4 335 1 339 1.2 347 1.6 353 2.9 5051 4934 19.9 19.9 17.7 19.8 21 22 22.6 -
2014-6-5 5:00:0019 17.7 19.3 19 1,004.2 0 92 90 342 2.1 344 1.5 347 1.6 348 1.6 347 3.1 4809 4773 17.6 18 17.5 19.8 21.3 22.3 22.8 -
2014-6-5 4:00:0019.3 17.6 19.7 19.3 1,004.1 0 90 89 353 1.9 346 1.5 345 1.4 336 1.6 342 3.3 4775 4763 18 18.1 17.9 20.1 21.6 22.5 23 -
2014-6-5 3:00:0019.7 17.7 20.2 19.7 1,003.9 0 88 86 341 2.5 338 1.9 337 1.5 332 2.1 327 3.5 4936 5069 18.1 18.5 18.1 20.5 21.9 22.8 23.1 -
2014-6-5 2:00:0020.2 17.8 20.6 20.2 1,003.9 0 86 84 335 1.1 328 0.9 332 1.2 332 1.5 325 2.8 4980 4906 18.5 18.9 18.5 20.9 22.4 23.1 23.3 -
2014-6-5 1:00:0020.6 17.8 21.8 20.6 1,004.3 0 84 78 1 1.1 356 1 353 1 327 1.2 339 2.1 5196 5212 18.9 20.8 18.9 21.6 22.8 23.3 23.4 -
2014-6-5 00:00:0021.8 17.8 22.2 21.8 1,004.7 0 78 77 332 0.4 335 0.3 2 0.6 343 1.1 329 2.1 5849 5822 20.8 21.5 20.8 22.3 23.1 23.5 23.6 -
2014-6-4 23:00:0022.2 18 22.4 22.2 1,004.9 0 77 75 333 1.5 340 1 341 0.9 306 1.3 336 2.4 5341 5268 21.5 21.7 21.5 22.5 23.4 23.8 23.7 -
2014-6-4 22:00:0022.3 18.1 22.7 22.2 1005 0 77 74 289 0.9 291 0.9 295 0.8 293 1.4 292 2.6 3714 3409 21.7 21.7 20.9 22.8 23.7 24 23.8 -
2014-6-4 21:00:0022.7 17.8 23.1 22.7 1,004.5 0 74 72 305 0.6 321 0.4 307 0.6 306 1.7 319 2.8 4059 3878 21.6 22.4 21.6 23.4 24.2 24.3 24 -
2014-6-4 20:00:0023.1 17.8 23.7 23.1 1,004.2 0 72 69 318 2.2 309 1.7 292 1.2 259 2.3 274 3.3 4282 4367 22.2 23.8 22.2 24.1 24.7 24.5 24 -
2014-6-4 19:00:0023.7 17.7 24.2 23.7 1,003.8 0 69 65 278 2.8 267 2.1 262 2.3 281 3 280 4.8 4811 4990 23.8 26.5 23.8 25 25.2 24.7 24 -
2014-6-4 18:00:0024.2 17.4 24.3 24.1 1,003.4 0 66 63 290 3 280 2 281 2.9 288 3.7 286 6.6 6878 6731 26.6 28.7 26.6 25.9 25.5 24.8 24 -
2014-6-4 17:00:0024.3 17.1 24.5 23.8 1003 0 64 63 279 3.5 280 2.5 288 2.9 288 3.9 289 6.8 7505 7353 28.8 31.9 27 26.5 25.7 24.8 23.9 -
2014-6-4 16:00:0023.8 17.3 24.1 23.8 1,002.9 0 67 66 300 2.5 314 1.8 305 2.1 352 3.6 355 6.2 5988 5935 26.9 31.8 26.8 26.7 25.9 24.8 23.7 -
2014-6-4 15:00:0023.9 17.2 24.7 23.9 1003 0 66 60 357 5.5 357 2.7 323 2.7 288 3.7 283 8.3 5423 5157 28.2 31.4 26.2 27 26.2 24.7 23.5 -
2014-6-4 14:00:0024.5 16.2 25.4 24.5 1,003.2 0 60 57 301 3.7 302 3 286 3.8 291 3.9 276 7.1 6047 5992 30.1 38.4 29.6 28.4 26.4 24.3 23.1 -
2014-6-4 13:00:0025.4 16.5 25.8 24.8 1,003.1 0 58 56 318 4.5 335 3.2 315 3.9 294 4.5 308 8.6 7322 7189 38.9 45.2 37.2 29.6 25.6 23.6 22.7 -
2014-6-4 12:00:0024.8 16.2 24.9 24.2 1,003.9 0 59 59 284 6.4 290 4.2 283 3.7 283 4.7 291 8.2 7671 6622 37.1 40.1 34.1 27.5 24.3 22.9 22.5 -
2014-6-4 11:00:0024.3 16.6 24.3 23.4 1,004.6 0 62 61 320 6.1 309 4.2 292 4.4 287 4.5 281 9 6321 6841 38.7 38.7 29.9 25.5 23.2 22.4 22.3 -
2014-6-4 10:00:0023.5 15.8 23.6 22.6 1,004.5 0 62 62 280 5.6 283 4.5 288 2.9 290 3.6 286 6.4 7800 7674 30.4 33.3 25 23.8 22.5 22.1 22.2 -
2014-6-4 9:00:0022.7 16 23 22.7 1,004.6 0 66 65 299 4.2 296 2.7 289 3.6 286 3.6 285 7.8 8080 7859 25.8 29.2 25.8 23.2 22 21.9 22.2 -
2014-6-4 8:00:0022.8 16.4 22.8 21.8 1,004.5 0 67 67 294 3.6 290 2.2 309 2.6 292 3.5 306 5.9 7387 7148 27.5 27.5 23.8 22.3 21.4 21.6 22.2 -
2014-6-4 7:00:0021.8 16.3 21.8 20.6 1,004.3 0 71 71 286 3.7 289 2.4 286 2.5 268 2.8 288 5.4 5399 5502 23.7 24.9 19.7 20.8 20.8 21.6 22.3 -
2014-6-4 6:00:0020.6 16.2 20.6 20.3 1,004.2 0 76 76 276 3.8 281 2.2 282 1.7 308 2.6 326 5 5124 4920 19.7 20.3 18.3 19.8 20.7 21.7 22.4 -
2014-6-4 5:00:0020.4 16.2 20.4 20.2 1004 0 77 77 320 2.7 317 1.7 313 1.9 310 3 308 5.9 5077 5058 18.4 18.8 18.4 19.5 20.8 21.9 22.6 -
2014-6-4 4:00:0020.2 16.8 20.3 20.1 1,003.9 0 81 80 297 5.4 301 2.7 306 2.6 306 2.6 316 5.7 4264 4189 18.5 18.8 18.1 19.6 21.1 22.1 22.7 -
2014-6-4 3:00:0020.2 16.6 20.2 20 1,003.8 0 80 80 291 1.8 287 1.4 281 2 292 2.1 272 4 4512 4534 18.8 18.9 18.2 19.8 21.3 22.3 22.9 -
2014-6-4 2:00:0020.1 16.9 20.2 20 1,003.8 0 82 82 276 2.4 291 1.6 287 2.1 264 2.3 287 4.9 4267 4383 18.2 18.9 18.2 20 21.6 22.6 23.1 -
2014-6-4 1:00:0020.2 17 20.4 20.2 1,004.4 0 82 79 268 3.2 269 2.2 264 2.3 278 2.5 283 3.9 4284 4662 18.9 19.2 18.9 20.5 22 22.9 23.3 -
2014-6-4 00:00:0020.4 16.6 20.7 20.4 1,004.6 0 79 78 258 2.9 264 2 281 1.9 299 2.5 299 4.1 5758 5581 19.1 19.8 19 20.9 22.3 23.2 23.5 -
2014-6-3 23:00:0020.7 16.7 20.9 20.7 1,004.8 0 78 77 336 2.5 320 1.5 316 2 297 2.8 289 5.2 5918 5896 19.7 20.3 19.6 21.4 22.7 23.5 23.7 -
2014-6-3 22:00:0020.9 16.9 21.5 20.9 1,005.1 0 78 74 297 3.1 294 1.9 312 1.8 331 2.3 327 4.8 7028 7067 20.1 21 20.1 21.9 23.1 23.7 23.8 -
2014-6-3 21:00:0021.5 16.7 21.9 21.5 1005 0 74 72 331 2.7 325 1.9 316 2.1 346 2.9 355 5.4 7522 7125 21 21.5 21 22.4 23.6 24 24 -
2014-6-3 20:00:0021.9 16.6 22.3 21.9 1,004.6 0 72 69 347 1.8 337 0.8 336 1.2 309 2.7 292 5.5 6892 7045 21.5 22 21.5 22.8 24 24.3 24.1 -
2014-6-3 19:00:0022.3 16.3 22.6 22.3 1,004.4 0 69 68 313 3.8 310 2.8 314 2.3 326 2.9 335 5.8 9253 9224 22 23.1 22 23.5 24.6 24.6 24.2 -
2014-6-3 18:00:0022.6 16.4 23.1 22.6 1,003.7 0 68 65 294 3.2 305 2.1 308 2.3 298 4.3 291 9.1 8933 8730 23.1 24.2 23.1 24.5 25.2 24.9 24.2 -
2014-6-3 17:00:0023.2 16.3 23.5 23.2 1,003.4 0 65 64 294 5.9 289 4.5 293 3.7 296 4.8 282 10.6 11302 11218 24.2 27 24.2 25.7 25.8 25 24.1 -
2014-6-3 16:00:0023.5 16.3 24.6 23.5 1003 0 64 57 328 6.7 330 4.6 314 4.3 313 4.7 316 8.5 9788 10368 26.8 33.6 26.8 27.1 26.1 24.9 23.9 -
2014-6-3 15:00:0024.5 16 24.5 23.5 1,003.2 0 59 59 298 4.9 291 3.3 293 3 289 4.5 291 8 12267 10342 33.5 33.7 28.4 27.4 25.7 24.6 23.8 -
2014-6-3 14:00:0023.5 16.1 24 23.4 1,003.4 0 63 59 297 3.9 308 3.2 312 3.4 315 4.3 309 9.7 9048 8537 29 30.9 28.2 26.8 25.6 24.4 23.6 -
2014-6-3 13:00:0023.6 15.6 23.7 23.5 1,003.4 0 61 60 311 6.5 315 4.4 293 4 284 4.3 277 7.9 9837 9527 29.8 30.8 27.5 26.7 25.4 24.1 23.3 -
2014-6-3 12:00:0023.5 15.8 23.8 23.5 1,003.7 0 62 60 287 4.5 302 3.7 300 3.3 278 4.7 266 7.8 8292 8399 29.5 33.7 29 27.4 25.1 23.6 23 -
2014-6-3 11:00:0023.5 15.8 23.6 23.2 1004 0 62 61 270 5.3 271 4.4 279 4 285 5 268 8.6 8177 9238 30.4 36.7 30.4 27.2 24.3 22.9 22.7 -
2014-6-3 10:00:0023.4 16.2 23.4 22.5 1,004.3 0 64 63 269 8.3 290 4.2 283 4.2 293 4.7 285 8.9 8476 9941 34.9 34.9 27.5 25.3 22.8 22.4 22.6 -
2014-6-3 9:00:0022.4 16 22.4 21.6 1,004.1 0 67 66 297 4.8 295 3.3 294 3.3 270 5 276 8.3 12129 10466 28 28 24.8 22.8 22.1 22.1 22.5 -
2014-6-3 8:00:0021.7 16.2 21.7 20.9 1,004.2 0 71 70 292 5.2 278 3.9 288 3.6 281 4.1 273 8.3 9988 9352 25.5 26.4 22.5 22 21.5 21.9 22.6 -
2014-6-3 7:00:0020.9 16.1 20.9 19.9 1,004.5 0 74 74 271 5.7 270 3 271 2.9 277 3.8 278 7.1 7958 8823 22.9 24 20.5 20.8 21 21.9 22.7 -
2014-6-3 6:00:0019.9 17.1 19.9 19.7 1,004.6 0 84 81 277 2.6 270 2.2 266 2.2 265 2.4 268 3.8 5518 5677 20.4 20.4 18 19.5 21 22.1 22.9 -
2014-6-3 5:00:0019.9 16.5 20.4 19.9 1,004.1 0 81 79 272 3 272 2.3 268 1.8 289 3.1 294 5.7 7659 7561 18.2 19.1 18.2 19.7 21.2 22.3 23.1 -
2014-6-3 4:00:0020.4 16.6 20.4 20.3 1,003.7 0 79 78 291 2.9 288 2.5 291 2.9 285 3.1 288 5.3 8846 8504 19.1 19.2 18.8 20 21.3 22.5 23.3 -
2014-6-3 3:00:0020.2 16.2 20.2 20.2 1,003.5 0 78 75 285 5.4 285 3.5 286 2.9 288 3.2 287 5.4 9922 10637 18.7 18.7 18.4 19.8 21.5 22.8 23.6 -
2014-6-3 2:00:0020.2 15.8 20.2 20 1,003.8 0 76 75 281 2.7 282 2.2 299 2.4 278 3.1 291 6.6 21719 20429 18.4 18.5 17.9 19.9 21.9 23.2 23.8 -
2014-6-3 1:00:0020.1 15.7 20.3 20.1 1,003.9 0 76 76 306 1.6 313 1.4 316 2.5 309 3.8 308 7.2 20103 19807 18.2 18.8 18.2 20.3 22.3 23.5 24.1 -
2014-6-3 00:00:0020.1 16.7 20.4 20.1 1,004.2 0 81 81 298 3 321 2.3 305 2.8 305 2.8 284 5.6 10093 10573 18.6 19.3 18.6 20.9 22.8 23.9 24.4 -
2014-6-2 23:00:0020.4 17 21.3 20.4 1,004.7 0 81 79 316 1.7 307 1.5 312 2.7 287 4.7 315 9 13145 12893 19.4 20.2 19.4 21.6 23.3 24.3 24.6 -
2014-6-2 22:00:0021.3 17.5 21.8 21.3 1,004.5 0 79 76 289 4.5 285 3 285 3.3 284 4.5 284 8.7 6751 7061 19.7 20.2 19.7 21.8 23.8 24.8 24.9 -
2014-6-2 21:00:0021.8 17.4 22 21.8 1,003.9 0 76 75 295 5.6 290 3.5 282 3.8 282 5 290 9.1 7579 7829 20.2 20.6 20.2 22.5 24.5 25.3 25.2 -
2014-6-2 20:00:0022 17.4 22.6 22 1,003.1 0 75 71 283 5.2 287 3.8 283 4.5 288 5.3 270 10.7 9461 9487 20.7 21.6 20.7 23.4 25.4 25.9 25.5 -
2014-6-2 19:00:0022.6 17.1 23.6 22.6 1,001.9 0 71 69 291 6.7 288 5.8 293 4.3 293 6.6 315 11.3 10507 11463 21.6 24.5 21.6 24.8 26.5 26.4 25.6 -
2014-6-2 18:00:0023.7 17.9 25.1 23.7 1,001.6 0 70 62 294 10.4 297 5.7 291 6.6 292 7.4 288 13.9 10367 10807 24.5 28.5 24.4 26.8 27.5 26.8 25.6 -
2014-6-2 17:00:0025.1 17.6 25.9 25.1 1,001.5 0 63 63 298 11.1 297 8.1 293 7.5 293 7.5 290 13.1 12137 10605 28.3 32.5 28.3 28.5 28.2 27 25.5 -
2014-6-2 16:00:0025.9 18.6 27 25.8 1,001.1 0 64 58 287 7.9 290 4.9 288 5.9 289 7.3 289 13.1 12942 11247 32.2 35.4 31.2 30.1 28.6 26.8 25.3 -
2014-6-2 15:00:0027 17.8 27.2 26.9 1,001.2 0 57 55 286 9.6 281 6.9 284 6 274 6.9 300 13.6 10357 13242 34.4 36.3 33.2 30.6 28.4 26.5 25 -
2014-6-2 14:00:0027.2 18.2 27.5 26.9 1,001.1 0 58 58 293 8.5 289 6.2 291 5.4 281 6.7 287 12.6 12015 11349 35.7 36.3 33.2 30.3 28.1 26.1 24.7 -
2014-6-2 13:00:0027.3 19.4 27.3 26.6 1,000.8 0 62 62 262 9 266 6.6 282 5.6 285 5.8 305 10.7 11397 9016 36 36.1 34 30.2 27.6 25.6 24.3 -
2014-6-2 12:00:0027.1 20 27.4 26.8 1,000.9 0 65 61 308 8.6 315 5.6 303 5.3 292 7.3 282 13 6804 7280 35.4 35.6 33.4 29.6 27 25.1 24 -
2014-6-2 11:00:0027.1 19.7 27.2 26.8 1,001.4 0 64 62 285 9.5 284 5.5 286 6.2 287 7 271 11.5 8666 8959 34 34 32.2 29 26.3 24.5 23.6 -
2014-6-2 10:00:0026.9 19.8 27.1 25.8 1,001.2 0 65 64 287 7.8 280 6.3 279 5.3 287 6.1 269 11.5 10317 10151 32.3 33.2 30.4 28.3 25.4 23.9 23.4 -
2014-6-2 9:00:0025.8 20.4 25.9 25.2 1,001.4 0 72 72 282 9.1 284 5.9 287 5.5 289 5.6 294 9.3 8182 7608 31.1 31.2 28.2 26.7 24.4 23.4 23.2 -
2014-6-2 8:00:0025.3 20.6 25.5 23.9 1,001.2 0 75 74 291 6 297 4.2 289 4 278 4.2 294 8.2 7052 7212 28.6 29.8 26.6 25.4 23.5 23.1 23.1 -
2014-6-2 7:00:0023.9 21.4 23.9 22.9 1001 0 86 86 262 3.5 260 2.8 258 3.2 248 3.6 255 6.6 4072 4048 26.5 26.5 23 23.4 22.9 23 23.2 -
2014-6-2 6:00:0022.9 21.4 22.9 22.7 1,001.1 0 91 91 248 2.7 256 2.4 261 2.5 273 3.1 277 5.8 3508 3340 23 23 21.7 22.3 22.8 23.1 23.2 -
2014-6-2 5:00:0022.9 21.9 23.3 22.9 1,000.8 0 94 94 274 4.4 271 2.4 271 2.7 272 2.8 271 4.8 3006 2763 21.9 22.5 21.9 22.5 22.9 23.1 23.2 -
2014-6-2 4:00:0023.2 22.7 23.3 23.2 1,000.1 0 97 97 244 2.6 244 1.9 246 1.6 254 2.2 250 4.1 1457 1352 22.4 22.7 22.2 22.7 23 23.2 23.3 -
2014-6-2 3:00:0023.3 22.8 23.9 23.3 999.8 0 97 95 243 2.4 247 2 260 1.9 248 2.5 238 4.2 1573 1481 22.6 23.2 22.6 22.9 23.1 23.2 23.3 -
2014-6-2 2:00:0023.9 23 24.2 23.9 1000 0 95 95 249 2.9 248 2.2 249 2.5 236 3.3 237 5.1 2171 2217 23.2 23.2 23 23 23 23.2 23.3 -
2014-6-2 1:00:0024 23.1 24 23 1000 0.3 95 94 238 4.3 237 3.7 234 2.8 234 2.8 235 5 3013 2904 23 23 22.5 22.7 22.9 23.2 23.4 -
2014-6-2 00:00:0023 22.3 23 22.5 1,000.2 0 96 96 194 3.4 190 2.5 185 2.3 154 3 155 4.9 3548 3580 22.5 22.5 22.2 22.6 22.9 23.2 23.5 -
2014-6-1 23:00:0022.5 22 22.5 22.4 1,000.6 0 97 96 138 3 137 2.3 136 2.4 133 3.2 125 5.2 4917 4498 22.2 22.2 22.1 22.5 23 23.3 23.5 -
2014-6-1 22:00:0022.5 21.8 22.5 22.4 1,000.9 0 96 96 136 3.4 122 2.8 125 2.6 113 3.1 115 6.2 6408 6300 22.1 22.2 22.1 22.6 23.1 23.4 23.6 -
2014-6-1 21:00:0022.4 21.7 22.4 22.3 1,001.3 0.1 96 95 113 5.1 115 3.1 112 2.8 119 3.7 122 6.4 8649 7679 22.1 22.1 22 22.6 23.2 23.5 23.7 -
2014-6-1 20:00:0022.3 21.5 22.4 22.3 1,001.1 0 95 94 138 6.6 128 3.7 130 2.9 136 4 132 8.2 6106 10794 22 22.3 21.9 22.7 23.4 23.7 23.8 -
2014-6-1 19:00:0022.4 21.4 22.4 22.3 1,000.8 0 94 94 157 5.3 153 4.5 146 3.5 148 4 129 8.7 18048 17046 22.3 23.1 22.3 23.1 23.5 23.8 23.8 -
2014-6-1 18:00:0022.4 21.6 22.4 22.3 1,000.5 0 95 94 144 5.8 137 2.4 144 3 147 4.2 134 9.1 15557 16111 23.2 23.3 23.1 23.4 23.6 23.8 23.9 -
2014-6-1 17:00:0022.3 21.5 22.3 21.8 1,000.9 1.9 95 95 127 6.4 134 3.8 144 3.6 130 4.7 150 9.9 11425 11743 23.3 23.4 21.9 23.2 23.6 23.9 24 -
2014-6-1 16:00:0022 21 22 21.9 1,002.4 3.5 94 94 137 5.9 133 4.1 138 3.7 127 3.7 142 8 6604 7086 22.1 22.3 22 23.2 23.9 24.1 24 -
2014-6-1 15:00:0021.9 20.9 22.6 21.9 1003 6.3 94 89 154 3 142 3.1 142 2.8 148 4.3 119 9.4 5406 5434 22.1 24.6 22 23.7 24.3 24.2 24 -
2014-6-1 14:00:0022.6 20.7 22.7 22.3 1003 0 89 89 151 6.3 138 3.7 134 3.8 136 4.4 111 9 14629 16026 24.7 26 23.8 24.8 24.5 24.2 23.9 -
2014-6-1 13:00:0022.5 20.8 22.9 22.5 1,003.4 0 90 89 113 7.7 111 4.1 122 4.1 118 5.3 119 9.4 14576 15125 25.2 27.9 25 25.3 24.5 24 23.8 -
2014-6-1 12:00:0022.7 21.2 22.8 22.2 1,004.3 0 91 90 124 7.2 122 4.4 122 4.1 121 5.3 113 10.9 16456 15363 27.2 28.1 24.1 24.9 24 23.7 23.8 -
2014-6-1 11:00:0022.2 21 22.3 21.8 1,005.1 0 93 93 110 6.2 121 3.8 129 3.9 131 4.1 145 8.4 9356 11814 23.9 26.6 23 23.9 23.5 23.6 23.8 -
2014-6-1 10:00:0021.8 21 21.9 21.7 1,005.5 2.3 95 94 135 4.6 137 3.1 132 3.7 125 4.2 131 8.2 12130 10839 22.8 22.9 21.9 23 23.3 23.6 23.8 -
2014-6-1 9:00:0021.9 20.9 22.1 21.9 1,006.2 0.1 94 92 153 3.5 146 2.7 142 3 118 3.8 120 7.1 3479 6658 22.2 23.1 22 23 23.3 23.6 23.9 -
2014-6-1 8:00:0022.1 20.6 22.1 22 1,006.3 0 91 90 111 6.3 107 4 116 3.8 114 4.6 138 7.5 13391 12899 22.9 23.5 22.6 23.1 23.2 23.6 24 -
2014-6-1 7:00:0022 20.5 22 21.8 1,006.3 0 91 90 125 6.8 116 5.2 110 4.4 110 4.4 112 8.6 11611 11145 22.7 23.1 21.7 22.7 23.1 23.7 24.1 -
2014-6-1 6:00:0021.8 20.1 21.8 21.5 1,006.6 0 90 90 148 5.6 141 4.5 128 3.4 126 4.2 135 7.3 11883 11421 21.6 21.7 20.9 22.2 23.1 23.8 24.2 -
2014-6-1 5:00:0021.5 19.8 21.7 21.5 1,006.8 0.4 90 87 131 4.1 133 3 130 3.1 142 3.7 127 7.2 12472 11297 20.9 20.9 20.6 22.2 23.2 24 24.4 -
2014-6-1 4:00:0021.7 19.4 21.9 21.7 1007 0 87 86 127 5 142 2.8 140 3.4 156 4 128 7 13029 11972 20.9 21.2 20.8 22.4 23.5 24.2 24.6 -
2014-6-1 3:00:0021.9 19.6 21.9 21.5 1,007.2 0 87 87 149 6.3 161 4.2 159 4.1 156 4.6 137 8.2 15773 15544 21.1 21.2 21 22.6 23.7 24.4 24.8 -
2014-6-1 2:00:0021.5 20 21.5 21.4 1,007.6 0.3 91 91 167 5 160 3.7 148 3.8 148 4.2 156 9.1 11126 11793 21 21 20.8 22.7 23.9 24.6 24.9 -
2014-6-1 1:00:0021.5 20.1 21.5 21.4 1,008.5 0 92 91 124 5.1 121 3.1 134 3.4 134 4 125 8.3 7047 8878 21 21.3 20.9 23 24.2 24.9 25.1 -
