2014-7-1 1:00:0021.9 20.2 22 21.7 1,009.9 0 90 89 78 1.6 77 1.4 80 1.2 101 2.4 100 4.1 4412 4247 21.6 21.6 21.3 22.4 23.2 23.8 24.2 -
2014-7-1 00:00:0021.7 20 21.8 21.6 1,010.2 0 90 89 104 1.6 103 1.3 113 1.5 113 1.5 141 2.4 4637 4618 21.3 21.3 21.2 22.4 23.3 24 24.3 -
2014-6-30 23:00:0021.9 19.8 21.9 21.9 1,010.3 0 88 87 98 1.5 99 1.1 120 0.5 154 1.6 167 3 4435 4803 21.2 21.3 21.2 22.5 23.6 24.2 24.5 -
2014-6-30 22:00:0021.9 19.6 22.1 21.9 1011 0 87 87 161 2 161 1.7 155 1.5 134 2.5 147 4.6 5303 5286 21.3 21.5 21.3 22.7 23.9 24.5 24.7 -
2014-6-30 21:00:0022.1 20.4 22.3 22.1 1,010.7 0 90 87 130 2.8 134 1.9 128 2.1 168 2.5 174 4.4 3397 3409 21.5 21.8 21.5 23.1 24.2 24.8 24.9 -
2014-6-30 20:00:0022.3 20 22.6 22.3 1,010.6 0 87 85 169 2 168 1.6 168 1.9 127 2.7 137 4.1 2612 2633 21.8 22.4 21.8 23.6 24.7 25.1 25 -
2014-6-30 19:00:0022.6 20 23.2 22.6 1,009.8 0 85 82 119 4 113 3.3 123 2.5 161 2.7 156 4.5 2848 2693 22.4 24.1 22.4 24.3 25.2 25.4 25.1 -
2014-6-30 18:00:0023.2 20 23.5 23.2 1010 0 82 76 169 2.9 165 2.3 158 2.7 159 3.6 159 5.5 3532 3611 24 24.4 23.8 25 25.6 25.6 25.2 -
2014-6-30 17:00:0023.5 19 24.2 23.5 1010 0 76 70 181 2.5 184 2.1 184 2.1 162 3.4 171 5.3 4314 4180 24.4 25.8 24.4 25.6 26.2 25.8 25.2 -
2014-6-30 16:00:0024.2 18.4 25.5 24.2 1,009.6 0 70 64 165 4.2 152 3.1 162 3.1 159 3.2 173 5.3 5293 5325 25.8 28.8 25.5 26.7 26.7 26 25.1 -
2014-6-30 15:00:0025.5 18.4 26.1 25.5 1,009.9 0 65 53 163 3.3 157 2.5 157 2.4 168 2.9 159 4.8 6233 6627 28.2 32.1 28.1 27.9 27.1 25.9 24.9 -
2014-6-30 14:00:0026 16.5 26.5 25.9 1,010.3 0 56 51 192 2.3 190 2 186 2.5 188 3.7 179 5.1 14302 12711 30.8 34.7 30.2 29.1 27 25.5 24.6 -
2014-6-30 13:00:0026.2 15.3 26.7 26.2 1010 0 51 45 190 4.9 192 4.3 188 3.7 189 3.7 195 6 16460 17628 31.9 37.4 31.9 29.2 26.7 25 24.3 -
2014-6-30 12:00:0026.3 14.4 26.3 25.1 1,010.3 0 48 46 141 2.8 128 2.4 157 1.7 197 2.4 197 4.1 35000 34215 36.5 37 30 28.5 25.5 24.5 24.1 -
2014-6-30 11:00:0025.1 14.9 25.1 23.6 1,010.3 0 53 52 195 2.3 195 1.9 196 1.6 168 2.1 154 3.4 24493 21927 29.9 31.1 28.4 26.4 24.7 24.1 24 -
2014-6-30 10:00:0023.6 16.6 23.6 22.9 1,010.3 0 65 65 185 2.4 183 1.7 175 1.7 180 3.6 169 6.1 16316 15986 28.5 28.5 26 24.9 24.1 23.9 24 -
2014-6-30 9:00:0022.9 17.6 23 22.3 1010 0 72 70 162 4.3 161 3.3 163 2.6 165 3.5 177 6.6 10532 10154 26.4 26.8 23.9 24 23.7 23.9 24 -
2014-6-30 8:00:0023 21.8 23 22.9 1,010.1 0.7 93 92 165 3.9 173 3 171 3.2 171 3.2 169 5.7 2821 2861 24.2 24.2 22.9 23.6 23.6 23.9 24.1 -
2014-6-30 7:00:0023 22.2 23 22.9 1,009.8 0.6 95 94 151 1.8 148 1.4 128 1.7 118 1.8 106 2.7 1962 2162 23 23.2 22.7 23.3 23.6 24 24.2 -
2014-6-30 6:00:0022.9 21.9 22.9 22.7 1,009.7 0.3 94 94 96 0.4 122 0.3 169 0.5 177 1.2 134 1.7 2462 2458 22.7 22.8 22.3 23.1 23.6 24.1 24.3 -
2014-6-30 5:00:0022.7 21.9 22.9 22.7 1009 0 95 94 69 0.6 71 0.6 74 1 76 1.7 77 2.2 2372 2362 22.3 22.4 22.3 23.1 23.8 24.2 24.5 -
2014-6-30 4:00:0022.9 21.9 22.9 22.8 1,008.8 0.2 94 93 79 2.2 80 1.9 76 1.7 14 1.9 14 3 2278 2455 22.3 22.5 22.3 23.3 24 24.4 24.6 -
2014-6-30 3:00:0022.9 21.9 23.3 22.9 1,008.7 0.1 94 91 105 1.2 118 0.7 112 1 108 1 162 1.3 2104 1706 22.5 22.7 22.5 23.4 24.1 24.6 24.7 -
2014-6-30 2:00:0023.3 21.7 23.6 23.3 1,008.5 0 91 88 168 1.3 165 0.8 166 0.9 168 0.9 168 1.3 3096 2580 22.7 22.7 22.6 23.6 24.3 24.7 24.9 -
2014-6-30 1:00:0023.6 21.3 24 23.6 1,008.2 0 87 85 103 0.6 104 0.5 131 0.7 133 1.6 118 2.5 2939 2944 22.6 22.8 22.5 23.7 24.5 25 25.1 -
2014-6-30 00:00:0024 21.1 24.3 24 1,008.3 0 84 82 153 2 157 1.7 158 1.3 144 1.6 146 2.9 3478 3477 22.8 23 22.8 24 24.8 25.2 25.3 -
2014-6-29 23:00:0024.3 21 24.4 24.3 1,008.5 0 82 82 153 1.7 154 1.4 167 1.6 165 1.8 156 3.1 3646 3686 23 23.3 23 24.3 25.1 25.5 25.5 -
2014-6-29 22:00:0024.4 21.5 24.8 24.4 1,008.7 0 84 80 150 1.4 156 0.9 150 1.1 169 2 167 3.5 3249 3235 23.3 23.4 23.3 24.6 25.5 25.9 25.7 -
2014-6-29 21:00:0024.8 20.9 25.4 24.8 1,008.4 0 79 74 162 3.2 163 2.2 170 1.9 161 2.2 166 3.7 4195 4420 23.3 23.9 23.2 24.9 26 26.2 25.9 -
2014-6-29 20:00:0025.4 20.2 26.3 25.4 1,007.7 0 73 70 109 1.4 136 1.2 151 1.4 165 2.4 167 4.1 5807 5615 23.9 24.7 23.9 25.7 26.7 26.6 26 -
2014-6-29 19:00:0026.3 20.6 27.8 26.3 1,006.9 0 71 65 158 2.9 160 1.6 162 1.8 166 2.8 162 4.2 5947 5791 24.7 26.6 24.7 26.8 27.5 27 26 -
2014-6-29 18:00:0027.8 20.6 29 27.8 1,006.4 0 65 56 170 2.8 167 2.4 168 2.6 174 2.6 165 4.5 5546 4610 26.6 29.9 26.6 28.4 28.3 27.2 25.9 -
2014-6-29 17:00:0029 19.6 29.4 29 1,006.3 0 57 56 199 1.4 213 1.3 219 1.2 188 1.6 178 2.5 3288 3291 29.9 34.4 29.9 30.1 28.8 27.1 25.7 -
2014-6-29 16:00:0029.2 20.4 29.5 29.2 1,006.4 0 59 56 197 1.3 194 1 188 1.7 192 2.1 217 3.2 3285 3234 32.9 36.5 32.9 31.3 28.9 26.8 25.4 -
2014-6-29 15:00:0029.2 19.8 29.2 28.6 1,006.6 0 57 57 249 2 249 1.5 206 1.8 168 2.6 156 4.1 3288 3482 35.7 38.2 34.2 31.5 28.5 26.4 25 -
2014-6-29 14:00:0028.6 19.8 29 28.5 1,006.9 0 59 56 195 2.1 192 1.3 188 1.9 176 2.1 193 3.4 3264 3417 34.4 39.3 33 30.6 28 25.9 24.6 -
2014-6-29 13:00:0028.4 20.7 28.4 27.9 1,007.3 0 63 58 185 2.9 176 1.6 179 1.7 183 2.4 175 4.4 3444 3626 37.2 37.2 32.9 30.2 27.3 25.3 24.2 -
2014-6-29 12:00:0027.9 19.7 28.1 27.1 1,007.7 0 61 58 164 3.3 165 2 184 2.2 188 2.4 184 3.8 3771 3926 35.6 37.1 34.6 30.3 26.4 24.6 23.9 -
2014-6-29 11:00:0027.1 19.2 27.1 25.5 1,007.8 0 62 59 196 2.4 188 1.9 194 1.9 193 2.4 191 3.3 5697 5920 35 35 28.5 28 25.1 24 23.6 -
2014-6-29 10:00:0025.5 18.7 25.5 25 1,008.2 0 66 64 217 2.1 203 1.7 196 1.6 221 1.9 239 3.1 5380 5295 28.4 29.9 27.8 26 24.4 23.6 23.5 -
2014-6-29 9:00:0025 19.1 25 23.7 1,007.8 0 70 69 198 1.9 195 1.6 187 1.6 202 2.2 205 3.9 4461 4559 28.7 28.8 25.9 25.1 23.6 23.3 23.4 -
2014-6-29 8:00:0023.7 19.8 23.7 22.3 1,007.9 0 79 79 185 1.6 185 1.4 192 1.4 193 1.5 193 2.5 3629 3580 25.9 25.9 23 23.7 23 23.2 23.5 -
2014-6-29 7:00:0022.3 19.8 22.3 21.5 1,007.4 0 86 85 171 1.2 172 0.9 177 1.2 182 1.5 178 2.4 3453 3580 22.9 22.9 21.6 22.5 22.7 23.2 23.6 -
2014-6-29 6:00:0021.5 20.1 21.5 21.1 1,007.3 0 92 92 176 1.3 180 0.8 182 0.9 184 0.9 185 1.6 3134 3161 21.6 21.6 21 22.1 22.8 23.4 23.7 -
2014-6-29 5:00:0021.1 20.1 21.2 21.1 1007 0 94 93 176 0.7 183 0.6 152 0.5 79 0.8 76 1 2971 3106 21 21.1 21 22.1 22.9 23.5 23.9 -
2014-6-29 4:00:0021.2 19.8 21.5 21.2 1,006.7 0 92 89 103 0.6 102 0.5 107 0.4 77 0.9 194 1.1 2868 2952 21.1 21.2 21.1 22.2 23.2 23.8 24 -
2014-6-29 3:00:0021.5 19.8 21.5 21.4 1,006.7 0 90 90 177 1.1 175 0.8 167 0.6 181 0.9 167 1.9 3785 3565 21.2 21.3 21.2 22.4 23.4 24 24.2 -
2014-6-29 2:00:0021.5 20.5 22.1 21.5 1,006.8 0 94 91 169 0.7 167 0.6 141 0.3 185 0.6 188 1.1 2140 1908 21.2 21.6 21.2 22.7 23.7 24.2 24.4 -
2014-6-29 1:00:0022.1 20.4 22.6 22.1 1,007.3 0 90 88 173 0.7 180 0.4 189 0.4 204 0.9 203 1.4 2961 3004 21.6 22.1 21.6 23.1 24.1 24.5 24.6 -
2014-6-29 00:00:0022.6 20.5 23 22.6 1,007.8 0 88 87 192 1.1 196 1 203 1 195 1.1 195 1.9 3508 3477 22.1 22.4 22.1 23.5 24.4 24.8 24.7 -
2014-6-28 23:00:0023.1 20.8 23.6 23.1 1,008.1 0 87 86 219 1.5 222 0.9 215 1 189 1.7 190 3.2 3487 3570 22.4 23.3 22.4 24 24.8 25 24.9 -
2014-6-28 22:00:0023.6 21.9 23.8 23.6 1,008.2 0 90 88 186 1.3 193 1 195 0.8 184 1.4 189 2.4 3418 3512 23.3 23.6 23.3 24.5 25.2 25.3 25 -
2014-6-28 21:00:0023.8 21.7 24.9 23.8 1,007.8 0.2 88 82 173 1.7 177 1.2 177 1.2 185 2.2 27 3.8 3429 3339 23.6 24.2 23.5 24.9 25.6 25.6 25.2 -
2014-6-28 20:00:0024.9 21.8 25.6 24.9 1,007.3 0 83 79 77 2.6 82 1.8 112 1 185 2.9 186 5.5 3686 3726 24.2 24.9 24.2 25.5 26.1 25.9 25.3 -
2014-6-28 19:00:0025.7 21.8 26.4 25.7 1,006.1 0 79 79 183 3.2 182 2.2 177 2 183 2.3 189 4.1 2938 2769 24.9 26.2 24.9 26.3 26.8 26.2 25.3 -
2014-6-28 18:00:0026.4 22.5 27.1 26.4 1,005.5 0 79 77 191 1.9 197 1.4 198 1.8 195 2.3 184 4.1 2441 2416 26.2 28.9 26.2 27.5 27.4 26.4 25.2 -
2014-6-28 17:00:0027 22.8 27.7 27 1,005.2 0 78 75 224 2.5 213 1.8 197 2.2 183 3.9 188 6.6 2847 2894 29 31.3 29 28.9 27.8 26.3 25 -
2014-6-28 16:00:0027.7 23.1 28.5 27.7 1,005.3 0 76 68 186 3.9 189 3.1 185 3.1 184 3.4 183 5.3 3475 3067 31.2 32.6 30.9 29.6 27.9 26.1 24.7 -
2014-6-28 15:00:0028.4 21.7 28.6 28.3 1,005.8 0 67 65 211 3 224 1.8 232 2.2 238 2.2 216 3.8 2577 2594 32.3 34.8 31.8 30.1 27.9 25.8 24.4 -
2014-6-28 14:00:0028.4 21.2 28.4 27.6 1,006.2 0 65 65 260 3.5 259 1.6 227 1.8 182 2.3 169 3.8 2570 2463 34.5 35.8 32.9 30.6 27.4 25.3 24 -
2014-6-28 13:00:0027.6 21.6 27.8 27.3 1,006.3 0 70 68 251 2.1 251 1.6 233 1.5 233 1.7 195 3 2730 2683 32.8 35.4 30.9 29.5 27 24.8 23.5 -
2014-6-28 12:00:0027.7 21.5 27.9 26.9 1,006.7 0 69 67 172 1.7 168 1.3 178 1.5 285 1.6 260 2.9 2692 2653 35.4 38.2 35.3 30.5 26.2 24 23.1 -
2014-6-28 11:00:0027 21.3 27 25.8 1,007.2 0 71 70 314 2.1 309 1.6 327 1.1 302 2.2 310 3.9 2694 2796 35.8 35.8 31.7 28.3 24.9 23.3 22.7 -
2014-6-28 10:00:0025.8 21.7 25.8 24.3 1,007.3 0 78 78 296 2.2 293 1.9 244 1.3 225 2 195 3.4 2662 2717 33.3 33.4 28.9 26.7 23.7 22.6 22.4 -
2014-6-28 9:00:0024.3 21.8 24.3 22.5 1,007.3 0 86 85 251 2.5 234 1.5 200 1.8 197 2 198 2.9 2915 3219 30.2 30.2 25.3 24.7 22.6 22.2 22.3 -
2014-6-28 8:00:0022.5 21.7 22.5 21.7 1,007.1 0 95 95 250 1.7 227 1.3 203 1.1 181 1.4 183 2.2 2321 2350 25.3 25.3 23.4 22.7 21.9 22 22.3 -
2014-6-28 7:00:0021.7 21.5 21.7 20.6 1,007.2 0 99 99 173 1 174 0.9 177 0.5 19 0.8 8 1 1934 1686 23.4 23.4 20.6 21.4 21.4 21.9 22.4 -
2014-6-28 6:00:0020.6 20.4 20.6 20.1 1007 0 99 98 11 0.6 11 0.5 - 0.1 183 0.6 189 0.9 1371 1200 20.6 20.6 19.3 20.6 21.3 22 22.5 -
2014-6-28 5:00:0020.1 19.8 20.3 20 1,006.4 0 98 98 - 0 - 0 - 0 193 0.8 191 1 150 318 19.3 19.5 19.2 20.5 21.5 22.2 22.7 -
2014-6-28 4:00:0020.2 19.9 20.3 20.1 1,006.1 0 98 97 173 0.3 - 0.2 - 0.1 - 0.2 13 0.3 1496 1327 19.5 19.6 19.4 20.7 21.7 22.4 22.8 -
2014-6-28 3:00:0020.3 19.8 21 20.3 1,006.1 0 97 97 - 0.1 - 0 - 0 11 0.6 13 0.8 158 318 19.6 20.3 19.6 21 22 22.5 22.9 -
2014-6-28 2:00:0021 20.7 21.2 21 1,006.5 0 98 97 197 0.6 200 0.3 194 0.4 202 0.8 252 1.2 1201 1144 20.3 20.6 20.3 21.4 22.1 22.7 23 -
2014-6-28 1:00:0021.1 20.8 21.1 20.7 1,006.6 0 98 97 198 1 196 0.9 218 0.6 344 0.7 341 1 2141 2286 20.6 20.6 20.1 21.5 22.3 22.9 23.2 -
2014-6-28 00:00:0020.7 20.2 21.5 20.6 1,007.3 0 97 96 350 0.9 345 0.7 - 0.2 - 0.2 350 0.9 2401 1737 20.1 20.6 20 21.6 22.6 23.1 23.3 -
2014-6-27 23:00:0021.5 20.8 21.9 21.5 1,007.6 0 96 94 - 0 - 0 - 0.1 186 1.1 194 1.7 2943 3157 20.6 21.2 20.6 22.1 22.9 23.3 23.4 -
2014-6-27 22:00:0021.9 20.9 22.5 21.9 1,007.6 0 94 92 166 1.5 166 1.1 166 0.9 100 1.2 152 1.7 5011 4636 21.2 22.1 21.2 22.6 23.3 23.5 23.5 -
2014-6-27 21:00:0022.5 21.3 22.8 22.5 1,007.2 0 93 91 107 1 106 1 99 1.2 101 1.6 107 2.1 5795 5616 22.1 22.7 22.1 23.1 23.5 23.6 23.5 -
2014-6-27 20:00:0022.8 21.3 23.4 22.8 1,006.9 0 91 88 99 0.9 92 0.8 84 0.9 74 1.6 73 2.4 6887 6206 22.5 23.2 22.5 23.4 23.8 23.8 23.6 -
2014-6-27 19:00:0023.4 21.3 23.8 23.4 1,006.2 0 88 85 102 1.5 101 1.3 89 1.3 88 1.9 92 3 7616 7305 23.2 24.2 23.2 24 24.1 23.9 23.6 -
2014-6-27 18:00:0023.7 21.2 23.8 23.7 1,006.1 0 86 85 92 2 91 1.6 85 1.4 45 2 71 2.4 9770 9376 24.2 24.5 24 24.3 24.2 23.9 23.5 -
2014-6-27 17:00:0023.8 20.9 24.1 23.8 1006 0 84 83 60 1.3 43 1.4 45 2.1 27 2.4 47 3.7 7587 8220 24.2 24.9 24.2 24.7 24.5 24 23.4 -
2014-6-27 16:00:0024.1 21 24.7 24.1 1,005.8 0 83 81 4 1.4 5 1.1 14 2.1 19 2.2 31 3.7 9608 8220 24.9 27.4 24.9 25.3 24.7 23.9 23.3 -
2014-6-27 15:00:0024.7 21.4 24.8 24.5 1,005.6 0 82 79 66 2.4 68 1.4 58 1.5 36 2 57 3.4 6227 6714 27.4 28.1 27.4 26 24.6 23.6 23.1 -
2014-6-27 14:00:0024.7 21.2 25.1 23.8 1,005.9 0 81 79 24 2.2 19 1.4 56 1.8 72 2.5 75 4.5 9605 9114 28.1 31.3 26.9 26.3 24.2 23.3 23 -
2014-6-27 13:00:0023.8 21.3 23.8 23.3 1,006.1 0 86 85 35 2.7 45 2.2 39 2.3 35 2.9 47 4.8 9203 8482 27 27.2 25.4 24.9 23.7 23.1 22.8 -
2014-6-27 12:00:0023.6 21.3 23.7 23.2 1,006.2 0 87 85 47 3.1 36 2.4 34 2.6 32 2.7 14 4 7933 8570 26.2 27.4 26.2 24.7 23.4 22.9 22.7 -
2014-6-27 11:00:0023.1 21.2 23.1 22.6 1,006.6 0 89 89 14 2.4 14 2.1 11 1.7 17 2.6 11 4.5 11139 10424 26.9 26.9 24.2 23.7 23 22.7 22.6 -
2014-6-27 10:00:0022.6 21.1 22.8 22.6 1,006.3 0 91 90 11 1.5 15 1.3 15 1.5 6 2.1 12 4.2 7029 7041 24.6 24.8 24 23.4 22.8 22.6 22.6 -
2014-6-27 9:00:0022.6 21.1 22.6 22.1 1,006.1 0 91 91 1 3.3 357 2.2 6 1.8 6 2.2 14 4.5 8363 8122 24.5 24.7 23.3 23.1 22.5 22.4 22.6 -
2014-6-27 8:00:0022.1 20.9 22.1 21.8 1006 0 93 93 2 2.7 2 1.8 0 1.7 11 1.8 11 3.6 6740 6271 23.3 23.6 22.4 22.5 22.3 22.4 22.6 -
2014-6-27 7:00:0021.8 21 21.8 21.6 1,005.5 0 95 95 351 1 354 1 355 1.1 338 1.8 338 3.3 4473 4545 22.6 22.6 22 22.1 22.2 22.4 22.6 -
2014-6-27 6:00:0021.6 21.1 21.6 21.5 1,004.6 0 97 97 344 1.3 331 1 330 1.1 13 1.7 342 2.6 4184 4422 22 22 21.4 21.9 22.2 22.5 22.7 -
2014-6-27 5:00:0021.4 20.9 21.4 21.4 1,003.9 0 97 97 17 2.5 13 1.5 11 1.4 9 2.3 15 4.3 5488 4976 21.5 21.5 21.5 21.9 22.2 22.5 22.7 -
2014-6-27 4:00:0021.4 20.9 21.5 21.4 1,003.5 0 97 97 14 2.2 15 2 12 1.7 5 2 5 4.8 4647 4427 21.5 21.6 21.5 21.9 22.3 22.6 22.8 -
2014-6-27 3:00:0021.5 21.2 21.6 21.4 1,003.5 0.2 98 98 3 2.7 7 2.2 7 2.1 12 2.2 10 5.6 4304 4667 21.6 21.6 21.5 22 22.4 22.7 22.8 -
2014-6-27 2:00:0021.6 21.3 21.7 21.6 1,003.8 0.3 98 98 15 1 6 1.3 1 1.8 13 2.2 10 5 1865 2063 21.6 21.8 21.6 22.1 22.5 22.7 22.9 -
2014-6-27 1:00:0021.7 21.4 21.9 21.7 1,003.9 0.7 98 98 5 2.7 2 1.3 9 1.9 12 2.5 6 4.7 3087 2901 21.7 21.9 21.7 22.2 22.6 22.8 22.9 -
2014-6-27 00:00:0021.9 21.6 22.1 21.9 1,004.3 0.4 98 98 15 3 14 1.7 9 1.7 8 1.8 2 4.3 3342 2737 21.9 22.1 21.9 22.3 22.6 22.8 22.9 -
2014-6-26 23:00:0022 21.7 22.3 22 1,004.4 22 98 98 17 1.5 17 1.4 29 1.2 22 3.9 27 6.2 3958 2737 22 22.1 22 22.4 22.7 22.9 22.9 -
2014-6-26 22:00:0022.3 22 22.4 22.3 1,004.3 10 98 97 21 3.8 19 2.2 14 2.3 12 2.4 358 3.8 808 814 22.1 22.3 22.1 22.6 22.8 22.9 22.9 -
2014-6-26 21:00:0022.3 22 22.3 22.3 1004 0 98 97 48 1.9 48 1.5 45 1.8 18 2.1 21 3.3 3285 3396 22.3 22.4 22.3 22.6 22.8 22.9 22.9 -
2014-6-26 20:00:0022.3 21.8 22.3 22.3 1,004.1 0.1 97 97 68 1 59 0.9 54 0.8 85 1 82 1.5 3945 4338 22.4 22.6 22.4 22.8 22.9 22.9 23 -
2014-6-26 19:00:0022.4 21.9 22.4 22.4 1004 0.3 97 97 15 0.7 16 0.7 332 0.5 91 0.8 89 1.1 5069 4179 22.7 23.2 22.7 22.9 22.9 22.9 22.9 -
2014-6-26 18:00:0022.4 21.9 22.4 22.2 1,003.4 0.2 97 97 87 1 88 0.7 93 0.9 19 2.4 21 3.9 7096 6785 23.2 23.4 23.2 23.1 22.9 22.9 22.9 -
2014-6-26 17:00:0022.2 21.9 22.2 22.1 1,003.2 1.4 98 98 37 3.3 34 2.1 18 2 29 2.1 7 3.3 8030 9331 23.2 23.2 22.7 22.9 22.9 22.9 22.9 -
2014-6-26 16:00:0022.1 21.8 22.1 22.1 1,003.7 18.3 98 97 358 0.8 352 0.7 340 1.4 284 2.4 284 3.9 3160 1851 22.6 22.6 22.2 22.7 22.9 22.9 22.9 -
2014-6-26 15:00:0022.1 21.6 22.2 22.1 1,003.4 4.8 97 97 75 1.7 76 1.4 85 1.6 89 3.8 91 5.9 2006 1959 22.6 23.5 22.6 23.1 23 22.9 22.9 -
2014-6-26 14:00:0022.2 21.7 22.4 22.2 1,003.2 4.3 97 97 87 5.1 88 4 90 3.7 90 3.7 87 5.8 2824 3689 23.3 23.8 23.1 23.2 22.9 22.8 22.8 -
2014-6-26 13:00:0022.3 21.8 22.6 22.2 1,003.9 4.3 97 96 81 2.9 81 2.4 80 2 76 2.8 73 4.4 2755 2599 23.3 24.1 23.1 23.2 22.9 22.7 22.8 -
2014-6-26 12:00:0022.6 21.9 22.7 22.4 1,004.2 0.9 96 96 85 3.7 84 2.2 84 2.7 83 3.1 87 4.8 6005 5358 24 25.1 23.7 23.5 22.8 22.6 22.7 -
2014-6-26 11:00:0022.3 21.8 22.4 22 1,004.6 0.9 97 96 75 2.3 73 2 73 1.7 84 2.1 79 3.3 4299 4407 23.7 24.4 23.4 23 22.6 22.5 22.7 -
2014-6-26 10:00:0022 21.5 22 21.8 1,004.7 1.1 97 97 72 2 72 1.6 75 1.8 90 3 82 3.7 5467 6116 23.3 23.8 22.6 22.5 22.4 22.4 22.6 -
2014-6-26 9:00:0021.9 21.4 21.9 21.4 1,004.5 0.7 97 97 93 4.7 91 3.5 90 3.1 79 3.3 77 5.3 8609 7411 23.8 23.8 21.8 22.4 22.1 22.3 22.6 -
2014-6-26 8:00:0021.4 20.9 21.4 21.3 1,005.2 0.7 97 97 32 3.4 45 2.4 52 2.5 90 3.1 72 5.3 2507 3599 21.9 21.9 21.5 21.8 22 22.3 22.7 -
2014-6-26 7:00:0021.3 20.8 21.3 21.2 1,004.9 0 97 96 97 4.4 91 3.3 89 2.9 94 3 82 4.9 3254 4646 21.5 21.5 21.1 21.6 21.9 22.3 22.7 -
2014-6-26 6:00:0021.2 20.5 21.2 21.1 1005 0.2 96 96 94 4.4 92 3 93 2.9 76 3.3 73 5.2 7915 8319 21.1 21.1 21 21.5 21.9 22.4 22.8 -
2014-6-26 5:00:0021.1 20.4 21.1 20.9 1,004.8 0 96 96 85 4.2 84 3.2 89 2.8 80 3.2 81 5.3 6900 6957 21 21 20.8 21.4 21.9 22.4 22.8 -
2014-6-26 4:00:0020.9 20.2 20.9 20.8 1,004.7 0 96 96 81 2.7 80 1.9 78 2.2 75 3.3 80 5 8471 8786 20.8 20.8 20.7 21.4 22 22.5 22.9 -
2014-6-26 3:00:0020.8 20.1 20.8 20.5 1,004.7 0.2 96 96 76 4.1 76 2.7 75 3.4 75 3.7 77 6.6 8073 8608 20.7 20.7 20.5 21.4 22.1 22.6 23 -
2014-6-26 2:00:0020.5 19.8 20.5 20.5 1005 0 96 96 81 3.8 82 2.9 81 2.8 76 3.6 78 6.2 5740 6932 20.6 20.7 20.6 21.4 22.2 22.7 23.1 -
2014-6-26 1:00:0020.5 19.8 20.5 20.4 1,005.6 0 96 96 74 4 75 2.8 81 2.9 77 3.2 79 5.7 5784 5843 20.7 20.7 20.6 21.5 22.3 22.9 23.2 -
2014-6-26 00:00:0020.3 19.8 20.5 20.3 1,006.3 0.1 97 96 79 4.5 82 3.3 79 2.9 87 3.5 74 5.3 3294 4418 20.7 20.9 20.7 21.7 22.4 23 23.3 -
2014-6-25 23:00:0020.6 20.1 20.6 20.6 1,006.6 1 97 97 82 3.9 86 3.1 87 3.6 86 3.9 83 7 6567 6926 20.8 20.8 20.7 21.8 22.7 23.2 23.4 -
2014-6-25 22:00:0020.6 20.1 20.8 20.6 1,006.9 0.7 97 97 94 4.8 95 3.9 91 3.5 83 4.2 96 6.2 4664 4250 20.8 21 20.8 21.9 22.9 23.3 23.6 -
2014-6-25 21:00:0020.8 20.5 20.8 20.7 1,006.8 2 98 97 83 5.7 84 4.2 84 4.2 84 4.2 85 6.9 3560 3243 20.9 21.2 20.9 22.1 23.1 23.5 23.7 -
2014-6-25 20:00:0020.8 20.3 21.5 20.8 1,006.5 5.9 97 97 100 3.2 98 2.4 98 2.4 90 4.8 89 8.1 2254 2950 21.2 21.7 21.1 22.3 23.2 23.6 23.7 -
2014-6-25 19:00:0021.5 21 21.8 21.5 1006 7.6 97 97 83 4.1 83 3.4 82 2.8 96 3.7 99 6.2 2236 1881 21.7 22.1 21.7 22.7 23.4 23.7 23.8 -
2014-6-25 18:00:0021.8 21.3 22 21.8 1,005.5 6.1 97 97 95 3.8 97 3.1 92 3 98 3.1 100 4.8 4294 4249 22.1 22.7 22.1 23.1 23.6 23.8 23.9 -
2014-6-25 17:00:0022 21.5 22.2 22 1,005.4 6.8 97 96 73 1.2 73 1.1 76 1.2 104 2.6 104 3.9 1666 1456 22.7 23.1 22.5 23.4 23.9 24 23.9 -
2014-6-25 16:00:0022.2 21.5 22.3 22.2 1,005.4 2.3 96 94 93 1.9 96 1.8 99 2.3 106 2.4 105 3.7 2036 2189 23.1 23.8 23.1 23.9 24.1 24 23.9 -
2014-6-25 15:00:0022.3 21.5 22.6 22.3 1,005.8 1.5 95 94 125 4 139 2.3 136 1.9 92 2.8 97 4.1 3730 2924 23.4 24.5 23.3 24.2 24.2 24 23.9 -
2014-6-25 14:00:0022.5 21.5 23.1 22.5 1,006.3 0.2 94 89 84 1.2 83 1.2 92 1.7 105 3.6 124 5.3 3520 3174 24.3 25.3 24.1 24.5 24.3 24 23.9 -
2014-6-25 13:00:0023.2 21.3 24 23.2 1,006.7 0 89 83 104 3.8 104 3.1 125 2.9 103 3.6 102 5.4 6194 6057 25.3 26.4 24.9 24.8 24.3 23.9 23.8 -
2014-6-25 12:00:0024 20.9 24 23.4 1,006.9 0 83 83 104 3.6 101 2.4 96 2.3 96 2.8 106 4.2 8688 8443 25.9 26.4 25 24.7 24.1 23.8 23.7 -
2014-6-25 11:00:0023.4 21.1 24 23.4 1,007.2 0 87 79 93 3.1 91 2.4 96 2.9 96 3.1 104 4.5 7594 7840 24.9 27.8 24.7 24.6 24 23.7 23.7 -
2014-6-25 10:00:0023.9 20.4 23.9 23.2 1,007.2 0 81 80 126 1.4 126 1.1 114 1.1 116 1.7 104 2.8 9747 10297 27.9 27.9 25.8 24.6 23.6 23.5 23.6 -
2014-6-25 9:00:0023.2 20.3 23.2 22.7 1,007.5 0 84 84 142 1.1 140 0.8 148 1.4 148 2.3 107 3.9 12890 14502 25.9 25.9 23.8 23.6 23.2 23.4 23.7 -
2014-6-25 8:00:0022.7 20.2 22.7 22.4 1007 0 86 85 136 3 151 1.4 162 1.6 140 2.1 134 3.6 18015 18547 23.7 23.7 22.6 22.9 23 23.4 23.7 -
2014-6-25 7:00:0022.4 20.1 22.4 21.7 1,006.2 0 87 87 105 2.5 103 1.9 110 2 105 2.4 100 3.9 15853 15573 22.7 22.8 21.8 22.6 22.9 23.5 23.8 -
2014-6-25 6:00:0021.7 20.3 21.7 21.4 1,006.1 0 92 91 96 1.8 97 1.5 95 1.4 88 1.8 89 2.1 10928 10651 21.8 21.8 20.9 22.2 23 23.6 24 -
2014-6-25 5:00:0021.4 19.9 21.7 21.4 1,005.7 0 91 87 91 1.9 89 1.6 89 1.8 91 1.9 87 2.4 10624 10966 21 21 21 22.2 23.1 23.8 24.2 -
2014-6-25 4:00:0021.7 19.8 22.2 21.7 1,006.1 0 89 82 103 0.6 105 0.6 99 0.4 147 1.4 129 2.6 10192 9752 21 21 20.9 22.3 23.3 24 24.3 -
2014-6-25 3:00:0022.2 19.2 22.3 22.1 1,005.8 0 83 82 136 1.8 124 1.1 144 1.3 102 1.8 103 2.8 21642 19208 20.9 21.2 20.9 22.4 23.5 24.2 24.5 -
2014-6-25 2:00:0022.3 19.8 22.8 22.3 1,005.9 0 86 82 106 1.1 106 1 105 1 134 1.8 163 3 7653 9892 21.2 21.5 21.2 22.8 23.8 24.5 24.7 -
2014-6-25 1:00:0022.8 19.6 23.2 22.8 1,006.3 0 82 82 131 2.6 127 1.8 126 1.6 153 2.1 162 3.5 15710 15170 21.5 21.8 21.5 23.1 24.1 24.7 24.9 -
2014-6-25 00:00:0023.2 20.2 23.3 23.2 1,006.6 0 83 81 157 2.9 142 2.2 144 1.8 157 2.5 161 4.3 14041 13347 21.8 22 21.8 23.4 24.5 25 25.1 -
2014-6-24 23:00:0023.3 20.6 23.6 23.3 1,006.8 0 85 84 154 3.4 152 2.4 137 2.1 158 2.4 162 3.8 12125 12051 21.9 22.2 21.9 23.7 24.9 25.4 25.3 -
2014-6-24 22:00:0023.6 20.9 23.9 23.6 1,007.1 0 85 85 161 2.8 161 2.4 159 2.4 126 2.5 131 4.3 10778 10364 22.2 22.5 22.2 24.2 25.3 25.7 25.6 -
2014-6-24 21:00:0023.9 21.4 24.6 23.9 1,006.8 0 86 84 124 3.1 132 1.9 128 2.1 136 3.3 114 6 7666 7516 22.6 23.1 22.6 24.8 25.9 26.1 25.7 -
2014-6-24 20:00:0024.6 21.7 25.8 24.6 1,006.1 0 84 73 115 4.8 125 2.5 117 3.3 110 4.1 108 6.9 6789 7004 23.2 24.1 23.2 25.5 26.6 26.6 25.9 -
2014-6-24 19:00:0025.8 20.6 26.9 25.8 1,005.8 0 73 72 137 2.9 143 2.2 137 2.6 144 3.3 158 5.7 9767 9736 24.1 26.7 24.1 26.8 27.5 26.9 25.9 -
2014-6-24 18:00:0026.9 21.7 27.9 26.9 1,005.1 0 73 68 151 3.5 139 2.6 150 2.6 176 3.1 148 6.9 5765 5905 26.7 30.2 26.7 28.3 28.3 27.2 25.8 -
2014-6-24 17:00:0027.9 21.4 28.2 27.9 1,004.7 0 68 66 172 3.8 179 2.9 177 3 188 3.8 169 5.5 5490 5550 30.2 31.9 30.2 29.9 28.8 27.2 25.6 -
2014-6-24 16:00:0028.2 21.5 28.9 28.2 1,004.8 0 67 64 180 4.7 178 3.3 175 3 163 3.8 166 5.7 7641 8588 31.7 36.4 31.7 31.3 29.2 27 25.3 -
2014-6-24 15:00:0028.8 21.3 29.1 28.8 1,005.2 0 64 61 132 4.9 151 3.3 170 3.2 170 3.2 132 4.9 13498 14185 36.2 38.4 36.1 32.4 29.1 26.6 24.8 -
2014-6-24 14:00:0028.9 20.9 29.1 28.6 1,005.6 0 62 58 148 3.4 125 2.5 165 1.8 189 2.7 206 5 11831 13163 38.3 38.5 37 32.3 28.5 25.9 24.4 -
2014-6-24 13:00:0028.6 20.1 28.7 27.7 1006 0 60 60 215 3.7 183 2.2 151 1.9 189 2.6 198 4.4 10050 11217 38.8 38.8 34.2 31.5 27.7 25.3 23.9 -
2014-6-24 12:00:0027.9 21.2 27.9 27.4 1,006.7 0 67 61 201 3.8 198 3 188 2.6 188 2.6 194 4.9 10168 9617 35.2 38.5 34.3 30.8 27 24.5 23.4 -
2014-6-24 11:00:0027.7 21.5 27.7 26.4 1,007.2 0 69 66 191 2 164 1.5 167 1.4 145 2.4 140 4.2 13679 10646 37.9 39.2 35.1 30.5 25.6 23.6 22.9 -
2014-6-24 10:00:0026.3 21.7 26.4 24.7 1,007.5 0 76 73 178 2 173 1.7 178 2 130 2.6 150 6.1 11481 10032 35 36.7 29.4 27.8 24 22.9 22.7 -
2014-6-24 9:00:0024.8 21.3 24.8 23.8 1,007.3 0 81 81 188 2.8 191 2 185 2.1 158 2.6 168 4.1 7356 7059 29.8 30.1 27.6 25 23 22.4 22.5 -
2014-6-24 8:00:0023.7 21.2 23.7 22.5 1,007.2 0 86 86 162 3.2 162 2.5 163 2.3 163 2.3 163 3.4 4737 4434 27.5 27.5 24.8 23.5 22.2 22.1 22.4 -
2014-6-24 7:00:0022.5 21.3 22.5 21.1 1,006.9 0 93 93 153 2 137 1.5 119 1.4 111 1.4 105 2.1 3520 3300 24.7 24.7 21.3 22 21.5 21.9 22.5 -
2014-6-24 6:00:0021.1 20.9 21.1 20.1 1,006.7 0 99 98 95 1.1 96 0.7 99 1 105 1.2 105 1.6 1451 1539 21.2 21.2 18.9 20.5 21.2 22 22.6 -
2014-6-24 5:00:0020.1 19.8 20.1 20 1,006.7 0 98 98 88 0.9 89 0.8 85 0.7 74 1.1 91 1.3 1162 1104 18.9 19 18.9 20.2 21.4 22.2 22.8 -
2014-6-24 4:00:0020 19.7 20.1 19.9 1,006.5 0 98 98 72 0.9 72 0.7 73 0.8 76 1 81 1.2 1484 1240 19 19.1 19 20.4 21.5 22.4 22.9 -
2014-6-24 3:00:0019.9 19.6 20.3 19.8 1,006.5 0 98 97 74 0.8 74 0.7 73 0.7 85 1.1 83 1.3 1526 1166 19.1 19.3 19.1 20.6 21.8 22.5 23.1 -
2014-6-24 2:00:0020.3 19.8 20.4 20.3 1,006.7 0 97 97 108 1.1 109 1 91 0.9 103 1.3 105 1.6 1609 1627 19.3 19.5 19.3 20.8 22 22.8 23.2 -
2014-6-24 1:00:0020.4 19.9 20.5 20.3 1,007.2 0 97 96 73 1.2 73 1 72 0.8 50 1.1 81 1.4 2234 2093 19.5 19.7 19.5 21.1 22.2 23 23.4 -
2014-6-24 00:00:0020.4 19.7 20.7 20.4 1,007.5 0 96 95 71 0.8 72 0.7 83 0.6 81 0.7 109 1.2 1876 2051 19.7 19.9 19.7 21.3 22.5 23.2 23.5 -
2014-6-23 23:00:0020.7 19.9 21.2 20.7 1,008.1 0 95 93 - 0.1 - 0.2 106 0.5 100 1.1 142 1.3 2163 2451 19.9 20.3 19.9 21.7 22.9 23.5 23.7 -
2014-6-23 22:00:0021.2 20 21.7 21.2 1,008.4 0 93 90 112 0.8 116 0.5 118 0.6 162 1 137 1.5 3429 3840 20.3 20.6 20.3 22.1 23.2 23.7 23.8 -
2014-6-23 21:00:0021.7 19.8 22.4 21.7 1,008.2 0 89 85 122 1.1 113 0.8 117 0.9 158 1.4 156 2.1 5853 6013 20.6 21.2 20.6 22.6 23.7 24 23.9 -
2014-6-23 20:00:0022.5 19.9 23.6 22.5 1,007.3 0 85 79 159 2 163 1.5 159 1.4 162 1.5 163 2.2 6135 5831 21.2 22.8 21.2 23.4 24.3 24.2 23.9 -
2014-6-23 19:00:0023.6 19.7 24.5 23.6 1007 0 79 74 149 0.8 153 0.6 166 0.8 165 2.1 168 3.4 9935 9423 22.8 25.7 22.8 24.5 24.8 24.3 23.8 -
2014-6-23 18:00:0024.5 20.2 25 24.5 1,006.4 0 77 74 127 2.6 126 2 143 1.5 146 2.4 161 3.9 9231 9267 25.7 29 25.5 25.8 25.1 24.2 23.7 -
2014-6-23 17:00:0025 20.3 25.1 24.7 1,006.2 0 75 73 161 3.3 151 2.1 116 1.8 93 1.9 92 3.4 6288 6686 29 30.8 28.5 26.5 24.8 24 23.5 -
2014-6-23 16:00:0024.8 20.1 24.8 24 1,006.5 0 75 75 109 1.5 111 1 106 1.3 111 1.6 107 2.4 6903 6932 30.9 31.1 26.2 25.7 24.4 23.7 23.4 -
2014-6-23 15:00:0024 20.5 24 23.8 1,006.7 0 81 79 100 2.6 101 2.3 118 1.6 160 1.8 155 3.2 6171 6490 27.3 28.1 26.4 25.4 24.2 23.5 23.3 -
2014-6-23 14:00:0023.8 20.5 24 23.3 1,007.1 0 82 79 166 1.8 162 1.2 160 1.5 160 1.5 153 2.5 6991 6361 27.8 28.6 26.8 25.2 23.8 23.3 23.1 -
2014-6-23 13:00:0023.3 20.4 23.3 22.8 1,007.5 0.2 84 84 104 1.1 105 1 133 0.9 329 2 310 3.6 6155 6012 26.8 26.8 24.4 24.2 23.4 23.1 23.1 -
2014-6-23 12:00:0022.9 20.6 23 22.7 1,008.3 0.2 87 85 334 2.6 336 1.9 28 1.3 156 3.5 162 6.2 4278 4825 24.4 25.8 23.7 23.7 23.2 23 23 -
2014-6-23 11:00:0022.8 20.1 23 22.8 1,008.1 0 85 83 111 2.5 106 2 119 1.8 120 1.8 113 3.4 5381 5777 24.4 25 23.9 23.5 23 22.8 22.9 -
2014-6-23 10:00:0022.8 20 22.9 22.5 1,008.7 0 84 84 7 1.4 34 1.3 35 1.2 101 1.8 94 2.6 6800 6958 24.9 24.9 23.9 23.3 22.7 22.7 22.9 -
2014-6-23 9:00:0022.5 19.9 22.5 22.1 1,008.4 0 85 85 104 2.1 106 1.9 96 1.5 108 2 107 3 8190 7921 24 24.4 23.3 22.9 22.5 22.6 22.9 -
2014-6-23 8:00:0022 19.9 22 21.4 1,008.5 0 88 86 78 2 85 1.7 99 1.1 98 2.6 97 3.8 6877 7099 23.3 23.5 22.6 22.4 22.2 22.5 22.9 -
2014-6-23 7:00:0021.4 19.9 21.4 20.6 1,007.5 0 91 91 105 3.2 102 2.8 97 2.6 89 2.7 93 3.8 5943 5560 22.6 22.6 20.8 21.7 22 22.5 23 -
2014-6-23 6:00:0020.6 19.8 20.6 20.3 1,007.7 0 95 95 68 1.3 67 1 74 1.3 75 1.7 75 3 4061 3994 20.8 20.8 19.9 21.2 22 22.6 23.1 -
2014-6-23 5:00:0020.3 19.6 20.4 20.3 1,007.5 0 96 95 14 1.1 10 0.7 56 0.8 91 1.3 87 1.9 4525 4156 19.9 20.1 19.9 21.2 22.1 22.8 23.2 -
2014-6-23 4:00:0020.5 19.7 20.5 20.5 1,007.2 0 95 95 96 1.2 93 1.1 91 1 95 1.7 105 2.4 4207 4503 20.1 20.3 20.1 21.3 22.3 22.9 23.4 -
2014-6-23 3:00:0020.5 19.7 20.7 20.5 1,006.8 0 95 94 98 2.6 101 1.9 94 1.6 100 1.6 98 2.6 4314 4207 20.3 20.4 20.3 21.5 22.5 23.1 23.5 -
2014-6-23 2:00:0020.7 19.7 21.1 20.7 1,007.7 0 94 93 100 2.2 101 1.8 101 1.2 127 1.8 97 2.2 4385 4112 20.4 20.6 20.4 21.7 22.7 23.3 23.6 -
2014-6-23 1:00:0021.1 19.9 21.4 21 1,007.8 0 93 91 101 1.3 111 1.2 128 1.9 120 2.3 128 3.2 4311 4346 20.6 20.7 20.6 22 22.9 23.5 23.8 -
2014-6-23 00:00:0021.4 19.9 22 21.4 1,008.4 0 91 89 80 2.4 76 1.2 95 1.9 105 2.3 103 4 4588 5168 20.7 21.5 20.7 22.3 23.2 23.7 23.9 -
2014-6-22 23:00:0022 20.1 22.4 22 1,008.8 0 89 87 101 4.2 103 2.4 102 1.6 98 2.2 101 4.2 5664 5679 21.5 22.2 21.5 22.8 23.5 23.9 24 -
2014-6-22 22:00:0022.4 20.5 22.6 22.4 1,009.2 0 89 88 105 1.8 117 1.1 142 1.2 164 1.4 155 2.3 6519 5694 22.2 22.3 22.1 23.1 23.7 24 24.1 -
2014-6-22 21:00:0022.6 20.5 22.9 22.6 1,008.6 0 88 86 164 1.8 164 1.4 164 1.4 149 1.5 165 2.3 6321 6255 22.3 22.4 22.2 23.3 24 24.2 24.2 -
2014-6-22 20:00:0022.9 20.4 23.9 22.9 1,008.2 0 86 79 124 1.6 122 1.2 137 1.5 137 2.1 161 3.7 8326 3214 22.3 23 22.2 23.7 24.4 24.4 24.2 -
2014-6-22 19:00:0023.9 20 24.6 23.9 1,007.9 0 79 76 112 2.4 119 1.8 121 1.7 142 1.8 104 3.6 10018 9435 23.1 24.5 23.1 24.4 24.8 24.6 24.2 -
2014-6-22 18:00:0024.6 19.9 25.1 24.6 1,007.7 0 75 71 176 1.8 173 1.8 170 1.5 112 2 115 3 12812 10782 24.5 26.2 24.5 25.2 25.1 24.6 24.2 -
2014-6-22 17:00:0025.1 19.9 25.1 24.9 1,007.3 0 73 70 101 2 100 1.5 103 1.9 102 2 107 3 14042 13756 26.2 26.8 26.2 25.7 25.2 24.6 24.1 -
2014-6-22 16:00:0024.9 19.7 25.4 24.7 1,007.5 0 73 73 91 1.2 93 1 81 0.9 47 1.8 72 2.8 14212 13675 26.3 27.4 25.7 25.8 25.3 24.5 24 -
2014-6-22 15:00:0025.4 20.4 25.7 25 1,007.3 0 74 68 97 1.9 98 1.5 72 1.6 72 1.6 80 2.6 11899 12925 27.5 30.2 27.5 26.9 25.3 24.3 23.8 -
2014-6-22 14:00:0025 19.6 25.2 24.9 1,007.9 0 72 69 61 0.4 31 0.3 62 0.7 50 1.5 74 2.6 15714 15141 27.7 30 27.2 26.4 25.1 24.1 23.6 -
2014-6-22 13:00:0025 20.3 25 24.4 1,008.3 0 75 72 334 1.2 354 0.8 33 0.6 100 2 82 3.1 12663 13915 29.1 30.8 29.1 26.7 24.7 23.7 23.3 -
2014-6-22 12:00:0024.5 20.2 24.6 23.8 1,008.3 0 77 75 89 1.8 92 1.3 96 0.9 50 1.8 29 3.9 10905 12212 30.1 31.1 28.7 26.1 24.1 23.3 23.2 -
2014-6-22 11:00:0023.8 19.7 23.8 22.7 1,009.1 0 78 78 21 1.8 12 1.3 3 1.4 71 2 73 3.4 11817 12927 28.5 28.5 24.5 24.6 23.4 23.1 23.1 -
2014-6-22 10:00:0022.7 19.9 22.7 22.4 1,008.9 0 84 83 19 2.7 16 1.8 44 1.4 14 2.2 16 3.5 10803 11516 24.5 25 24.5 23.7 23.1 22.9 23 -
2014-6-22 9:00:0022.4 19.8 22.6 22.1 1,008.6 0 85 84 2 1.9 6 1.3 17 2 63 2.3 32 3.5 14001 14127 24.7 26.5 24.5 23.5 22.8 22.7 23 -
2014-6-22 8:00:0022.1 19.8 22.1 21.2 1,008.3 0 87 87 68 2 72 1.8 60 1.8 27 1.9 66 2.9 13054 12462 25.2 25.2 21.7 22.5 22.3 22.7 23.1 -
2014-6-22 7:00:0021.2 19.8 21.2 21.1 1,007.9 0 92 92 59 2.5 69 1.9 70 1.8 60 2.4 72 4 13083 10886 21.7 21.7 21.1 21.8 22.2 22.7 23.1 -
2014-6-22 6:00:0021.2 20.2 21.2 21.2 1,007.6 0 94 94 73 2.7 61 2.5 43 2.2 28 2.3 59 4 5592 5171 21.1 21.1 20.8 21.6 22.2 22.8 23.2 -
2014-6-22 5:00:0021.1 20.4 21.1 21.1 1007 0 96 95 15 2.1 14 1.4 5 1 39 1.7 39 3.2 3169 3200 20.8 20.9 20.8 21.6 22.3 22.9 23.3 -
2014-6-22 4:00:0021.1 20.3 21.1 20.9 1,006.8 0 95 95 9 2.3 7 1.2 1 1.1 4 1.3 4 2.5 3344 3527 20.8 20.9 20.8 21.7 22.4 23 23.4 -
2014-6-22 3:00:0021 20.3 21 20.9 1,006.6 0 96 96 3 1.1 2 0.6 0 0.6 2 0.9 14 2.2 4171 3915 20.9 21.1 20.9 21.8 22.5 23.1 23.5 -
2014-6-22 2:00:0020.9 20.4 20.9 20.8 1,006.6 0 97 96 341 1 346 0.8 338 0.4 72 1.2 42 2.3 4607 4468 21 21.3 21 21.9 22.6 23.2 23.5 -
2014-6-22 1:00:0020.8 20.1 21.1 20.8 1,006.5 0 96 96 74 1.5 74 1.2 72 1.2 85 2 81 3.4 6985 6872 21.1 21.3 21.1 22.1 22.7 23.3 23.6 -
2014-6-22 00:00:0021.1 20.6 21.1 21.1 1,006.7 0.1 97 97 77 1.8 78 1.4 79 1.7 77 1.8 81 2.6 7392 7276 21.3 21.6 21.3 22.2 22.9 23.4 23.7 -
2014-6-21 23:00:0021.2 20.7 21.2 21.2 1,006.6 0.6 97 97 104 0.7 110 0.7 107 0.9 99 1.1 105 1.3 4436 4210 21.5 21.5 21.4 22.3 22.9 23.5 23.8 -
2014-6-21 22:00:0021.2 20.7 21.5 21.2 1,006.8 0.9 97 96 100 1.2 101 1 98 1.2 91 2.3 99 4 4152 3984 21.4 21.7 21.4 22.4 23.1 23.6 23.9 -
2014-6-21 21:00:0021.5 21 21.7 21.5 1,006.7 3 97 95 75 1.6 77 1.1 81 1.1 100 4.4 98 6.2 3831 3097 21.6 21.7 21.5 22.6 23.3 23.7 24 -
2014-6-21 20:00:0021.7 21 22 21.7 1,005.4 2.6 96 96 101 5.8 102 4.8 104 4.1 106 4.1 103 7.4 3741 3599 21.6 22.1 21.6 22.9 23.6 23.9 24 -
2014-6-21 19:00:0022 21.3 22.3 22 1,005.4 0.8 96 94 72 3.4 75 2.5 79 2.1 47 3.4 14 5.3 5103 4268 22.1 22.7 22.1 23.3 23.8 24 24.1 -
2014-6-21 18:00:0022.3 21.3 22.7 22.3 1,004.7 0.4 94 92 16 2 36 1.7 43 2.7 38 3 50 5.4 4144 4533 22.7 23.5 22.7 23.7 24 24.1 24.1 -
2014-6-21 17:00:0022.7 21.3 22.9 22.7 1,004.4 0 92 92 27 3.5 37 2.9 39 2.5 24 3.6 31 6.3 8117 6303 23.3 24.2 23.3 24.1 24.2 24.1 24.1 -
2014-6-21 16:00:0022.9 21.5 23.2 22.9 1,003.5 0.1 92 91 19 3.4 25 2.8 28 3 32 4.1 43 6.7 5043 5039 24.1 25.6 24.1 24.5 24.3 24.1 24 -
2014-6-21 15:00:0023.2 22 23.3 23.2 1,003.5 0.6 93 91 60 3.9 49 2.7 38 2.9 30 3.2 51 5.9 4537 5790 25.5 25.5 24.4 24.6 24.3 24 24 -
2014-6-21 14:00:0023.3 21.9 23.4 23.2 1,003.5 0 92 91 5 4.2 9 2.4 13 2.3 32 4 19 6.5 7335 7581 25 26.6 25 24.9 24.2 23.9 23.9 -
2014-6-21 13:00:0023.3 22.3 23.3 23.1 1,003.3 0 94 92 13 3.2 13 2.3 13 2.3 29 3.6 27 6 6835 7814 25.7 26.2 25.4 24.6 23.9 23.7 23.9 -
2014-6-21 12:00:0023.1 22.1 23.2 22.8 1,003.6 1.1 94 94 6 3.5 17 2 5 2.4 9 2.6 2 5 10592 10536 25.6 26.7 24.1 24.2 23.6 23.6 23.9 -
2014-6-21 11:00:0022.8 22.3 22.8 22.3 1,003.6 5 97 97 12 4.8 14 3.5 4 2.3 67 3.4 15 5 3696 4941 24.3 24.3 22.7 23.3 23.3 23.6 23.9 -
2014-6-21 10:00:0022.4 21.9 22.5 22.4 1,002.9 6.1 97 96 74 4.1 74 2.9 56 3.1 38 3.9 32 6.4 3554 3386 22.8 23 22.6 23.1 23.4 23.7 24 -
2014-6-21 9:00:0022.4 21.9 22.5 22.3 1,003.3 6.7 97 97 32 3.5 25 2.6 21 2.8 27 3.5 54 6.3 5453 4379 22.9 22.9 22.6 23.1 23.4 23.8 24.1 -
2014-6-21 8:00:0022.4 22.1 22.6 22.4 1003 11.9 98 97 10 2.3 13 1.8 21 1.7 24 3.8 16 6.1 3125 3043 22.6 22.7 22.5 23.1 23.5 24 24.3 -
2014-6-21 7:00:0022.6 22.1 22.6 22.5 1,002.7 7.1 97 97 12 3.7 13 2 17 2.5 20 3.9 16 6.8 2478 2717 22.7 22.8 22.6 23.3 23.8 24.2 24.4 -
2014-6-21 6:00:0022.6 22.1 22.9 22.6 1,002.1 4.3 97 96 66 3.7 66 2.4 42 3 45 3 59 5.6 2072 2418 22.8 22.9 22.8 23.5 24 24.3 24.5 -
2014-6-21 5:00:0022.9 22.2 23.2 22.9 1,002.1 0.7 96 95 63 4.5 50 2.8 44 2.9 36 3 22 4.5 2110 2005 22.9 23.1 22.9 23.6 24.1 24.4 24.6 -
2014-6-21 4:00:0023.3 22.3 23.3 23.3 1,002.1 0 94 94 70 3.7 61 2.4 57 2.1 64 2.5 43 3.9 2476 2692 23.1 23.1 23 23.8 24.3 24.6 24.7 -
2014-6-21 3:00:0023.3 22.3 23.5 23.3 1,002.1 0 94 94 65 3.2 68 2.8 67 2.3 43 3.2 48 4.7 3186 3418 23 23.4 23 23.9 24.4 24.7 24.8 -
2014-6-21 2:00:0023.5 22.7 23.6 23.5 1,002.4 0 95 95 36 2.4 25 2.1 33 2.1 48 2.4 55 3.7 2154 2020 23.4 23.5 23.4 24.1 24.6 24.8 24.9 -
2014-6-21 1:00:0023.6 22.8 24 23.6 1,002.5 0 95 95 59 2.7 49 2.1 58 1.9 28 2.8 50 4.2 2013 2104 23.5 23.7 23.5 24.3 24.8 24.9 25 -
2014-6-21 00:00:0024 23.1 24.4 24 1,002.6 0.2 95 93 60 2.4 63 1.9 53 1.8 53 2.9 72 4.8 2231 2167 23.7 24 23.7 24.5 24.9 25.1 25 -
2014-6-20 23:00:0024.4 23.2 24.6 24.4 1003 0 93 92 31 3.4 44 2.3 36 2.4 29 2.5 13 3.8 2863 2849 24 24.2 24 24.7 25.1 25.2 25.1 -
2014-6-20 22:00:0024.6 23.4 24.9 24.6 1,003.1 0 93 92 20 1.8 24 1.8 29 2.5 53 2.8 52 4 2849 2488 24.2 24.3 24.1 24.9 25.3 25.4 25.2 -
2014-6-20 21:00:0024.9 23.5 25.3 24.9 1,002.8 0 92 90 67 2.9 65 2.2 68 1.9 49 2.9 67 4.2 3442 3461 24.2 24.6 24.2 25.2 25.6 25.6 25.3 -
2014-6-20 20:00:0025.3 23.4 26.1 25.3 1,002.1 0 89 86 61 2.5 65 1.9 60 2.6 63 2.8 53 4.1 4816 5039 24.5 25.3 24.5 25.6 26 25.8 25.3 -
2014-6-20 19:00:0026.1 23.6 26.7 26.1 1,001.6 0 86 83 74 2.4 74 1.9 73 2 63 2.3 59 3.6 5058 5316 25.3 27.4 25.3 26.4 26.4 25.9 25.3 -
2014-6-20 18:00:0026.7 23.6 27 26.7 1,001.2 0 83 82 72 3.2 73 2.2 75 2.1 57 2.6 66 3.8 5554 5103 27.5 29.2 27.5 27.4 26.7 25.8 25.1 -
2014-6-20 17:00:0027 23.7 27.9 26.9 1001 0 82 78 60 2.9 56 2.2 57 2.6 60 2.9 67 4.1 5315 5545 29.2 33.5 29.2 28.6 26.7 25.6 25 -
2014-6-20 16:00:0026.8 23.7 26.8 25.8 1,000.9 0 83 83 80 2.7 85 2.1 69 2.4 77 2.6 62 4 5113 4895 31.6 31.6 27.7 27.5 26.2 25.4 24.9 -
2014-6-20 15:00:0026.1 24 26.4 25.9 1,001.4 0 88 84 77 2.7 75 2 82 1.9 82 1.9 105 3.1 3769 3643 28 30.1 28 27.5 26.2 25.2 24.7 -
2014-6-20 14:00:0026.4 23.5 26.7 26.1 1,001.5 0 84 82 179 1.7 182 1.4 184 1.6 132 1.8 106 3.2 6874 7015 28.8 32 28.8 27.9 25.9 24.9 24.5 -
2014-6-20 13:00:0026.1 23.4 26.1 25.8 1,001.9 0 85 84 127 1.5 118 1.2 105 1.5 93 2 76 2.7 6813 7705 30.5 30.5 28.4 26.8 25.4 24.6 24.4 -
2014-6-20 12:00:0025.8 23.5 25.8 24.8 1002 0 87 86 80 2.2 88 1.8 95 2 102 2.5 102 3.6 8444 8143 30.1 30.1 26.9 26.2 24.9 24.4 24.3 -
2014-6-20 11:00:0024.8 23 24.8 24.1 1,002.6 0 90 90 103 2.5 103 1.7 106 1.9 105 3.3 104 5.1 8096 7475 27.5 27.9 26.7 25.5 24.5 24.2 24.2 -
2014-6-20 10:00:0024.1 23.1 24.1 23.6 1,002.3 0 94 94 102 3.5 102 2.9 101 2.3 96 2.7 103 4 9759 9534 26.8 26.8 24.9 24.7 24.1 24.1 24.2 -
2014-6-20 9:00:0023.6 22.9 23.6 23.1 1,002.4 1.1 96 96 99 2.1 100 1.7 96 1.7 105 3.2 105 5 6103 6198 25.3 25.3 23.7 24 23.9 24.1 24.3 -
2014-6-20 8:00:0023.1 22.6 23.1 23 1,002.6 6.1 97 96 106 3 105 2.5 105 2.3 109 3.3 116 4.6 4287 3745 23.7 23.7 23.1 23.6 23.9 24.1 24.3 -
2014-6-20 7:00:0023 22.3 23.2 23 1,002.6 1.9 96 93 117 3.4 117 2.8 108 3.3 104 3.4 101 5.3 2494 3226 23.1 23.2 22.8 23.5 23.9 24.2 24.4 -
2014-6-20 6:00:0023.2 21.8 23.4 23.2 1,002.4 0.1 92 91 104 3.7 106 2.9 105 3.5 105 4.5 100 7.4 6198 6259 22.8 22.8 22.6 23.5 24 24.3 24.5 -
2014-6-20 5:00:0023.3 21.7 23.5 23.3 1,002.2 0 91 89 111 3.9 110 3 108 3.6 105 4.3 106 6.9 7524 7730 22.6 23.1 22.6 23.6 24 24.4 24.5 -
2014-6-20 4:00:0023.5 21.4 23.5 23.3 1002 0 88 88 114 6.2 113 4.5 109 4 105 4.5 102 6.8 8619 8220 23.1 23.1 22.9 23.6 24.1 24.5 24.6 -
2014-6-20 3:00:0023.3 21.2 23.3 23.2 1,001.9 0 88 88 104 5.5 102 4.2 103 4.2 103 4.2 102 6.7 8109 7709 22.9 23 22.9 23.7 24.2 24.6 24.7 -
2014-6-20 2:00:0023.3 21.2 23.3 23.2 1,002.6 0 88 88 106 4.4 107 3.6 105 3.8 104 4.4 104 7.1 8273 8699 22.8 22.8 22.7 23.7 24.4 24.7 24.9 -
2014-6-20 1:00:0023.2 21.1 23.4 23.1 1,002.8 0 88 87 102 6.3 103 4.3 104 3.9 103 4.6 98 7 9712 9186 22.8 23 22.8 23.9 24.5 24.9 25 -
2014-6-20 00:00:0023.1 21 23.3 23.1 1,003.1 0 88 87 102 3.7 102 3.2 100 3.8 100 4.1 101 7 8431 8607 22.8 23.2 22.7 24 24.8 25.1 25.1 -
2014-6-19 23:00:0023.3 21 23.3 23 1,003.8 0 87 86 101 3.8 101 3.2 105 3.7 104 4.1 107 6.5 8361 8913 23.3 23.3 22.6 24.3 25 25.3 25.2 -
2014-6-19 22:00:0023 20.7 23.5 23 1,004.3 0 87 85 105 5.3 102 3.6 103 2.8 99 4 94 6.6 8874 8371 22.6 23.8 22.6 24.6 25.4 25.5 25.3 -
2014-6-19 21:00:0023.5 20.8 23.9 23.5 1,003.8 0 85 82 98 5.8 96 4.4 98 4 99 4.7 102 7.7 9931 9816 23.8 24.3 23.8 25.2 25.7 25.7 25.4 -
2014-6-19 20:00:0023.9 20.6 24.5 23.9 1,003.7 0 82 80 105 5.6 103 4 104 4.2 104 5 99 8.1 10565 10830 24.3 25.1 24 25.7 26.2 26 25.5 -
2014-6-19 19:00:0024.5 20.8 25.4 24.5 1,003.4 0 80 75 107 6.1 107 4.7 104 4.9 102 5 100 8.2 10828 10696 25.1 28 25.1 26.6 26.7 26.1 25.5 -
2014-6-19 18:00:0025.4 20.9 26 25.4 1003 0 76 74 101 4.7 100 4 106 3.7 111 4.1 112 7.2 10682 9842 28.1 29.3 27.7 27.5 27.1 26.2 25.3 -
2014-6-19 17:00:0026 21.2 26.8 26 1,002.9 0 75 71 107 4.5 119 3.1 122 2.9 92 4.2 100 6.9 10550 10550 29.2 36.7 29.2 28.8 27.4 26.1 25.1 -
2014-6-19 16:00:0026.6 21.4 27 26.5 1,002.5 0 73 71 97 4.8 94 4 95 4.1 105 4.9 103 7.1 10267 10947 34.5 38.2 34.3 29.6 27.2 25.8 24.9 -
2014-6-19 15:00:0027 21.3 27.1 26.5 1,003.4 0 71 70 100 7.5 99 5.1 99 4 99 4.9 97 7.8 11414 11780 36.2 40.4 36.2 29.7 26.9 25.4 24.6 -
2014-6-19 14:00:0026.7 21.2 26.9 25.4 1,003.9 0 72 71 104 6.4 98 5 105 4.6 105 4.6 100 7.2 8697 9073 38.2 41 32.6 28.9 26.1 25 24.4 -
2014-6-19 13:00:0025.5 21 25.5 25 1,004.3 0 76 76 105 6.2 107 4 117 4.1 106 4.6 111 6.6 8444 7884 33.7 34.3 31 27.6 25.7 24.7 24.2 -
2014-6-19 12:00:0025.1 20.6 25.1 24.5 1,004.7 0 76 76 108 5.6 118 4 140 3.7 115 4.8 104 7 8261 8267 31.6 33.3 31.4 27.4 25.3 24.3 23.9 -
2014-6-19 11:00:0024.7 20.6 24.8 24.6 1,004.6 0 78 77 111 5 119 3.8 110 4.1 140 4.5 137 6.7 7496 7107 31.9 33.5 31.8 27 24.8 23.9 23.7 -
2014-6-19 10:00:0024.6 20.5 24.6 23.7 1,004.6 0 78 78 106 6.9 116 4.8 117 4.2 125 4.3 110 7.6 6198 6109 32.6 32.8 30 26.1 24 23.5 23.6 -
2014-6-19 9:00:0023.8 20.1 23.9 22.7 1,004.8 0 80 80 137 5 132 4.4 107 4 104 4.5 126 6.7 4307 4652 30.2 30.8 26.9 24.7 23.3 23.2 23.5 -
2014-6-19 8:00:0022.8 20.1 22.8 22.1 1005 0 85 85 103 6.5 100 4.7 101 4 100 4.2 103 6.5 5238 5470 26.9 26.9 24.2 23.3 22.8 23.1 23.5 -
2014-6-19 7:00:0022.1 20 22.1 21 1,005.3 0 88 87 93 4.3 90 3.2 87 3.2 93 3.5 97 5.2 4639 4660 24.2 24.2 21.3 22.1 22.4 23 23.6 -
2014-6-19 6:00:0021 19.5 21 20.1 1,005.1 0 91 91 92 3.6 94 2.8 94 2.7 92 2.9 88 4.8 4337 4186 21.3 21.3 19.3 21.4 22.3 23.1 23.8 -
2014-6-19 5:00:0020.1 19.3 20.4 20.1 1,004.9 0 95 94 74 2.5 77 2.2 80 2.1 87 2.2 92 3.8 3139 3090 19.3 19.4 19.1 21.1 22.5 23.3 23.9 -
2014-6-19 4:00:0020.4 19.2 20.4 20.2 1,004.3 0 93 93 90 1.9 95 1.8 97 2.2 101 2.8 98 4.4 3634 3880 19.4 19.7 19.4 21.4 22.6 23.4 24 -
2014-6-19 3:00:0020.2 19 20.2 20.1 1,004.2 0 93 93 96 3.1 96 2.2 98 2.2 97 2.3 96 3.6 4516 4448 19.7 19.7 19.6 21.5 22.8 23.6 24.2 -
2014-6-19 2:00:0020.1 19.1 20.1 19.9 1,004.7 0 94 93 93 2.6 94 2 93 1.9 81 2 95 2.6 3964 3711 19.7 19.7 19.6 21.6 23 23.8 24.4 -
2014-6-19 1:00:0019.9 18.9 20 19.9 1,005.1 0 94 92 104 2.1 105 1.7 98 1.4 94 2.1 94 3.1 4766 4847 19.6 19.6 19.5 21.8 23.2 24.1 24.5 -
2014-6-19 00:00:0019.9 18.6 20.7 19.9 1,005.8 0 92 88 87 2.6 86 2.1 88 1.9 94 1.9 85 2.6 6492 6487 19.5 19.9 19.5 22.1 23.5 24.3 24.7 -
2014-6-18 23:00:0020.7 18.6 21.1 20.7 1,006.2 0 88 85 88 2 90 1.6 94 1.9 101 2.9 102 4.3 10091 10330 20 20.5 20 22.5 23.9 24.6 24.9 -
2014-6-18 22:00:0021.1 18.5 21.6 21.1 1,006.5 0 85 81 94 3.2 93 2 96 2.1 102 2.6 104 4.6 10914 11010 20.5 20.9 20.5 22.9 24.3 24.9 25 -
2014-6-18 21:00:0021.6 18.2 21.9 21.6 1,005.9 0 81 80 101 3.9 101 2.9 102 2.6 101 3.2 105 5.4 12118 11847 20.9 21.3 20.9 23.4 24.7 25.2 25.2 -
2014-6-18 20:00:0021.9 18.3 22.4 21.8 1,005.1 0 80 80 101 3.9 102 3.1 102 2.8 97 3.1 102 5 12575 11761 21.3 22.4 21.3 24 25.2 25.4 25.3 -
2014-6-18 19:00:0022.4 18.8 23.5 22.4 1,004.7 0 80 76 101 3.7 96 2.8 96 3 102 4.1 99 5.9 8408 7934 22.4 24.6 22.4 25.1 25.8 25.7 25.3 -
2014-6-18 18:00:0023.5 19.2 24.6 23.5 1,004.6 0 77 72 102 4.7 99 3.4 94 3.5 96 4.2 91 6.5 9918 9463 24.6 27.8 24.6 26.2 26.3 25.8 25.2 -
2014-6-18 17:00:0024.6 19.2 25.1 24.6 1,004.5 0 72 70 97 3.5 97 2.7 93 2.9 88 3.5 86 5.2 10660 10403 27.9 30.1 27.9 27.3 26.5 25.7 25.1 -
2014-6-18 16:00:0025.1 19.2 25.4 25.1 1,004.7 0 70 68 81 3.3 80 2.5 86 2.6 99 3.2 105 4.9 9126 10130 30.2 33.3 30.2 27.8 26.4 25.5 25 -
2014-6-18 15:00:0025.2 19.6 25.2 24.5 1,004.9 0 71 70 97 4 92 3.1 95 2.9 85 2.9 91 4.3 9591 9707 32.4 32.4 29.3 27.5 26.1 25.3 24.8 -
2014-6-18 14:00:0024.5 19.3 25.1 24.5 1,005.4 0 73 69 100 2.6 101 2.2 102 2 100 2.7 101 3.9 7396 7885 29.3 32.8 28.8 27.3 26.1 25.1 24.6 -
2014-6-18 13:00:0025.1 19.2 25.3 24.2 1,005.9 0 70 68 106 2.7 109 2.2 111 1.9 134 2 113 3.3 8544 8327 33 37.7 30.4 28.2 25.7 24.8 24.4 -
2014-6-18 12:00:0024.2 19.3 24.2 24 1,006.1 0 74 73 93 1.9 88 1 114 1.5 109 1.8 178 3.6 6037 5887 30.4 31.6 29.6 26.8 25.2 24.4 24.2 -
2014-6-18 11:00:0024.1 19.2 24.1 23 1,006.7 0 74 73 95 2.6 79 1 56 0.9 110 2 104 3.2 6324 6008 31.8 33.5 29.2 26.8 24.5 24 24.1 -
2014-6-18 10:00:0023 19.4 23 22 1,006.5 0 80 80 87 1.2 83 1.1 52 1.5 97 2.6 99 3.6 5764 6261 28.8 28.8 24.6 24.3 23.8 23.9 24.1 -
2014-6-18 9:00:0022 19.6 22 21.8 1,006.3 0 86 84 81 1.9 80 1.6 60 1.9 46 2.2 35 3.6 7808 8163 24.6 24.8 24.4 23.8 23.6 23.7 24.1 -
2014-6-18 8:00:0021.8 19.2 21.8 21.1 1006 0 85 85 59 2.2 41 1.5 54 1.6 62 1.9 76 2.8 8229 7962 24.5 24.7 22.9 23.4 23.3 23.6 24.1 -
2014-6-18 7:00:0021.1 19.4 21.1 20.7 1,005.8 0 90 90 76 1.3 74 1.3 71 1.5 67 1.9 78 2.9 5770 5731 22.9 22.9 21.8 22.6 23.1 23.7 24.2 -
2014-6-18 6:00:0020.7 19.2 20.7 20.5 1,005.2 0 91 91 71 2.8 72 1.9 56 1.3 30 2.3 65 3.4 5626 5152 21.9 21.9 21 22.2 23.1 23.8 24.3 -
2014-6-18 5:00:0020.5 19.3 20.6 20.5 1005 0 93 92 64 2.6 62 1.6 38 1.2 39 2.4 56 3.5 4792 4822 21.1 21.3 21 22.2 23.2 23.9 24.4 -
2014-6-18 4:00:0020.6 19.4 20.7 20.6 1005 0 93 93 68 1.7 48 1.2 28 0.8 35 1.8 42 2.6 3978 3867 21.3 21.3 21.2 22.4 23.4 24 24.5 -
2014-6-18 3:00:0020.7 19.4 21.1 20.7 1,004.9 0 92 90 15 2.8 31 2.1 31 1.7 15 1.7 50 2.8 3531 3459 21.3 21.6 21.3 22.6 23.5 24.2 24.6 -
2014-6-18 2:00:0021.1 19.6 21.1 21 1,004.9 0 91 90 2 0.9 354 0.6 323 0.5 35 1.5 76 2.4 5435 4843 21.6 21.7 21.6 22.7 23.6 24.3 24.7 -
2014-6-18 1:00:0021 19.7 21 21 1,004.4 0 92 91 71 1.7 67 1.5 70 1.3 74 2 75 3 3858 3705 21.7 21.7 21.6 22.8 23.8 24.4 24.9 -
2014-6-18 00:00:0020.9 19.7 20.9 20.9 1004 0 93 93 74 2.6 70 2 74 1.9 65 2.1 72 3.5 2319 2331 21.7 22 21.7 23 24 24.6 25 -
2014-6-17 23:00:0020.9 20.2 21.2 20.9 1,004.1 0 96 96 47 1.9 61 1.6 60 1.7 70 2.2 74 3.7 1868 1915 22 22.1 22 23.2 24.2 24.8 25.1 -
2014-6-17 22:00:0021.2 20.5 21.5 21.2 1,003.8 0.1 96 95 73 4.1 65 1.8 70 2 72 2 73 4.1 1720 1678 22.1 22.4 22.1 23.5 24.5 25 25.2 -
2014-6-17 21:00:0021.5 20.8 21.8 21.5 1,003.6 0.2 96 95 25 2 17 1.5 21 1.1 15 2.1 42 3.9 1931 1760 22.4 22.8 22.3 23.8 24.7 25.1 25.3 -
2014-6-17 20:00:0021.8 21 22.3 21.8 1,003.1 0.1 95 95 13 2.1 15 1.8 12 1.7 15 1.7 9 3.1 2308 2317 22.8 23.2 22.8 24.2 25 25.3 25.4 -
2014-6-17 19:00:0022.3 21.5 23 22.3 1,002.5 0.5 95 91 22 1.2 20 0.8 10 1.1 16 1.4 52 2.8 1322 1282 23.2 23.8 23.2 24.6 25.3 25.5 25.5 -
2014-6-17 18:00:0023 21.6 24 23 1,002.1 0 92 87 317 1.1 313 0.9 343 0.9 311 2.8 306 5.5 2802 2502 23.6 24.3 23.6 25.1 25.6 25.6 25.5 -
2014-6-17 17:00:0024 21.7 25.1 24 1,001.6 0 87 79 329 3.7 322 2.6 302 2.6 269 3.7 271 5.8 2872 2837 24.3 26.9 24.3 25.7 25.9 25.7 25.4 -
2014-6-17 16:00:0025.1 21.2 25.3 25 1,001.5 0 79 79 261 5.5 263 3.7 269 3 263 3.7 265 7.1 4550 4617 27.1 29.4 27.1 26.8 26 25.5 25.3 -
2014-6-17 15:00:0025.2 21.9 25.4 23.8 1,001.3 0 82 81 268 3.6 274 2.2 266 2.5 263 2.6 268 4.6 4327 4414 28.9 32.5 26 27 25.5 25.3 25.2 -
2014-6-17 14:00:0023.7 21.6 23.7 23.1 1,001.4 0 88 87 285 2.8 292 2.4 288 2.6 277 2.6 277 4.4 4271 4322 26.3 28.1 25.9 25.8 25.3 25.1 25.2 -
2014-6-17 13:00:0023 22 23 22.3 1,001.4 0.5 94 94 289 2 297 1.1 295 1.4 299 2.2 293 3.9 2873 2919 27.3 27.5 24.1 25.2 24.9 25 25.2 -
2014-6-17 12:00:0022.3 21.5 22.8 22.3 1,001.7 1.6 95 93 308 3.4 303 2.4 298 2.1 315 2.3 310 4.2 3016 2810 24 24.2 23.2 24.4 24.9 25.1 25.2 -
2014-6-17 11:00:0022.8 21.6 23.3 22.8 1,001.6 0.2 93 87 313 3.6 308 2.3 315 2.3 326 3.7 311 6.1 3227 3537 24.3 25.9 24.2 24.9 24.9 25 25.2 -
2014-6-17 10:00:0023.3 21.6 23.4 23.1 1,001.5 0 90 90 330 4.4 336 3.1 337 3 339 3.1 344 5.8 5082 4980 25.9 25.9 24 24.8 24.8 25 25.2 -
2014-6-17 9:00:0023.4 22 23.6 23.4 1,001.5 0 92 92 335 2.8 344 1.9 337 2.2 320 2.4 332 4.9 3280 3423 24.1 25.3 24.1 24.7 24.8 25 25.3 -
2014-6-17 8:00:0023.4 22.6 23.4 23 1001 0 95 95 306 2.6 302 2 319 1.7 331 2.3 281 4.6 3062 3059 25.1 25.1 23.7 24.4 24.7 25 25.3 -
2014-6-17 7:00:0023 22.3 23.1 23 1,000.6 1.6 96 96 27 1.9 4 1 347 1.7 313 2.8 307 5.3 2924 3081 24 24 23.2 24.2 24.7 25.1 25.4 -
2014-6-17 6:00:0023.1 22.4 23.1 23.1 1,000.5 0 96 96 323 3.1 322 2.4 305 2.5 297 2.8 302 4.5 1380 1442 23.3 23.4 23.2 24.2 24.7 25.1 25.5 -
2014-6-17 5:00:0023 22.5 23 23 1,000.1 0.2 97 96 342 3.1 342 2.2 322 1.6 322 2.3 313 3.9 2077 2144 23.2 23.3 23.1 24.2 24.8 25.2 25.6 -
2014-6-17 4:00:0023 22.5 23.1 23 999.7 0 97 97 328 1.4 349 0.8 335 1 298 1.7 344 3.4 3189 3205 23.2 23.4 23.2 24.3 24.9 25.3 25.6 -
2014-6-17 3:00:0023 22.7 23 22.9 999.6 0 98 98 14 1.2 18 0.7 339 1.3 305 2.1 311 3.6 1618 1439 23.4 23.4 23.3 24.4 25 25.4 25.7 -
2014-6-17 2:00:0022.9 22.6 22.9 22.8 999.6 0.1 98 98 16 0.9 9 0.5 26 0.4 73 1.7 74 3 1583 1318 23.4 23.4 23.3 24.5 25 25.5 25.8 -
2014-6-17 1:00:0022.8 22.5 22.8 22.7 999.9 0.8 98 98 107 1.8 104 1.3 89 1.5 89 2.2 79 3.5 697 713 23.2 23.3 23.2 24.5 25.2 25.6 25.9 -
2014-6-17 00:00:0022.7 22.4 22.8 22.7 1,000.5 0.1 98 98 98 2.4 100 1.8 88 2.2 87 2.3 83 3.7 559 628 23.2 23.3 23.2 24.6 25.3 25.7 26 -
2014-6-16 23:00:0022.7 22.4 22.8 22.7 1,001.2 0 98 96 99 2.8 93 2.2 91 2.3 84 3.3 83 5.7 1085 1099 23.2 23.3 23.1 24.7 25.4 25.9 26.1 -
2014-6-16 22:00:0022.8 22.1 23.1 22.8 1,001.8 0.3 96 94 76 1.9 77 1.6 78 2.2 94 2.8 92 4.6 1473 1555 23.2 24 23.2 24.9 25.6 26 26.2 -
2014-6-16 21:00:0023.1 21.9 23.1 22.9 1,002.1 0 93 93 101 4.3 92 2.6 92 2.2 98 4.6 96 7.4 3530 3668 24 24 23.9 25.2 25.8 26.2 26.3 -
2014-6-16 20:00:0022.9 21.7 23 22.9 1,001.5 0 93 92 87 5.7 92 3.7 99 4.3 97 4.6 100 7.5 4783 5044 23.9 24.2 23.9 25.4 26 26.3 26.4 -
2014-6-16 19:00:0023 21.6 23.2 23 1,001.6 0 92 90 92 6.1 94 4.8 89 3.5 104 4.6 101 7.4 8201 8019 24.2 24.7 24.2 25.7 26.2 26.5 26.5 -
2014-6-16 18:00:0023.2 21.5 23.5 23.2 1,001.2 0 90 88 105 5.7 103 4.8 103 4.8 103 5.7 102 9.5 10094 9420 24.7 25.4 24.7 26 26.5 26.6 26.6 -
2014-6-16 17:00:0023.4 21.3 23.4 23.3 1,001.4 0 88 86 100 8.8 101 6.2 100 4.8 103 6.5 108 9.7 11586 10468 25.5 26.8 25.5 26.4 26.7 26.7 26.6 -
2014-6-16 16:00:0023.4 20.9 23.5 23.2 1,001.2 0 86 86 105 7.8 103 5.7 104 6 105 6.9 105 11 12728 11864 26.8 27.5 26.8 26.9 26.8 26.7 26.6 -
2014-6-16 15:00:0023.4 21.1 23.9 23.4 1,001.8 0 87 85 101 10.4 102 7.3 101 6.2 102 7 97 11 9226 8522 27.1 28 27.1 27 26.8 26.7 26.6 -
2014-6-16 14:00:0023.9 21.2 24.2 23.9 1,002.5 0 85 84 115 10.6 111 6.6 105 6.3 111 6.8 104 11.3 10118 12568 27.6 28.4 27.5 27.1 26.8 26.7 26.6 -
2014-6-16 13:00:0024.2 21.3 24.4 24.2 1003 0 84 81 105 5.9 105 4.8 102 4.6 107 6.5 104 8.8 17731 18495 28.4 29.4 28.1 27.2 26.7 26.6 26.6 -
2014-6-16 12:00:0024.3 20.8 24.5 24.3 1,003.6 0 81 80 107 8.7 110 7 106 6.3 100 6.8 103 11 21110 18851 28.8 29.5 27.1 27 26.5 26.5 26.6 -
2014-6-16 11:00:0024.3 20.8 24.4 24.2 1,004.2 0 81 80 101 9.6 100 6.8 98 6.4 98 6.4 102 10.4 12889 16360 27.2 27.9 26.6 26.5 26.4 26.5 26.6 -
2014-6-16 10:00:0024.4 20.9 24.6 24.2 1,004.2 0 81 79 95 7.8 95 5.2 101 6.1 102 6.2 104 10.9 15290 17752 27.6 29.1 26.6 26.6 26.3 26.5 26.7 -
2014-6-16 9:00:0024.2 20.9 24.4 24.1 1,004.4 0 82 80 100 6.5 95 5.1 94 5.1 85 6 92 9.7 12240 13327 26.7 26.7 25.7 26 26.2 26.5 26.7 -
2014-6-16 8:00:0024.1 21.2 24.1 23.4 1,004.7 0 84 84 88 7.3 88 4.9 90 5 95 5.3 101 8.3 8778 9704 26 26.3 24.4 25.8 26.1 26.5 26.9 -
2014-6-16 7:00:0023.9 21.2 23.9 23.7 1,004.7 0 85 84 96 5.5 96 4.6 94 3.7 86 5.1 92 7.5 11948 11567 25.2 25.2 24.4 25.5 26.1 26.6 27 -
2014-6-16 6:00:0023.7 20.8 23.7 23.6 1,004.7 0 84 84 81 7.2 79 4.7 85 4.6 94 4.6 81 7.2 15397 15312 24.4 24.4 24.1 25.5 26.2 26.8 27.1 -
2014-6-16 5:00:0023.7 20.8 23.7 23.6 1,004.6 0 84 84 99 6.1 97 4.7 95 4.1 100 4.2 103 6.7 13899 14410 24.1 24.1 23.8 25.5 26.4 27 27.3 -
2014-6-16 4:00:0023.5 21.2 23.7 23.5 1,004.3 0 87 86 92 5.6 90 3.9 92 3.9 96 4.3 87 7 7794 5737 23.8 24.2 23.5 25.6 26.6 27.2 27.5 -
2014-6-16 3:00:0023.7 21.2 23.7 23.6 1,004.5 0 86 84 93 4.5 95 3.4 96 3.9 93 4.4 88 7.1 14716 14104 24.2 24.2 24 25.8 26.7 27.4 27.7 -
2014-6-16 2:00:0023.6 20.7 23.6 23.4 1,004.7 0 84 84 99 5.1 96 4 101 4.3 102 4.3 95 6.6 12593 13115 24.1 24.2 24 26 27 27.6 27.9 -
2014-6-16 1:00:0023.4 20.7 23.4 23.2 1,005.2 0 85 82 94 4.5 96 4.1 96 3.9 97 4.8 102 7.3 9656 9147 24 24 23.6 26.1 27.2 27.9 28.2 -
2014-6-16 00:00:0023.4 20.2 23.6 23.4 1,005.6 0 82 76 96 6 97 4.9 97 4 94 4.5 98 7.6 9047 9362 23.9 23.9 23.7 26.4 27.6 28.3 28.4 -
2014-6-15 23:00:0023.6 19.1 23.9 23.6 1,006.2 0 76 71 91 4.2 91 3.2 92 2.9 92 3.2 85 4.9 11792 11694 23.9 24.1 23.8 26.7 28 28.7 28.7 -
2014-6-15 22:00:0023.9 18.1 25 23.9 1,006.4 0 70 53 91 3.4 90 2.8 89 2.6 86 3.4 93 5.4 13097 14035 24 24.7 23.8 27.2 28.6 29.1 29 -
2014-6-15 21:00:0025.1 14.9 26.1 25.1 1,006.5 0 53 49 87 3.2 87 2.8 90 3.1 85 3.7 84 5.5 21253 21184 24.7 26.1 24.7 28 29.3 29.5 29.2 -
2014-6-15 20:00:0026.2 15.6 26.8 26.2 1,006.4 0 52 48 79 3.2 79 3 80 2.9 80 3 81 5.1 17633 17089 26.2 27.6 26.2 29.1 30 30 29.4 -
2014-6-15 19:00:0026.8 15.2 27.9 26.8 1,005.8 0 49 45 92 3 93 2.3 89 2.7 99 3 92 4.8 14502 15237 27.6 30.1 27.6 30.2 30.7 30.4 29.5 -
2014-6-15 18:00:0027.9 14.9 28.9 27.9 1,005.5 0 45 43 100 3.8 102 3.3 100 2.9 100 3.9 95 6.7 9922 10870 30.1 33.1 30.1 31.5 31.5 30.7 29.5 -
2014-6-15 17:00:0028.9 15.8 29.8 28.9 1,005.6 0 45 44 101 5.6 97 3.6 97 3.1 107 3.9 100 5.8 10701 11050 33.3 38.2 33.3 33.1 32 30.8 29.4 -
2014-6-15 16:00:0029.8 16.9 29.9 29.7 1,005.3 0 46 43 90 3.4 87 2.6 97 2.8 105 4.4 103 6.3 12072 12390 37.6 38.4 37 33.9 32.3 30.8 29.3 -
2014-6-15 15:00:0029.8 16.2 30.4 29.8 1,005.2 0 44 43 102 5.4 103 4.5 105 4.5 110 4.8 103 8.1 12931 12544 37 41.9 37 34.4 32.6 30.7 29 -
2014-6-15 14:00:0030.4 18.5 31 30.3 1,005.4 0 49 44 125 6.5 112 5.1 104 4 79 4.9 76 7.4 9853 11194 42.2 46.1 39.7 35.5 32.7 30.3 28.6 -
2014-6-15 13:00:0030.7 17.1 31.5 30.7 1,006.1 0 44 42 73 5.8 73 4.6 76 4.7 76 4.7 74 7 8606 9101 45.4 55.5 45.3 37 32.4 29.5 28 -
2014-6-15 12:00:0031.4 17.3 31.4 30 1,006.9 0 43 43 87 4.3 85 3.8 84 4.2 84 4.4 89 6.9 9636 7969 55.4 55.4 45.7 35.8 30.8 28.5 27.6 -
2014-6-15 11:00:0030.2 17.3 30.2 27.8 1,007.6 0 46 46 89 3.3 89 2.5 88 3.2 98 3.5 83 6 7522 6305 49.4 51.9 39.9 33.8 29 27.6 27.3 -
2014-6-15 10:00:0027.8 19.6 27.8 25.9 1,007.9 0 61 58 82 4.5 83 2.8 96 2.8 98 3 84 4.6 7160 7077 39.7 41.7 31.4 29.5 27.5 27.2 27.3 -
2014-6-15 9:00:0025.9 19.3 25.9 25.1 1,008.2 0 67 67 81 3.6 81 3 79 2.5 79 2.5 77 4.1 8384 7838 31.5 31.7 29.1 27.5 27 27.1 27.4 -
2014-6-15 8:00:0025.1 19.5 25.1 24.5 1,008.2 0 71 70 108 2.2 113 1.9 116 2.1 120 2.2 104 3.5 7455 7643 29.1 29.1 25.7 26.5 26.7 27.2 27.5 -
2014-6-15 7:00:0024.5 19.3 24.5 24.3 1,007.6 0 73 73 119 3.2 119 1.9 107 1.7 105 2.5 106 4.1 7428 7293 25.6 25.6 24.7 25.9 26.8 27.4 27.7 -
2014-6-15 6:00:0024.4 19.5 24.4 23.9 1,007.4 0 74 73 90 2.4 88 1.7 93 1.9 89 2.3 75 4.3 7159 6750 25 25 24 25.9 26.9 27.6 27.9 -
2014-6-15 5:00:0023.9 19.4 23.9 23.5 1,006.9 0 76 75 98 3.4 94 2.1 88 2.3 83 2.4 87 3.6 7113 7249 24 24.1 23.8 26 27.2 27.8 28.1 -
2014-6-15 4:00:0023.6 19.3 24 23.6 1,006.8 0 77 74 84 1.8 85 1.4 90 1.5 89 1.7 87 2.2 6557 6889 24.1 24.2 24.1 26.3 27.5 28.1 28.4 -
2014-6-15 3:00:0023.9 19.2 24 23.9 1,006.8 0 75 74 73 2 74 1.5 73 1.5 71 2.2 62 3.5 6705 6970 24.2 24.6 24.1 26.6 27.8 28.5 28.6 -
2014-6-15 2:00:0023.9 19.4 24.3 23.9 1007 0 76 74 73 2.1 73 1.8 73 1.6 92 2 98 2.6 6181 6279 24.6 24.9 24.4 27 28.2 28.8 28.9 -
2014-6-15 1:00:0024.3 19.4 25 24.3 1,006.9 0 74 70 92 2.2 94 2 89 1.8 118 2 106 3.2 7032 6760 24.9 25.2 24.9 27.4 28.6 29.2 29.2 -
2014-6-15 00:00:0024.9 19.1 25.3 24.9 1,007.2 0 70 70 123 3 141 2.1 118 1.9 136 2.2 117 3.9 7808 7356 25.2 25.6 25.2 27.9 29.1 29.6 29.5 -
2014-6-14 23:00:0025.3 19.4 26.1 25.3 1,007.7 0 70 65 114 2.7 108 2.3 105 2 109 3 111 4.2 7042 6935 25.5 26 25.3 28.4 29.6 30.1 29.8 -
2014-6-14 22:00:0026.1 18.8 26.7 26.1 1,008.1 0 64 60 102 4.1 106 2.9 111 3 120 3.3 127 5.7 7207 7574 26 26.9 26 29.1 30.3 30.6 30.1 -
2014-6-14 21:00:0026.8 18.1 27.3 26.8 1,007.8 0 59 53 108 2.2 107 2.2 114 2.1 107 2.2 105 3.7 6820 7251 26.9 27.2 26.8 29.9 31 31.1 30.4 -
2014-6-14 20:00:0027.3 16.9 28.6 27.3 1,007.4 0 53 49 106 2.4 105 1.9 104 1.9 103 2.8 107 4.1 5563 5803 27.2 28.9 27.2 30.9 32 31.7 30.7 -
2014-6-14 19:00:0028.6 16.8 30.2 28.6 1007 0 49 42 121 3.1 114 2.8 106 2.6 113 3.3 104 5.3 6228 6469 29 33.2 29 32.5 33.1 32.3 30.8 -
2014-6-14 18:00:0030.2 16.6 31.2 30.2 1,006.9 0 44 42 118 3.5 116 3 120 2.7 100 4 109 6.4 7724 7466 33.3 36.6 33.3 34.5 34.1 32.7 30.8 -
2014-6-14 17:00:0031.3 16.9 32.5 31.3 1,006.5 0 42 42 100 5.9 98 3.8 108 3.5 99 4.5 102 6.5 8576 8505 36.7 40.8 36.3 36.2 35.1 33 30.6 -
2014-6-14 16:00:0032.6 18 33.8 32.6 1006 0 42 37 104 5.8 102 4 88 4.2 88 4.2 100 6.7 7965 7198 41 52.5 41 39.5 35.9 32.8 30.1 -
2014-6-14 15:00:0033.5 17.6 33.8 33.4 1,006.1 0 39 36 179 2.8 201 1.3 209 1.6 197 2 197 4.1 6656 6672 52.3 56.5 51.5 40.5 35.8 32.2 29.5 -
2014-6-14 14:00:0033.4 16.3 33.4 32.7 1,006.5 0 36 36 80 0.9 61 0.7 63 0.9 192 1.9 196 3.7 6929 6993 56 59.1 53.7 40.8 35.1 31.3 28.8 -
2014-6-14 13:00:0033 17.2 33.1 32.2 1,007.1 0 39 39 179 1.7 178 1.4 181 1.9 197 2 176 3.6 6950 6882 57.5 59 56.5 40.1 33.7 30.1 28.1 -
2014-6-14 12:00:0032.1 17.2 32.2 31.2 1,007.4 0 41 40 209 1.3 190 0.9 194 1.5 196 2 182 3.5 6800 7426 57.2 57.2 52.3 38 31.9 28.9 27.5 -
2014-6-14 11:00:0031.2 18.2 31.2 29.8 1,007.9 0 46 45 12 0.9 37 0.6 78 0.7 272 1.6 284 3.1 6450 6936 52.1 52.1 44.7 34.7 30 27.9 27.1 -
2014-6-14 10:00:0029.8 18.9 29.8 27.9 1,008.1 0 52 51 253 2.3 253 1.3 265 1.5 240 1.7 258 3.1 6455 6264 45.2 45.3 40.3 32.3 28.4 27.1 26.8 -
2014-6-14 9:00:0027.8 20.4 27.8 25.6 1,008.1 0 64 61 187 1.4 189 1.1 205 1.3 201 1.6 201 2.7 3667 3875 41.1 41.1 31.8 29.2 26.9 26.6 26.8 -
2014-6-14 8:00:0025.5 20.1 25.5 24 1,008.4 0 72 72 164 1.4 164 1 168 1 154 1.2 156 1.9 3406 3471 31.8 31.8 26.7 26.5 26.2 26.6 26.9 -
2014-6-14 7:00:0024 19.9 24 22.4 1008 0 78 78 122 1.4 123 0.9 139 0.9 141 0.9 158 1.4 3692 3637 26.7 26.7 24 25.5 26 26.7 27.1 -
2014-6-14 6:00:0022.4 20.3 22.4 21.9 1,007.8 0 88 87 106 0.7 105 0.7 105 0.8 107 1.2 104 1.5 2810 2654 23.9 23.9 22.3 24.9 26 26.9 27.4 -
2014-6-14 5:00:0021.9 20 21.9 21.5 1,007.5 0 89 88 74 0.4 - 0.2 71 0.3 69 0.7 79 0.9 2889 2780 22.3 22.3 21.7 24.8 26.2 27.2 27.6 -
2014-6-14 4:00:0021.5 19.8 21.6 21.5 1,007.2 0 90 88 16 0.4 39 0.4 25 0.4 101 0.8 101 1 2668 2728 21.8 22.1 21.5 25 26.6 27.5 27.9 -
2014-6-14 3:00:0021.5 19.6 22 21.5 1,007.2 0 89 87 69 0.5 69 0.4 72 0.5 90 0.9 90 1.1 2612 2807 21.5 22 21.5 25.3 27 27.9 28.2 -
2014-6-14 2:00:0022 19.9 22.6 22 1,007.1 0 88 84 69 0.4 72 0.4 75 0.5 79 0.9 76 1.2 1993 2028 22 22.7 22 25.9 27.6 28.4 28.6 -
2014-6-14 1:00:0022.6 19.8 23.4 22.6 1,007.3 0 84 76 76 1.1 73 0.9 74 0.7 87 1.3 83 1.7 3171 3301 22.7 23.5 22.7 26.5 28.1 28.8 28.9 -
2014-6-14 00:00:0023.5 19 23.6 23.3 1,007.8 0 76 73 99 0.7 96 0.5 104 0.6 154 1.3 159 1.9 3624 3475 23.5 24 23.5 27.2 28.7 29.3 29.2 -
2014-6-13 23:00:0023.3 18.2 24.3 23.3 1,008.1 0 73 68 130 0.8 125 0.4 111 1 89 1.9 92 2.3 4191 3949 24 24.9 24 27.9 29.4 29.9 29.5 -
2014-6-13 22:00:0024.3 18 26.6 24.3 1,008.2 0 68 53 93 2.1 93 1.9 88 1.9 87 1.9 89 2.3 7494 7629 24.9 26.2 24.9 28.8 30.2 30.4 29.9 -
2014-6-13 21:00:0026.6 15.9 27.1 26.6 1,007.9 0 52 51 107 0.7 102 0.5 154 1 115 1.8 152 2.7 11395 11428 26.2 27.8 26.2 29.9 31.1 31 30.1 -
2014-6-13 20:00:0027.1 17.3 28.3 27.1 1,007.2 0 55 52 137 1.8 131 1.6 112 1.8 87 1.8 103 3.2 7541 8113 27.8 30 27.8 31.2 32 31.6 30.3 -
2014-6-13 19:00:0028.3 17.5 29.8 28.3 1,006.6 0 52 48 107 1.4 119 0.7 168 1.2 187 2.6 189 4.4 5260 7384 30.1 32.9 30 32.7 33.1 32.1 30.4 -
2014-6-13 18:00:0029.8 17.6 31.1 29.8 1,005.8 0 48 40 181 3.1 184 2 188 2.2 252 2.8 252 4 9366 9361 33 39.3 33 34.9 34.2 32.5 30.3 -
2014-6-13 17:00:0031.1 16.3 31.6 31.1 1,005.3 0 41 39 251 3.8 252 2.9 252 2.7 252 2.7 255 4.1 8310 8251 39.3 45.3 39.3 37 35 32.6 30.1 -
2014-6-13 16:00:0031.5 16.3 31.7 31.4 1,005.5 0 40 38 260 2.9 264 2.7 264 2.4 255 2.7 254 4.5 8944 8575 45.2 51.1 45.2 38.9 35.5 32.3 29.6 -
2014-6-13 15:00:0031.6 16.7 31.7 31.3 1,005.7 0 41 39 257 4.1 254 3.2 263 2.4 242 2.8 256 4.4 8472 8575 50.3 54.8 50.1 40 35.4 31.7 29 -
2014-6-13 14:00:0031.3 16.9 31.5 30.8 1006 0 42 38 294 1.7 283 1 244 1.5 331 2.2 282 4.3 7799 8521 54.4 57.5 53.8 40.4 34.7 30.8 28.2 -
2014-6-13 13:00:0030.8 15.3 30.9 30.1 1,006.4 0 39 38 46 2.9 37 2.5 325 1.7 269 2.3 29 4.8 13255 10430 56.8 57.4 54.8 39.7 33.4 29.7 27.5 -
2014-6-13 12:00:0030.3 15.2 30.3 28.8 1,007.3 0 40 40 252 4 258 2.6 269 2.2 251 2.5 270 4.9 11566 11770 55.4 55.9 51.3 37.8 31.7 28.4 26.8 -
2014-6-13 11:00:0029 17.5 29 27.3 1,007.5 0 50 49 251 3.5 261 2.6 252 2.3 227 2.9 209 5.6 9767 7311 51.6 51.6 45.9 35.2 29.8 27.3 26.3 -
2014-6-13 10:00:0027.3 19.1 27.3 25.7 1,007.7 0 61 60 196 3.4 202 2.5 229 2.8 211 3.1 251 4.9 5466 5504 45.8 45.9 39.2 32.2 27.8 26.3 25.9 -
2014-6-13 9:00:0025.7 19.4 25.7 24.3 1,007.7 0 68 68 221 3.6 225 2.4 235 2.4 243 2.8 260 5.1 4325 4201 39.1 39.1 34.3 29.1 26.3 25.6 25.8 -
2014-6-13 8:00:0024.2 19.7 24.2 22.6 1,007.4 0 76 74 250 2 247 1.6 226 2 224 2 201 3.1 3940 3972 34 34 26.9 26.1 25.1 25.3 25.9 -
2014-6-13 7:00:0022.7 19.5 22.7 19.9 1,007.2 0 82 82 217 2.2 217 1.4 211 1.6 202 1.9 206 3.2 3591 3536 27.5 28.8 21.8 24.5 24.4 25.3 26 -
2014-6-13 6:00:0019.8 19.1 19.8 18.8 1,006.7 0 96 96 181 0.3 173 0.3 196 0.3 202 0.3 192 0.5 2523 2727 21.6 21.6 18.6 22.6 24.3 25.6 26.3 -
2014-6-13 5:00:0018.9 18.2 19.4 18.9 1,006.5 0 96 93 107 0.4 107 0.4 - 0.1 269 0.3 251 0.6 1919 2310 18.5 18.7 18.5 22.6 24.7 26 26.6 -
2014-6-13 4:00:0019.4 18.2 19.9 19.4 1,006.6 0 93 92 - 0.2 - 0.1 - 0.1 250 0.7 248 1.2 2815 2662 18.7 19.2 18.7 23 25.2 26.4 27 -
2014-6-13 3:00:0019.9 18.6 20.5 19.9 1,006.7 0 92 88 232 0.5 222 0.4 221 0.4 182 1 181 1.7 2794 2710 19.2 19.8 19.2 23.6 25.7 26.8 27.3 -
2014-6-13 2:00:0020.5 18.4 21 20.5 1,006.7 0 88 83 252 0.4 - 0.2 233 0.4 184 1.2 184 1.9 3508 3462 19.8 20.4 19.8 24.2 26.2 27.3 27.7 -
2014-6-13 1:00:0021 18 21.5 21 1,006.9 0 83 81 191 1.8 189 1.1 179 0.9 184 1.6 184 2.7 4016 4043 20.5 21.2 20.5 24.8 26.8 27.8 28 -
2014-6-13 00:00:0021.5 18.1 21.9 21.5 1,007.1 0 81 79 180 1.5 182 1.4 179 1.2 185 2.2 179 3.5 4664 4730 21.2 22.1 21.2 25.6 27.5 28.3 28.3 -
2014-6-12 23:00:0021.8 19.4 22.2 21.8 1,007.5 0 86 80 214 1.2 200 0.5 200 0.5 181 1.1 189 1.8 4575 4720 22.1 22.8 22.1 26.4 28.2 28.9 28.7 -
2014-6-12 22:00:0022.2 18.8 23.2 22.2 1,007.3 0 81 77 81 0.8 79 0.5 84 0.7 103 1.5 104 2 5630 5600 22.8 24 22.8 27.3 29 29.5 29 -
2014-6-12 21:00:0023.2 18.9 24.4 23.2 1007 0 77 72 101 1.7 102 1.5 102 1.6 105 2.5 100 3.8 5596 5906 24 25.4 24 28.4 29.9 30.1 29.3 -
2014-6-12 20:00:0024.4 19 25.3 24.4 1,006.1 0 72 70 105 2.9 107 2 105 2.4 121 2.6 104 4.3 6577 6339 25.4 27.4 25.4 29.8 31 30.7 29.5 -
2014-6-12 19:00:0025.3 19.4 27.4 25.3 1,005.6 0 70 50 125 3.9 118 2.6 120 2.6 61 3.5 75 5.2 4872 5168 27.4 32.1 27.4 31.6 32.2 31.2 29.6 -
2014-6-12 18:00:0027.5 16.2 28.8 27.5 1,004.8 0 50 43 73 4.5 69 3 61 3.5 55 3.6 75 5.3 10738 10569 32.2 40.3 32.2 34 33.3 31.5 29.5 -
2014-6-12 17:00:0028.7 14.5 28.7 28.3 1,004.6 0 42 41 43 1.2 38 1.2 22 2.3 26 3.3 10 5.4 9884 10054 40.2 42.5 38.6 35.9 33.9 31.5 29.2 -
2014-6-12 16:00:0028.6 15.5 29.5 28.6 1,004.6 0 45 41 18 3.8 14 3.5 29 3.3 20 3.5 31 5.8 8850 8178 42 52 42 38.1 34.4 31.2 28.6 -
2014-6-12 15:00:0029.4 15.5 29.5 29 1,004.6 0 43 38 15 3.6 16 2.5 20 2.2 330 3.9 357 7.3 8528 9008 51.8 54.6 48.6 39 34 30.4 28 -
2014-6-12 14:00:0029.4 14 29.5 28.7 1005 0 39 37 340 3.8 345 1.8 333 2.6 334 3.7 16 7.5 11273 14444 54.1 54.7 51.9 38.5 32.9 29.5 27.4 -
2014-6-12 13:00:0028.8 15 28.8 27.9 1,005.4 0 43 42 348 5 355 2.6 325 3 345 3.1 3 6.1 10964 11961 53.9 53.9 46.1 36.9 31.5 28.5 26.8 -
2014-6-12 12:00:0028 16.9 28 27 1,005.8 0 51 50 308 2.4 321 2 354 2.8 329 3.3 20 7.1 5987 6373 48.3 48.4 42.5 34.6 30.1 27.5 26.2 -
2014-6-12 11:00:0027.2 16.2 27.3 26.5 1,006.2 0 51 51 294 4.2 300 3.4 358 2.8 2 2.8 343 5.6 5319 5407 44.5 48.4 44 33.5 28.7 26.6 25.8 -
2014-6-12 10:00:0026.5 17.8 26.5 25 1,006.3 0 59 57 23 4.1 18 2.8 22 2.4 22 2.4 356 4.4 5262 5402 44.6 44.6 35.1 30.6 26.9 25.8 25.6 -
2014-6-12 9:00:0025 18.4 25 24.1 1,006.7 0 67 65 308 3.4 312 1.7 316 1.8 305 2.1 329 3.8 4909 4667 34.7 36.6 31.7 27.8 25.7 25.3 25.5 -
2014-6-12 8:00:0024 19.3 24 22.5 1,006.7 0 75 74 344 2.4 329 1.1 341 1.2 320 1.7 311 3.3 3571 3685 31.7 31.7 27.2 25.7 24.8 25.1 25.5 -
2014-6-12 7:00:0022.5 20 22.5 20.5 1,006.6 0 86 86 303 1.9 297 1.7 342 1.2 10 1.4 20 2.9 3604 3742 27.2 27.2 22.5 24 24.2 25.1 25.7 -
2014-6-12 6:00:0020.4 19.7 20.4 19.4 1,006.3 0 96 96 79 0.4 - 0.1 - 0.1 14 1.3 20 2.2 3773 4493 22.4 22.4 19 22.7 24.1 25.3 26 -
2014-6-12 5:00:0019.4 18.9 19.6 19.3 1,005.9 0 97 96 3 0.9 347 0.3 7 0.8 11 0.9 15 1.5 5375 4755 19 19.1 18.9 22.5 24.4 25.7 26.3 -
2014-6-12 4:00:0019.6 18.9 19.8 19.5 1,005.8 0 96 94 - 0 - 0 - 0.1 7 0.6 6 1.2 3809 3707 19.1 19.3 19.1 22.9 24.9 26.1 26.6 -
2014-6-12 3:00:0019.8 18.8 20.5 19.8 1,005.7 0 94 93 193 0.4 - 0.1 - 0 253 1.1 248 1.7 5705 4140 19.4 19.8 19.4 23.4 25.4 26.5 26.9 -
2014-6-12 2:00:0020.5 19.3 21 20.5 1,005.8 0 93 91 254 1.2 254 1 251 0.9 194 1.3 195 1.8 4684 4862 19.8 20.6 19.8 24 25.9 26.9 27.3 -
2014-6-12 1:00:0021 19.5 21.3 21 1,006.2 0 91 90 197 1.2 198 0.8 191 1.4 190 1.4 189 2.1 5775 5723 20.6 21.2 20.6 24.6 26.5 27.4 27.6 -
2014-6-12 00:00:0021.3 19.8 21.8 21.3 1,006.4 0 91 88 187 1.4 186 0.9 187 1.2 183 1.4 182 2.2 5571 5670 21.2 21.9 21.2 25.3 27.1 27.9 27.9 -
2014-6-11 23:00:0021.8 19.7 22.3 21.8 1,006.7 0 88 85 177 1.8 181 1.2 182 1.4 169 2.2 171 3.6 6689 6871 21.9 22.6 21.9 26 27.8 28.4 28.3 -
2014-6-11 22:00:0022.3 19.7 23.2 22.3 1,006.6 0 85 81 172 2.5 172 2.3 169 2.1 182 2.5 176 4.1 8928 8582 22.6 23.7 22.6 26.9 28.6 29 28.6 -
2014-6-11 21:00:0023.2 19.8 24.3 23.2 1,006.5 0 81 76 192 2.1 189 1.6 179 1.3 172 1.8 173 3.2 8985 8390 23.7 25 23.7 28 29.5 29.6 28.9 -
2014-6-11 20:00:0024.3 19.6 25.9 24.3 1,005.8 0 75 60 173 1.6 174 1.2 171 1.8 29 2 174 3.7 8850 9297 25 27 25 29.3 30.5 30.2 29.1 -
2014-6-11 19:00:0025.9 17.5 27.2 25.9 1,005.1 0 60 54 42 2.3 41 1.6 30 2 34 2.3 14 3.8 12223 12721 27 32.5 27 31.1 31.7 30.7 29.1 -
2014-6-11 18:00:0027.2 17.1 27.9 27.2 1,004.8 0 54 51 15 1.9 14 1.3 32 1.8 68 2.8 53 4.1 13423 14040 32.6 39 32.6 33.5 32.8 31 29 -
2014-6-11 17:00:0027.9 17.7 28.1 27.9 1,004.5 0 54 50 72 3.3 75 2.6 39 2.4 53 2.5 35 4.3 12047 13364 39.3 43.7 39.3 35.6 33.5 31 28.7 -
2014-6-11 16:00:0028.1 17.3 28.4 28 1005 0 52 50 77 3.7 76 2.8 58 2.5 86 3.2 90 5.8 15681 14329 42.8 50.2 42.8 37 33.8 30.7 28.2 -
2014-6-11 15:00:0028.5 17.7 28.5 27.9 1,005.4 0 52 50 46 3.9 36 2.6 25 2.2 47 3 71 6 13542 15174 50 54.7 44.7 37.9 33.6 30.1 27.6 -
2014-6-11 14:00:0028.5 17.4 28.5 27.8 1,005.9 0 51 50 40 4.1 48 2.7 69 2.1 39 3.5 38 5.8 16042 14425 54.9 55.7 51.9 38.7 32.8 29.1 26.9 -
2014-6-11 13:00:0027.8 17.3 28 27.1 1,006.1 0 53 52 47 4 31 2.6 71 3.1 37 3.5 76 6.2 12713 14000 54.4 55 51.3 37.3 31.2 27.9 26.2 -
2014-6-11 12:00:0027.2 17.1 27.3 26.4 1,006.7 0 54 53 74 2.4 75 1.8 75 2.9 73 3.5 69 5.9 15148 16084 51.9 51.9 45.5 34.8 29.2 26.7 25.7 -
2014-6-11 11:00:0026.4 17.5 26.4 25 1,007.2 0 58 57 71 2.8 79 2.3 85 2.7 37 3.4 22 6 15998 16332 45.8 45.8 36.6 31 27.5 26 25.4 -
2014-6-11 10:00:0025 17.7 25.3 24.3 1,007.4 0 64 61 62 3.2 45 1.9 64 2.8 58 3.6 75 6.1 11992 12376 36.6 40.2 34.1 29.3 26.4 25.3 25.2 -
2014-6-11 9:00:0024.4 18.1 24.4 23.4 1,007.3 0 68 66 25 4.1 22 2.9 30 3 35 3.8 71 6.1 14882 14580 34.3 35.1 29.9 27.2 25.2 24.9 25.1 -
2014-6-11 8:00:0023.4 18.1 23.5 22.5 1,007.2 0 72 72 42 4 48 2.1 61 2.4 33 3.8 68 6.2 11618 12181 29.8 30.2 26.9 25.2 24.4 24.7 25.2 -
2014-6-11 7:00:0022.4 19 22.4 19.9 1,006.7 0 81 80 73 2.6 68 2.4 63 2.1 63 2.1 63 3.7 7086 7113 26.8 26.8 22 23.5 23.8 24.7 25.4 -
2014-6-11 6:00:0019.8 19.3 19.8 18.8 1,006.4 0 97 95 98 0.7 100 0.4 98 0.4 72 1 69 1.4 4557 4739 21.9 21.9 18.1 22.1 23.7 24.9 25.7 -
2014-6-11 5:00:0019 18.3 19.6 19 1006 0 96 93 - 0 - 0 - 0 195 0.6 193 0.8 3155 3656 18.1 18.4 18 22 24.1 25.3 26 -
2014-6-11 4:00:0019.6 18.6 20.5 19.6 1006 0 94 91 - 0 - 0 - 0 10 1.1 13 1.6 4263 4550 18.4 19.6 18.4 22.5 24.6 25.7 26.3 -
2014-6-11 3:00:0020.5 19 21.1 20.4 1,006.1 0 91 86 6 1.1 7 0.9 9 1.1 12 1.1 19 2.2 5677 5875 19.6 20.1 19.5 23.1 25 26.1 26.6 -
2014-6-11 2:00:0021.1 18.7 21.1 20.2 1,006.1 0 86 85 29 1.7 26 1.2 12 1.2 29 1.7 31 3.3 7377 7527 20.1 20.9 20.1 23.7 25.5 26.5 26.9 -
2014-6-11 1:00:0020.2 18.9 20.2 19.9 1,006.5 0 92 91 10 0.5 13 0.6 324 0.3 22 0.9 59 1.2 6585 6579 20.9 21.1 20.3 24.1 25.9 27 27.3 -
2014-6-11 00:00:0019.9 18.6 20 19.7 1,007.1 0 92 90 20 0.7 36 0.6 67 0.6 98 0.7 79 0.9 6909 6352 21.1 21.1 19.8 24.4 26.5 27.5 27.7 -
2014-6-10 23:00:0020 18.3 20.9 20 1,007.3 0 90 85 103 0.8 104 0.7 98 0.7 98 1.8 99 2.4 6926 6132 20.2 21.1 20.2 25.1 27.3 28.1 28.1 -
2014-6-10 22:00:0021 18.2 21.6 21 1,007.3 0 84 80 86 1.7 87 1.6 84 1.7 85 2.2 85 3.6 8437 8487 21.1 22.1 21.1 26.1 28.2 28.8 28.5 -
2014-6-10 21:00:0021.6 18 22.4 21.6 1,007.2 0 80 76 88 2.4 87 2.2 85 2.3 93 2.9 103 4.5 10466 10990 22.1 23.3 22.1 27.2 29.2 29.5 28.8 -
2014-6-10 20:00:0022.5 18.1 23.8 22.5 1,006.7 0 76 69 90 3.5 90 2.8 91 2.6 90 3.4 93 5.2 14343 13206 23.3 25.4 23.3 28.7 30.4 30.2 29 -
2014-6-10 19:00:0023.8 17.8 25.7 23.8 1,006.2 0 69 62 96 3.4 97 3.1 94 3.2 70 4 74 6 16606 16713 25.5 30.8 25.5 30.8 31.8 30.8 29.1 -
2014-6-10 18:00:0025.7 17.9 27.1 25.7 1,005.5 0 62 54 69 6.2 64 4.1 70 3.9 41 4.7 56 7.8 15982 15519 30.9 37.6 30.9 33.3 33 31.2 29 -
2014-6-10 17:00:0027.2 17.4 28.4 27.2 1,005.1 0 55 55 51 6.7 62 4.2 69 4.5 69 4.7 69 7.4 18941 18351 37.9 44.8 37.9 35.9 33.9 31.3 28.7 -
2014-6-10 16:00:0028.3 19 29.3 28.3 1,004.9 0 57 53 73 6.5 72 4.1 50 4.1 31 4.4 22 7.3 14039 13634 44.5 49.7 44.4 37.6 34.3 31 28.2 -
2014-6-10 15:00:0028.8 18.6 29.4 28.7 1,005.2 0 54 53 352 4.1 3 2.9 41 2.9 69 4.1 77 6.7 14430 13551 48.7 53.7 45.5 38.7 34.3 30.4 27.6 -
2014-6-10 14:00:0029.1 19.1 29.2 28.7 1,005.2 0 55 53 85 4.1 80 3.6 61 3.7 50 3.9 73 7.3 13299 13523 52.8 55.6 50.1 39.2 33.5 29.4 26.8 -
2014-6-10 13:00:0028.8 18.9 29 28.3 1,005.5 0 55 54 50 3.5 56 2.3 43 3 39 4.1 30 6.9 13109 13256 54.3 57.7 54.1 38.9 32.2 28.1 26 -
2014-6-10 12:00:0028.4 19.3 28.4 27 1006 0 58 57 105 3.3 105 3.1 84 2.2 90 3.1 80 5.8 14736 12774 55.3 55.6 50.7 36.8 30.1 26.7 25.3 -
2014-6-10 11:00:0027.1 19.2 27.2 26.1 1,006.6 0 62 62 106 3.4 108 2.5 93 2.9 80 3.1 93 5.8 10374 12799 51.4 51.6 44.2 33.6 27.7 25.5 24.8 -
2014-6-10 10:00:0026.1 19.7 26.1 24 1007 0 68 67 20 1.8 63 1.2 59 2.3 52 3.1 73 5.4 10845 11151 45 45.3 32.4 29.5 25.5 24.7 24.6 -
2014-6-10 9:00:0024 19.9 24 23.1 1007 0 78 78 50 3.3 31 2.8 60 2.3 57 3.1 46 4.9 8736 9106 32.5 33.3 28.3 25.8 24.5 24.4 24.6 -
2014-6-10 8:00:0023 20.3 23 21.5 1,006.5 0 85 85 71 4.2 72 2.6 61 2.4 51 2.7 42 4.8 6358 6831 30.8 30.8 22.4 23.9 23.8 24.3 24.7 -
2014-6-10 7:00:0021.5 19.4 21.5 21.1 1,006.4 0 88 88 89 2.8 89 2.2 80 2.1 24 2.7 47 4.6 6564 6564 22.4 22.4 21.1 22.9 23.7 24.4 24.9 -
2014-6-10 6:00:0021.1 19 21.1 20.9 1,006.1 0 88 87 90 1.5 86 1.2 75 1.3 50 2.6 46 3.8 8467 8477 21.1 21.1 20.9 22.7 23.8 24.6 25.1 -
2014-6-10 5:00:0020.9 18.8 20.9 20.8 1006 0 88 88 58 3.5 68 3.2 43 2.2 84 2.7 83 4.3 9754 9847 20.9 21 20.9 22.8 24.1 24.9 25.3 -
2014-6-10 4:00:0020.9 18.8 21 20.8 1,005.5 0 88 86 83 3.3 83 2.7 85 2.7 89 2.7 81 4.1 8408 8300 21 21.6 20.9 23.1 24.3 25.1 25.5 -
2014-6-10 3:00:0020.7 18.6 20.7 20.7 1,006.1 0 88 87 81 1.9 82 1.6 74 1.6 90 2.4 84 3.4 8355 8948 20.9 21.1 20.8 23.2 24.6 25.4 25.8 -
2014-6-10 2:00:0020.7 18.6 20.9 20.7 1,005.7 0 88 86 96 3.3 92 2.7 88 2.3 97 3.2 91 5.5 9347 9185 21 21.1 20.8 23.4 24.9 25.8 26 -
2014-6-10 1:00:0020.9 18.5 21.2 20.9 1,005.7 0 86 84 97 4 95 3.2 98 3.2 94 3.2 89 5.1 9869 9555 21 21.9 21 23.9 25.4 26.1 26.3 -
2014-6-10 00:00:0021.2 18.4 21.3 21.2 1,006.7 0 84 83 92 4 90 3.2 94 3.2 97 4.3 102 7.1 9225 9358 21.8 22.2 21.8 24.4 25.8 26.5 26.6 -
2014-6-9 23:00:0021.3 18.9 21.6 21.3 1,006.7 0 86 86 89 4.6 89 3.9 97 3.7 102 3.9 103 6.3 7340 7648 21.7 21.8 21.3 24.7 26.3 27 26.9 -
2014-6-9 22:00:0021.6 19.2 22 21.6 1007 0 86 84 94 4.4 94 3.5 94 3.7 102 4.1 103 7.1 7330 7551 21.8 22.7 21.8 25.5 27 27.5 27.2 -
2014-6-9 21:00:0022 19.2 22.7 22 1,006.8 0 84 79 94 4 97 3.5 93 3.1 96 5.3 98 8.3 8246 8244 22.7 23.7 22.7 26.3 27.8 28 27.4 -
2014-6-9 20:00:0022.7 19.1 23.4 22.7 1,006.3 0 80 77 101 7.4 102 4.9 97 3.7 96 4.7 103 7.4 11724 9929 23.7 25.2 23.7 27.5 28.8 28.6 27.6 -
2014-6-9 19:00:0023.4 19.1 24.6 23.4 1,005.6 0 77 72 90 5.4 88 4.6 89 4.5 86 4.9 96 7.2 10818 10969 25.2 28.3 25.2 29 29.8 29 27.7 -
2014-6-9 18:00:0024.6 19.2 25.6 24.6 1,005.4 0 72 67 86 6.8 87 4.9 90 4.5 88 5.1 84 8.6 10753 11629 28.4 34.8 28.4 30.9 30.8 29.3 27.6 -
2014-6-9 17:00:0025.7 18.9 26.6 25.7 1,004.9 0 66 64 104 5.7 103 4.7 103 4.8 105 5.2 106 8.7 12798 13282 34.7 40.1 34.7 33.1 31.5 29.3 27.3 -
2014-6-9 16:00:0026.6 19.2 27.2 26.6 1,004.9 0 64 60 100 6.2 101 5 109 4.9 101 5.1 103 9 10898 11273 39.5 42.9 38.8 34.6 31.7 29 26.8 -
2014-6-9 15:00:0027.2 18.5 27.5 27 1005 0 59 59 103 6.2 104 5.5 96 4.5 98 4.5 104 7.3 10980 10350 42.7 48.2 42.3 35.8 31.5 28.4 26.3 -
2014-6-9 14:00:0027.2 18.5 27.4 26.9 1,005.3 0 59 59 121 6.8 110 4.4 108 4.3 98 4.6 127 7.4 9250 9559 44.3 48.5 43.3 35.6 30.7 27.5 25.7 -
2014-6-9 13:00:0027.2 19 27.2 26.1 1,005.7 0 61 60 102 7.9 108 5 96 4 95 4.2 102 7.9 8536 7984 48.5 49.2 43.8 34.6 29.4 26.5 25.1 -
2014-6-9 12:00:0025.9 18.6 26.1 25.7 1,006.7 0 64 61 91 6 96 3.3 100 3.8 104 4.6 106 7.5 8212 9243 42.6 44.1 40.4 32.3 27.9 25.6 24.6 -
2014-6-9 11:00:0025.7 18.6 25.7 25.2 1,007.2 0 65 64 93 5.5 95 3.9 102 3.2 105 4.3 103 6.5 7373 9036 41 41.5 38.8 30.5 26.5 24.8 24.3 -
2014-6-9 10:00:0025.4 18.6 25.4 23.9 1007 0 66 66 87 3.9 82 3.5 94 3.8 104 4.4 99 6.9 10660 9409 41.2 41.2 32.2 27.9 25 24.1 24.1 -
2014-6-9 9:00:0023.9 18.8 23.9 22.8 1,006.9 0 73 72 106 5.5 104 4.4 103 4.3 97 4.7 92 6.9 7487 7328 32.2 32.2 26.9 25.4 23.9 23.8 24.1 -
2014-6-9 8:00:0022.9 18.7 22.9 21.7 1,006.9 0 77 77 114 5.8 106 4.4 104 3.4 97 4.5 98 7.2 7733 7750 27.6 28 23.7 24 23.3 23.6 24.1 -
2014-6-9 7:00:0021.7 18.9 21.7 20.8 1,006.4 0 84 84 92 5.3 95 3.5 96 3.5 101 4.2 105 6.6 6126 6290 23.8 24.5 21.6 22.6 22.9 23.6 24.3 -
2014-6-9 6:00:0020.8 19.1 20.8 19.9 1,006.5 0 90 90 97 3.9 95 3 94 2.7 90 3 85 4.7 5435 4972 21.5 21.5 19.1 21.8 22.8 23.8 24.5 -
2014-6-9 5:00:0019.9 18.9 19.9 19.7 1006 0 94 93 79 2.5 78 2.1 78 2.4 81 2.5 74 4 4374 4376 19.1 19.2 18.8 21.4 23 24.1 24.7 -
2014-6-9 4:00:0019.8 18.6 19.9 19.6 1,005.8 0 93 93 82 2.1 79 1.8 80 2.6 81 2.7 80 4.2 5401 5467 19.2 19.7 18.9 21.8 23.3 24.4 25 -
2014-6-9 3:00:0019.7 18.7 19.9 19.7 1,005.5 0 94 93 90 2.9 88 2.2 88 2.1 84 2.2 81 3.5 3641 3441 18.9 19.2 18.9 21.9 23.7 24.7 25.2 -
2014-6-9 2:00:0019.9 18.7 20.4 19.9 1,005.4 0 93 90 81 1.6 82 1.7 85 2.2 91 2.7 91 3.9 5413 5379 19.2 19.8 19.2 22.4 24.1 25.1 25.5 -
2014-6-9 1:00:0020.4 18.7 21.3 20.4 1,005.8 0 90 85 92 3.4 92 2.5 93 2.4 98 3.3 95 5.5 5500 3880 19.8 21.2 19.8 23 24.6 25.5 25.8 -
2014-6-9 00:00:0021.3 18.7 21.4 21.2 1,006.3 0 85 84 96 3.9 95 3.1 98 3.2 98 4 100 6 5037 5377 21.3 21.4 21.1 23.6 25.1 25.8 26 -
2014-6-8 23:00:0021.3 18.7 21.8 21.3 1,006.6 0 85 83 89 3.4 91 2.6 96 2.9 96 4.1 88 6 6500 6837 21.2 22.3 21.1 24 25.6 26.2 26.3 -
2014-6-8 22:00:0021.8 18.8 22.1 21.6 1,006.8 0 83 81 91 4.5 94 3.5 97 4.1 97 4.1 104 6.3 6296 6334 22.3 22.3 21.7 24.6 26.1 26.7 26.6 -
2014-6-8 21:00:0022.1 18.7 22.8 22.1 1,006.6 0 81 77 98 4 102 3.6 101 4.1 100 4.9 105 7.2 7371 6682 22 23 22 25.3 26.8 27.1 26.8 -
2014-6-8 20:00:0022.8 19 23.7 22.8 1,005.7 0 79 77 102 7.2 100 5.1 99 4.7 99 4.7 103 7.2 7879 6104 23 24.4 23 26.3 27.6 27.6 27 -
2014-6-8 19:00:0023.7 19.4 25.1 23.7 1,005.1 0 77 71 101 5.4 97 3.2 100 4 103 4.8 105 7.1 3548 6513 24.4 27.3 24.4 27.7 28.5 28 27 -
2014-6-8 18:00:0025.1 19.5 25.8 25.1 1,004.5 0 71 69 108 6.2 105 4.3 103 4.4 101 4.5 106 7.1 7788 7156 27.4 30.2 27.4 29.3 29.3 28.3 27 -
2014-6-8 17:00:0025.8 19.9 26.9 25.8 1,004.3 0 70 67 102 4.5 104 3.6 102 3.7 104 4.1 105 6.4 6558 6433 30.2 36.3 30.2 30.8 29.9 28.3 26.8 -
2014-6-8 16:00:0026.9 20.7 27.2 26.8 1,004.5 0 69 65 103 3.3 102 2.5 97 3.3 103 3.8 105 5.5 6322 6959 36.3 39.3 36.3 32.5 30.1 28 26.5 -
2014-6-8 15:00:0027.1 20.4 27.3 27 1,004.6 0 67 65 103 5 103 4 100 3.2 119 3.3 104 5.5 7488 7042 39.4 40.4 38.2 32.7 29.8 27.6 26.1 -
2014-6-8 14:00:0027.3 19.9 27.5 27.1 1,004.5 0 64 62 106 2.6 104 2.1 108 2.6 100 3 101 4.7 7555 6988 40.5 43.5 38.2 32.6 29.4 27.1 25.7 -
2014-6-8 13:00:0027.5 19.8 27.7 26.6 1,005.1 0 63 61 101 4.2 104 2.7 92 2.2 122 2.9 111 5.1 7249 6804 43.9 45.7 39.7 33 28.4 26.2 25.3 -
2014-6-8 12:00:0026.6 19.7 26.6 25.8 1,005.4 0 66 66 138 4 127 2.2 101 2.3 87 2.9 84 4.9 5039 6096 39.3 40.4 36.6 30.3 27 25.6 25 -
2014-6-8 11:00:0025.8 20.6 25.8 24.8 1,005.5 0 73 73 72 3.6 75 2.8 91 2.4 94 2.5 101 4.3 4234 3721 36.6 36.6 32.2 28 26 25.2 24.9 -
2014-6-8 10:00:0024.8 20.9 24.8 24 1,005.7 0 79 78 143 3.7 134 1.7 108 1.8 83 2.9 101 3.9 3920 3695 32.5 32.5 29.7 26.8 25.3 24.9 24.9 -
2014-6-8 9:00:0023.9 21 23.9 23.1 1,005.4 0 84 84 81 3.7 81 2.8 85 2.7 86 2.7 88 4.2 3708 3615 29.8 29.8 26.1 25.4 24.7 24.7 24.9 -
2014-6-8 8:00:0023.1 21.4 23.1 22.6 1,005.5 0 90 90 72 2.5 73 1.5 78 1.9 87 2.4 80 3.7 2794 2797 26 26.4 24.6 24.6 24.4 24.7 25 -
2014-6-8 7:00:0022.5 21.3 22.5 21.9 1,005.3 0 93 93 103 2.1 102 1.6 112 1.7 98 1.7 112 2.7 2814 2918 24.9 24.9 23 23.8 24.2 24.8 25.2 -
2014-6-8 6:00:0021.9 21.2 21.9 21.2 1,004.5 0 96 96 99 1.7 98 1.4 100 1.7 95 1.8 90 2.6 2598 2485 22.9 22.9 20.7 23.2 24.2 25 25.4 -
2014-6-8 5:00:0021.2 20.5 21.6 21.2 1,004.1 0 96 95 74 1.3 75 1 77 1.2 82 1.5 90 2 2764 2820 20.7 21.2 20.7 23.1 24.5 25.3 25.6 -
2014-6-8 4:00:0021.6 20.8 21.7 21.5 1004 0 95 95 80 1.6 79 1.2 82 1.6 79 1.8 83 3.3 2958 3183 21.2 21.5 21.2 23.5 24.8 25.6 25.9 -
2014-6-8 3:00:0021.6 20.9 21.7 21.5 1,003.9 0 96 95 87 1.6 85 1.6 74 1.7 97 1.8 100 2.5 3209 3161 21.5 21.8 21.5 23.8 25.2 25.9 26.2 -
2014-6-8 2:00:0021.7 20.9 21.7 21.6 1,004.1 0 95 94 96 2.3 96 1.6 91 1.7 76 1.9 80 2.8 3012 3242 21.8 22.1 21.8 24.2 25.6 26.3 26.5 -
2014-6-8 1:00:0021.7 20.7 22.2 21.7 1,004.6 0 94 92 71 1.3 71 0.9 72 0.8 91 1.5 91 1.9 3494 3629 21.8 22.2 21.8 24.6 26.1 26.7 26.8 -
2014-6-8 00:00:0022.2 20.8 22.8 22.2 1,004.3 0 92 89 89 1.8 90 1.5 91 1.4 100 2.2 106 3.3 3760 4040 22.2 22.8 22.2 25.2 26.6 27.2 27.1 -
2014-6-7 23:00:0022.8 21.1 23.4 22.8 1,004.1 0 90 86 99 3 100 2.4 100 2.1 100 3.2 104 4.3 5443 5285 22.8 23.5 22.8 25.8 27.3 27.7 27.4 -
2014-6-7 22:00:0023.5 21 24.2 23.5 1,004.1 0 86 82 97 3.8 99 2.6 101 3.1 105 3.3 98 4.9 6409 6525 23.5 24.3 23.5 26.6 28 28.2 27.7 -
2014-6-7 21:00:0024.2 20.9 25.3 24.2 1,003.7 0 82 77 100 4 99 3.1 100 2.7 104 3.8 103 5.3 6996 6003 24.3 25.5 24.3 27.5 28.8 28.8 27.9 -
2014-6-7 20:00:0025.3 21 26.3 25.3 1,002.8 0 77 71 103 3.8 103 3.3 105 3.3 105 3.5 112 5.9 5590 5823 25.5 27.1 25.5 28.7 29.8 29.4 28.1 -
2014-6-7 19:00:0026.3 20.8 27.3 26.3 1,002.4 0 72 69 104 4.3 107 2.9 105 2.9 105 3.5 102 4.9 6433 5972 27.1 29.4 27.1 30.3 30.8 29.9 28.2 -
2014-6-7 18:00:0027.3 21.1 29.3 27.3 1,001.8 0 69 62 113 4.9 106 3.2 103 3.3 102 3.9 99 6.1 6409 6230 29.4 33.3 29.1 32 32 30.3 28.2 -
2014-6-7 17:00:0029.3 21.3 31 29.3 1,001.1 0 62 50 117 4.3 127 2.9 107 2.1 267 2.2 125 5.3 3979 5642 33.4 41.7 33.4 34.6 33 30.4 27.9 -
2014-6-7 16:00:0030.9 19.3 31.3 30.6 1,000.8 0 50 48 308 1.6 295 1.5 173 1.1 134 1.4 190 2.7 5893 6322 41.6 48.1 41.6 36.5 33.4 30.1 27.4 -
2014-6-7 15:00:0031.2 19.5 31.2 30.2 1001 0 50 47 261 2.2 224 1 165 1.1 167 1.7 202 3.1 6425 6757 48.3 49 45.1 37.7 33.2 29.6 26.8 -
2014-6-7 14:00:0030.3 19.7 31.1 30.1 1,001.4 0 53 46 152 2.3 164 2.1 130 1.5 59 1.7 174 3.1 6892 6738 44.8 55.2 44.6 37.9 32.9 28.7 26 -
2014-6-7 13:00:0030.1 19.5 30.1 29.5 1002 0 53 51 13 1.7 13 1.4 56 1.8 86 2.5 87 4.1 5127 5701 53.7 53.9 50.6 37.7 31.4 27.4 25.3 -
2014-6-7 12:00:0029.5 20.6 29.5 27.7 1,002.9 0 59 56 86 2.3 94 2 113 2.1 124 2.4 108 3.7 4825 5021 52.3 52.3 43.7 35.7 29.4 26.2 24.6 -
2014-6-7 11:00:0027.9 20.7 27.9 26.8 1,003.2 0 65 64 159 3.8 134 3.2 117 2.3 117 2.3 115 4.6 4960 5233 44.9 46.7 40.8 32.9 27.7 25.2 24.1 -
2014-6-7 10:00:0026.8 21.1 26.9 25.5 1,003.6 0 71 69 194 2.1 198 1.5 170 1.5 97 2.4 105 3.8 5136 5457 42.3 43.1 37.3 30.6 25.9 24.2 23.8 -
2014-6-7 9:00:0025.6 21.3 25.6 23.6 1,003.8 0 77 75 105 3.8 102 2.8 94 2.4 91 2.6 82 4.3 5119 4797 37.6 37.6 29 27.2 24.3 23.6 23.7 -
2014-6-7 8:00:0023.6 20.7 23.6 22.4 1,004.1 0 84 82 106 2.8 104 2.2 105 2.5 102 2.6 103 3.6 4229 4291 28.7 29.2 24.9 24.4 23.3 23.4 23.7 -
2014-6-7 7:00:0022.4 20.1 22.4 21.2 1,003.8 0 87 87 104 2.7 104 2.5 97 2.1 95 2.2 104 3.3 3835 3557 25 25.4 22.3 22.8 22.9 23.4 23.8 -
2014-6-7 6:00:0021.2 20.2 21.2 20.5 1,003.7 0 94 94 79 2.4 81 1.7 76 1.5 89 1.8 71 2.6 2881 2951 22.3 22.3 20.1 22 22.9 23.6 24 -
2014-6-7 5:00:0020.6 19.8 20.9 20.6 1,003.3 0 95 94 90 1.7 90 1.4 88 1.7 87 2 104 3.2 2347 2303 20.1 20.5 20 21.9 23.1 23.8 24.2 -
2014-6-7 4:00:0020.9 19.7 21.1 20.9 1,003.2 0 93 93 96 2.2 95 1.7 96 1.9 98 2.4 101 3.9 2684 2595 20.5 20.8 20.5 22.2 23.3 24.1 24.5 -
2014-6-7 3:00:0020.9 19.7 20.9 20.8 1,003.3 0 93 93 102 3.4 101 2.2 98 2.3 99 2.7 95 4.7 3106 2983 20.5 20.5 20.2 22.2 23.6 24.4 24.7 -
2014-6-7 2:00:0020.8 19.8 21.1 20.8 1,003.5 0 94 92 100 2.4 103 1.7 97 1.5 88 2.1 85 2.9 2818 2494 20.2 20.7 20.2 22.6 24 24.7 24.9 -
2014-6-7 1:00:0021 19.7 21.2 21 1,003.6 0 92 90 91 3 88 2.2 86 1.9 93 2.1 95 3.2 2808 2813 20.7 21.1 20.7 23 24.4 25.1 25.2 -
2014-6-7 00:00:0021.2 19.5 21.2 21.1 1004 0 90 86 85 2.5 85 2 87 1.9 86 2.1 91 3.2 3625 3676 21.1 21.1 20.8 23.4 24.8 25.5 25.5 -
2014-6-6 23:00:0021.2 18.8 22 21.2 1,004.4 0 86 82 96 2.6 97 1.8 100 1.7 95 2.6 96 3.9 3334 3794 20.9 21.9 20.9 23.9 25.4 25.9 25.8 -
2014-6-6 22:00:0022 19 23.1 22 1,004.7 0 83 81 97 3 99 2.5 95 2.7 103 3.6 104 4.1 4308 4331 21.9 22.9 21.9 24.7 26.1 26.4 26 -
2014-6-6 21:00:0023.1 19.7 23.9 23.1 1,004.3 0 81 78 104 4.5 103 3.1 102 3.7 104 3.7 104 5.8 4438 4651 22.9 23.9 22.9 25.6 26.8 26.9 26.3 -
2014-6-6 20:00:0023.9 19.8 24.7 23.9 1,004.1 0 78 72 102 4.3 102 3.4 100 3.3 96 3.3 101 5.1 5300 5291 23.9 24.9 23.9 26.6 27.6 27.4 26.4 -
2014-6-6 19:00:0024.8 19.4 26.3 24.8 1,003.5 0 72 66 96 3.5 98 3.1 96 3.1 102 4.2 100 6.5 6612 6451 24.9 28.8 24.9 28 28.6 27.8 26.5 -
2014-6-6 18:00:0026.3 19.4 27.7 26.3 1,002.9 0 66 60 98 4.4 99 3.9 101 4 103 4 103 6.3 6383 7320 28.8 33.9 28.8 29.9 29.5 28 26.4 -
2014-6-6 17:00:0027.7 19.2 27.9 27.7 1,002.8 0 60 58 97 4.1 95 3.1 88 2.8 95 3.5 84 5.3 7527 8607 34.2 36.8 34.2 31.6 29.9 28 26.2 -
2014-6-6 16:00:0028 19.2 28 27.5 1003 0 59 59 100 5.1 102 3.7 92 3.3 81 3.8 74 6 9226 10037 37.2 38.3 34.2 32.1 30 27.9 25.9 -
2014-6-6 15:00:0027.5 19.6 28.7 27.5 1,003.3 0 62 55 73 3.9 77 2.6 82 3.8 86 4.2 80 6.2 8940 8612 34.2 42.9 33.9 32.5 30.4 27.7 25.5 -
2014-6-6 14:00:0028.5 19.2 28.5 27.9 1,003.8 0 57 54 97 3.5 94 2.7 100 2.6 66 2.6 32 4.4 6813 6954 42.6 46.4 36.3 33.7 30.3 27.3 25 -
2014-6-6 13:00:0028.6 19 28.6 28.1 1,004.3 0 56 56 46 1.7 44 0.6 79 1.3 103 2.3 95 3.9 7308 6571 47 47.6 41.8 34.6 30 26.4 24.3 -
2014-6-6 12:00:0028.1 19.1 28.1 26.7 1,004.9 0 58 56 85 1.9 91 0.7 76 1.1 109 2.6 84 4.6 5911 6206 46.4 49.3 44.6 34.6 28.6 25.2 23.6 -
2014-6-6 11:00:0026.7 19.3 26.7 25.7 1,005.5 0 64 64 95 3.8 94 3.2 116 2.5 116 2.5 82 4.2 5249 5311 44.5 46.2 37.5 32.4 26.7 24.1 23.1 -
2014-6-6 10:00:0026.3 19.4 26.3 24.4 1,005.6 0 66 65 14 3.3 22 2.6 37 1.6 80 2.5 77 4.7 5301 5748 44.8 45.1 35.1 29.6 24.7 23.1 22.7 -
2014-6-6 9:00:0024.5 20 24.5 23 1,005.6 0 76 73 79 2.2 81 1.6 89 2.3 99 2.7 90 3.9 4819 4782 35.9 36.2 29.5 26.1 23.1 22.5 22.6 -
2014-6-6 8:00:0023 19.2 23.1 21.1 1,005.8 0 79 79 154 3.3 137 2.5 104 2.3 98 2.4 102 3.7 3324 3515 29.6 29.8 22.9 23.4 22.1 22.2 22.6 -
2014-6-6 7:00:0021.1 19.7 21.1 20.3 1,005.7 0 92 91 124 2.3 114 2.1 116 2.1 116 2.1 115 3.2 2662 2779 22.8 23 21 21.5 21.6 22.2 22.7 -
2014-6-6 6:00:0020.3 19.5 20.3 19.7 1,005.6 0 95 95 108 1.6 106 1.3 112 1.4 73 2.1 72 3.4 2662 2597 21 21 19 20.6 21.5 22.4 22.9 -
2014-6-6 5:00:0019.7 19.2 19.7 19.2 1,005.1 0 97 97 75 2.9 73 2.2 72 1.9 77 2.1 74 3.7 2653 2696 18.9 18.9 18.5 20.4 21.7 22.6 23.1 -
2014-6-6 4:00:0019.3 18.8 19.3 19.1 1,004.8 0 97 96 74 1.3 74 1.1 73 1 71 1.3 71 2 2797 2782 18.5 18.5 18.4 20.5 22 22.9 23.4 -
2014-6-6 3:00:0019.2 18.5 19.4 19.2 1005 0 96 95 88 0.9 88 0.8 92 0.7 87 1 87 1.2 1772 1893 18.4 19 18.4 20.8 22.3 23.2 23.6 -
2014-6-6 2:00:0019.4 18.7 19.5 19.4 1,005.2 0 96 94 70 0.5 70 0.5 77 0.9 85 1.2 74 1.6 2367 2179 19 19.1 18.9 21.1 22.6 23.5 23.9 -
2014-6-6 1:00:0019.5 18.7 20.3 19.5 1,005.4 0 95 91 88 1.1 88 0.9 94 0.8 88 1.1 144 1.4 2864 3075 19 19.2 18.9 21.5 23.1 23.9 24.1 -
2014-6-6 00:00:0020.3 18.8 20.7 20.3 1006 0 91 86 187 0.9 182 0.6 167 0.8 151 1.5 146 2.5 4138 4169 19.3 19.7 19.3 22 23.6 24.3 24.4 -
2014-6-5 23:00:0020.7 18.3 21.4 20.7 1,006.4 0 86 85 162 0.8 164 0.6 162 1.1 140 1.8 153 3.1 8013 8155 19.8 20.6 19.8 22.6 24.2 24.8 24.7 -
2014-6-5 22:00:0021.4 19.1 21.9 21.4 1,006.3 0 87 87 153 1.7 158 1.4 169 1.4 156 2 163 3 5405 5073 20.6 21.4 20.6 23.4 24.9 25.2 24.9 -
2014-6-5 21:00:0021.9 19.5 22.9 21.9 1,006.1 0 86 84 159 1.7 158 1.5 156 2 143 2.3 103 4.3 5545 5658 21.4 22.7 21.4 24.4 25.7 25.7 25.1 -
2014-6-5 20:00:0023 20.2 24.3 23 1,005.6 0 84 78 130 1.8 140 1.3 139 1.7 161 2.1 159 3.8 6091 6348 22.8 24.9 22.8 25.6 26.6 26.2 25.2 -
2014-6-5 19:00:0024.4 20.1 26.4 24.4 1,005.1 0 77 64 166 2.4 165 2 168 2.1 169 2.7 135 4.3 7444 7106 24.9 28.1 24.9 27.1 27.5 26.5 25.2 -
2014-6-5 18:00:0026.4 19 27.2 26.4 1,004.2 0 64 59 106 3.4 106 1.9 102 1.5 85 2.1 76 3.4 6281 6331 28.2 33.4 28.2 29 28.2 26.7 25.1 -
2014-6-5 17:00:0027.2 18.8 27.5 27.2 1,003.9 0 60 57 82 2.4 89 1.8 85 2.1 82 2.8 73 4.4 7034 7173 33.5 36.5 33.5 30.5 28.6 26.6 24.8 -
2014-6-5 16:00:0027.3 18.3 27.3 27 1,004.2 0 58 57 16 2.6 16 1.9 6 1.9 21 2.2 10 4.3 8003 7316 35.4 38.9 33.2 31.1 28.9 26.4 24.4 -
2014-6-5 15:00:0027 18.6 27.2 26.9 1,004.7 0 60 57 72 2.6 74 2.1 59 2.2 61 2.5 75 4.7 7070 7608 36.5 43.4 36.4 32.2 28.8 25.9 23.9 -
2014-6-5 14:00:0026.9 18.5 26.9 26.2 1,004.9 0 60 59 49 1.8 42 1.8 17 2 53 2.8 47 5.7 6168 6311 42.5 44.3 37 32.3 28.2 25.2 23.4 -
2014-6-5 13:00:0026.5 18.6 26.8 25.7 1,005.2 0 62 60 64 3.8 59 2.2 1 1.8 352 2.8 357 5.3 5571 5661 40.2 45.8 38.8 32.5 27.1 24.2 22.8 -
2014-6-5 12:00:0025.7 18.4 25.7 24.4 1,005.8 0 64 63 12 4.2 15 2.2 332 1.7 24 3.2 37 5.6 5721 5942 40.7 42.2 34.1 29.9 25.6 23.4 22.4 -
2014-6-5 11:00:0024.4 18.3 24.6 24.1 1,006.2 0 69 68 14 4.9 17 3.3 38 2.3 25 2.9 46 5.2 6354 6393 34.2 37.7 32.8 28 24.5 22.7 22 -
2014-6-5 10:00:0024.1 18.7 24.2 23.2 1,006.2 0 72 69 16 4.4 22 2.9 354 2.1 29 2.7 351 4.7 7908 7581 33.1 34.2 29.3 26.3 23.3 22 21.7 -
2014-6-5 9:00:0023.2 18.3 23.4 22.2 1,006.2 0 74 71 16 2.9 11 1.8 3 2.3 28 2.7 15 4.2 5477 5704 29.3 32.5 26.4 24.9 22.2 21.5 21.5 -
2014-6-5 8:00:0022.2 17.8 22.6 21.9 1006 0 76 75 25 2.3 9 1.7 8 2 13 3 38 5.5 6554 6979 26.3 27.9 24.9 22.9 21.3 21.1 21.4 -
2014-6-5 7:00:0021.9 17.7 21.9 20.5 1,005.6 0 77 77 349 2.8 356 1.7 9 1.8 8 1.9 11 4.4 6893 6165 25 25 20.6 21.1 20.6 20.9 21.4 -
2014-6-5 6:00:0020.5 17.9 20.5 20.2 1005 0 85 85 322 2.3 324 1.1 330 1.4 327 1.5 344 2.6 5027 4877 20.4 20.4 19.1 19.8 20.3 20.9 21.5 -
2014-6-5 5:00:0020.2 17.8 20.2 20 1,004.5 0 86 86 287 1 285 0.8 302 0.9 310 1.2 322 2.4 5806 5957 19 19 18.8 19.6 20.3 21 21.6 -
2014-6-5 4:00:0020 17.6 20 19.1 1,004.3 0 86 86 282 2.6 305 1.4 315 0.8 320 1.5 337 2.8 5873 5956 18.8 18.8 17.3 19.3 20.3 21.1 21.8 -
2014-6-5 3:00:0019.1 17.4 19.4 19.1 1,004.2 0 90 89 304 1.3 305 0.9 311 0.8 317 1.5 348 2.6 5793 5463 17.3 17.4 17 19 20.5 21.4 21.9 -
2014-6-5 2:00:0019.4 17.5 19.9 19.4 1,004.3 0 89 87 323 1.5 313 1.3 322 1.2 17 2 11 3.7 5736 6141 17.3 17.9 17.3 19.4 20.8 21.6 22.1 -
2014-6-5 1:00:0019.9 17.7 20.5 19.9 1,004.8 0 87 86 24 2.8 18 2.1 18 2 15 2.3 13 4 7111 6837 17.9 18.3 17.8 19.7 21.1 21.9 22.3 -
2014-6-5 00:00:0020.5 18.1 21.6 20.5 1,005.1 0 86 79 5 2.7 11 1.7 13 1.2 26 2.4 16 4.3 5571 5682 18.3 19.5 18.3 20.2 21.5 22.1 22.4 -
2014-6-4 23:00:0021.6 17.8 22.2 21.6 1,005.3 0 79 74 18 2.4 16 2 15 2.3 20 2.3 13 4 4701 4738 19.5 19.8 19.1 20.7 21.7 22.3 22.6 -
2014-6-4 22:00:0022.2 17.3 22.9 22.2 1,005.4 0 74 70 0 1.3 356 0.9 352 1 12 2.1 9 3.9 6563 6725 19.8 20 19.4 21 22.1 22.6 22.7 -
2014-6-4 21:00:0022.9 17.4 23.2 22.9 1,004.9 0 71 69 5 3.4 7 2.3 9 2 9 2 1 4 7161 6896 20 20.6 20 21.6 22.4 22.8 22.8 -
2014-6-4 20:00:0023.2 17.2 23.7 23.2 1,004.5 0 69 67 344 2.1 336 1.4 329 1.4 314 2.2 315 4.3 7234 7458 20.3 21.5 20.3 22 22.8 23 22.9 -
2014-6-4 19:00:0023.7 17.4 23.9 23.7 1,004.2 0 68 66 326 2.6 316 1.5 325 1.4 341 1.9 338 3.3 8804 8557 21.4 21.9 21.4 22.7 23.2 23.2 22.9 -
2014-6-4 18:00:0023.9 17.2 24.4 23.9 1,003.6 0 66 61 353 2 346 1.8 333 2.1 353 2.6 290 4.3 8337 8217 21.7 23.6 21.7 23.3 23.7 23.3 22.8 -
2014-6-4 17:00:0024.4 16.1 24.8 24.4 1,003.1 0 60 59 10 3.1 10 2.2 352 2.7 327 3.3 312 6.6 12208 12635 23.6 27.5 23.5 24.5 24 23.2 22.6 -
2014-6-4 16:00:0024.8 16.2 25.3 24.8 1,003.2 0 59 56 341 5.3 347 3.2 348 2.5 317 4.3 310 8.4 12027 12779 27.6 31.1 27.4 25.4 23.8 22.9 22.5 -
2014-6-4 15:00:0024.9 16.3 24.9 23.4 1,003.2 0 59 59 345 4.4 336 3.1 331 3 319 3.8 325 7 11189 11468 30.2 31 24 24.6 23.1 22.6 22.4 -
2014-6-4 14:00:0023.5 17.3 23.7 23.3 1,003.8 0 68 64 326 3.3 324 3.5 328 3.4 327 3.6 308 6.5 6159 6686 24.9 25 22.7 23.2 22.9 22.6 22.3 -
2014-6-4 13:00:0023.7 16.5 24.5 23.7 1,003.6 0 64 59 309 3.3 316 2.7 313 3.2 310 3.6 314 6.6 5565 5704 23.6 28.3 23.6 23.7 23 22.4 22.1 -
2014-6-4 12:00:0024 16.5 24 23.2 1,004.2 0 63 62 307 2.2 307 1.7 308 2.7 293 3.9 285 6.1 6693 6308 25.7 26.2 23.3 23.4 22.7 22.2 22 -
2014-6-4 11:00:0023.3 17.1 23.3 23.1 1,004.7 0 68 63 290 4.1 289 2.5 274 2.8 290 4.4 303 8.2 4651 4795 24.9 24.9 23.6 23.3 22.6 22 21.8 -
2014-6-4 10:00:0023.2 16.3 23.6 23 1,004.6 0 65 63 289 7.8 285 3.6 287 3.5 313 4.6 289 7.8 5995 6060 24.6 27 24.6 23.8 22.4 21.7 21.6 -
2014-6-4 9:00:0023.1 16.4 23.2 22.5 1,004.8 0 66 64 289 5.9 291 4.3 310 3.8 319 4.7 335 8.5 6343 6575 25.5 27.5 25.4 23.5 21.6 21.2 21.5 -
2014-6-4 8:00:0022.5 16.3 22.5 21.6 1,004.7 0 68 68 300 7.2 297 5 314 4.3 311 4.5 316 8.5 6364 6063 25.5 25.5 22.3 21.6 20.8 20.9 21.5 -
2014-6-4 7:00:0021.5 16.5 21.5 20 1,004.5 0 73 73 294 5.2 294 3.3 290 3 290 3 289 5.2 4510 4736 22.2 22.5 19 20.2 20.1 20.8 21.5 -
2014-6-4 6:00:0020 16.4 20 19.8 1,004.4 0 80 78 275 1.7 269 1.2 274 1.1 274 1.5 280 2.9 4168 3988 18.9 18.9 17.5 18.9 20 20.9 21.7 -
2014-6-4 5:00:0020 16 20.3 20 1,004.2 0 78 76 278 1.5 280 1.1 281 1.1 288 2.6 269 3.8 4495 4577 17.7 17.7 17.3 18.9 20.1 21.1 21.8 -
2014-6-4 4:00:0020.3 15.9 20.3 20.1 1,004.1 0 76 76 290 3.1 285 1.6 289 2.6 296 3 292 5.1 5013 5190 17.3 17.9 17.2 19 20.4 21.3 22 -
2014-6-4 3:00:0020.2 16.2 20.2 20.1 1,004.2 0 78 78 294 3.4 290 2.4 283 2 287 2.7 273 4.9 5230 5234 17.9 17.9 17.5 19.3 20.6 21.5 22.1 -
2014-6-4 2:00:0020.1 16.5 20.3 20.1 1004 0 80 80 292 3 291 1.7 282 1.8 283 2.1 282 4.1 4455 4452 17.7 18.5 17.7 19.6 20.9 21.7 22.3 -
2014-6-4 1:00:0020.1 16.9 20.2 20 1,004.4 0 82 82 260 2.1 267 1.2 272 1.4 279 1.8 284 3.2 4040 4080 18.4 18.7 18 19.8 21.1 21.9 22.4 -
2014-6-4 00:00:0020.2 17.4 20.5 20.2 1,004.9 0 84 82 291 1.5 292 0.9 277 1.2 279 1.5 280 2.6 3949 4106 18.7 19.2 18.7 20.3 21.4 22.1 22.5 -
2014-6-3 23:00:0020.5 17.3 20.7 20.5 1,005.2 0 82 81 276 1.8 276 1.2 281 1.5 282 1.7 292 2.9 3101 2926 19.2 19.6 19.2 20.6 21.6 22.3 22.7 -
2014-6-3 22:00:0020.7 17.5 20.7 20.6 1,005.4 0 82 80 297 2.3 282 1.4 288 1.3 310 1.6 332 2.7 4160 4176 19.6 19.7 19.6 20.8 21.8 22.5 22.8 -
2014-6-3 21:00:0020.8 17.4 20.8 20.8 1,005.4 0 81 80 321 2.3 314 1.7 307 1.6 291 2.6 284 5.2 4926 5020 19.7 19.8 19.7 21 22.1 22.7 22.9 -
2014-6-3 20:00:0020.8 17.4 21.9 20.8 1005 0 81 72 300 2.2 292 1.9 294 2.3 311 3.8 323 6.1 5257 5447 19.8 20 19.7 21.3 22.4 22.9 23.1 -
2014-6-3 19:00:0021.9 16.4 22 21.8 1,004.7 0 71 70 303 5.2 308 3.2 311 3 321 3.3 312 5.8 7467 8201 20 20.8 20 21.7 22.7 23.1 23.2 -
2014-6-3 18:00:0021.8 16.7 22.9 21.6 1,004.2 0 73 64 330 4.6 319 2.7 325 2.3 304 4.8 300 7.8 7426 7607 20.8 21.7 20.7 22.2 23.1 23.3 23.2 -
2014-6-3 17:00:0022.9 15.7 22.9 22.8 1,003.7 0 64 64 295 4.5 300 4.1 305 3.8 295 4.1 313 8.4 10123 10600 21.7 22.8 21.7 23.1 23.5 23.5 23.2 -
2014-6-3 16:00:0022.9 16 23.2 22.9 1,003.6 0 65 63 297 5.8 293 4.2 294 3.9 303 4.1 318 7.8 10816 10229 22.5 24.3 22.5 23.8 23.8 23.5 23.1 -
2014-6-3 15:00:0023.1 15.7 23.9 23.1 1,003.7 0 63 59 325 5.9 319 3.5 314 3.7 296 4.5 286 7.8 9741 10149 22.9 27.4 22.9 24.4 24 23.4 23 -
2014-6-3 14:00:0023.8 15.8 24 23.4 1,003.7 0 61 58 281 6 285 4 295 3.3 290 4.9 300 8.7 12290 10689 27.4 28.4 24.6 24.7 23.9 23.2 22.9 -
2014-6-3 13:00:0023.6 15.4 23.6 22.8 1,003.7 0 60 60 267 8.1 267 5.7 280 3.8 298 4.6 267 8.1 9977 9387 27.6 27.9 25.2 24.7 23.5 22.9 22.7 -
2014-6-3 12:00:0023.1 15.7 23.1 22.6 1004 0 63 63 307 3.9 314 2.9 302 3.3 312 4 310 7.3 9597 9140 25.7 26.7 23.7 24 23.2 22.7 22.6 -
2014-6-3 11:00:0022.7 15.8 23 22.6 1,004.1 0 65 62 301 3.2 314 2 298 3 278 4.3 292 8 10286 10077 24.3 26.1 23.2 23.9 23.1 22.5 22.4 -
2014-6-3 10:00:0023 15.6 23.2 22.4 1,004.2 0 63 61 272 6.1 280 3.5 276 4.1 286 4.3 284 8 10242 10202 25.8 29.2 25.8 24.5 22.5 22.1 22.2 -
2014-6-3 9:00:0022.3 16.1 22.3 21.1 1,004.1 0 68 68 276 6.3 270 3.4 276 3.9 276 4 263 7.5 9300 7898 26.3 26.4 22.8 22.8 21.7 21.8 22.2 -
2014-6-3 8:00:0021.1 16.3 21.2 20.6 1,004.4 0 74 73 272 5.3 271 3.7 282 3.9 269 3.9 265 7.4 7066 6931 22.8 23.3 21.4 21.5 21.2 21.6 22.3 -
2014-6-3 7:00:0020.6 16.2 20.6 20 1,004.5 0 76 76 275 4.9 274 3 271 2.7 287 2.9 307 5.9 6481 6469 21.6 21.7 19.1 20.4 20.8 21.7 22.4 -
2014-6-3 6:00:0020 16 20 19.9 1,004.5 0 78 78 285 3.8 283 2.1 293 2.5 291 3.1 272 5.3 6094 5964 19.1 19.1 18.1 19.7 20.8 21.8 22.5 -
2014-6-3 5:00:0020 16.4 20.2 20 1,004.1 0 80 78 276 2.4 286 1.9 277 2.1 286 2.7 283 6.2 5830 6071 18.5 18.7 18.3 19.8 21 22 22.7 -
2014-6-3 4:00:0020.3 16.3 20.3 20.3 1,003.9 0 78 75 269 3.5 274 2.5 275 2.4 301 3.6 301 6 8494 9595 18.7 18.7 18.6 20 21.2 22.2 22.8 -
2014-6-3 3:00:0020.3 15.9 20.3 20.2 1,003.8 0 76 76 298 5.7 300 3.9 301 2.9 296 2.9 295 5.8 12567 11870 18.8 18.9 18.8 20.2 21.4 22.3 23 -
2014-6-3 2:00:0020.2 16.2 20.3 20.2 1,004.3 0 78 74 276 3.6 270 2.5 267 2.5 294 2.8 309 5 11932 12324 18.8 18.9 18.8 20.3 21.6 22.6 23.2 -
2014-6-3 1:00:0020.3 15.7 20.4 20.3 1,004.4 0 75 74 300 4.9 301 3.3 284 2 303 3.3 300 5.7 17570 19480 18.9 19.1 18.9 20.5 21.9 22.8 23.4 -
2014-6-3 00:00:0020.4 16 20.5 20.4 1,004.8 0 76 75 307 4.1 307 2.8 307 2.4 300 3.9 303 7 22543 23571 19.1 19.4 19.1 20.8 22.2 23.1 23.5 -
2014-6-2 23:00:0020.4 16.2 20.4 19.8 1,005.2 0 77 77 310 6.1 307 4.1 299 3.6 299 3.6 284 6.7 17926 12743 19.4 19.7 19.4 21.2 22.5 23.3 23.7 -
2014-6-2 22:00:0019.8 17.8 20.5 19.8 1,005.1 0 88 84 277 4.1 281 2.7 281 2.3 294 4.8 303 6.9 6926 6321 19.7 20.1 19.5 21.5 22.8 23.6 23.9 -
2014-6-2 21:00:0020.6 18.2 21.9 20.6 1,004.5 0 86 76 307 5.5 304 5.2 292 4.8 289 4.9 307 8.1 6244 4779 19.8 20.4 19.8 21.9 23.2 23.9 24.1 -
2014-6-2 20:00:0021.9 17.3 22.5 21.9 1,003.5 0 75 72 284 2.9 290 2.6 297 3.2 284 4.2 282 8.5 7753 8490 20.4 21 20.4 22.3 23.6 24.2 24.3 -
2014-6-2 19:00:0022.5 17.8 22.9 22.5 1,002.6 0 75 72 270 5.5 269 3.5 270 3.8 268 4.5 270 7.9 9606 8627 21 21.8 21 22.9 24.2 24.5 24.4 -
2014-6-2 18:00:0022.9 17.6 23.5 22.9 1,002.3 0 72 69 273 4.7 270 3.5 268 4.6 269 5.1 270 9.3 12145 12634 21.7 23.2 21.7 23.7 24.7 24.8 24.5 -
2014-6-2 17:00:0023.5 17.5 24.3 23.5 1,002.2 0 69 68 269 5.3 273 4 273 4.1 272 5.6 271 10.1 11908 12298 23.2 24.3 22.9 24.6 25.4 25 24.4 -
2014-6-2 16:00:0024.4 18.1 25.2 24.4 1002 0 68 65 265 8.3 267 6.1 268 5.3 263 6.5 269 11.1 11840 12499 24.4 29.3 24.4 26.4 25.9 25 24.3 -
2014-6-2 15:00:0025 18.2 25.5 24.1 1,001.8 0 66 65 269 10.7 269 6.9 273 6.3 269 6.4 266 12.3 9788 10385 28.1 30.1 25.6 27 25.8 24.8 24.1 -
2014-6-2 14:00:0025.6 19 26.1 24.9 1,001.5 0 67 63 288 7.2 286 4.6 271 5.5 268 6.7 267 11.6 9914 11090 28.7 33.3 28.3 27.9 25.5 24.4 23.8 -
2014-6-2 13:00:0024.9 19.5 24.9 24.3 1,001.7 0 72 71 274 5.5 269 4.2 264 5.1 272 6.1 279 10.3 10978 10392 28.8 30.6 27.6 26.5 24.9 24.1 23.7 -
2014-6-2 12:00:0024.5 20 24.5 23.7 1,001.7 0 76 75 275 7.4 271 5 270 5.5 272 5.6 263 9.5 9158 7938 28.4 29.3 26.1 25.9 24.4 23.8 23.5 -
2014-6-2 11:00:0023.8 19.9 24.5 23.7 1,001.9 0 79 77 274 6.6 275 4.7 273 4.4 262 5.2 265 9.7 6057 5882 26.4 27.8 24.9 25 24.1 23.5 23.4 -
2014-6-2 10:00:0024.3 20.6 24.6 24.1 1,001.6 0 80 77 259 6.1 262 3.1 263 4.1 263 4.8 265 9.1 6234 6487 27 28.1 26.7 25.1 23.6 23.2 23.3 -
2014-6-2 9:00:0024.1 20.4 24.1 23.1 1,001.7 0 80 80 264 6.3 262 4.6 259 4.6 261 4.6 252 9.1 7054 6643 27.1 27.1 23 23.5 23 23.1 23.3 -
2014-6-2 8:00:0023.1 20.8 23.4 23.1 1,001.6 0 87 87 275 4.8 275 3.8 280 3.1 252 3.8 274 6.5 4345 3745 22.9 23.7 22.6 22.8 22.9 23 23.3 -
2014-6-2 7:00:0023.3 21.6 23.3 22.7 1,001.3 0 90 90 255 4.7 251 3 250 3 245 3.3 251 5.6 3721 3593 23.7 23.7 22.2 22.7 22.7 23 23.3 -
2014-6-2 6:00:0022.7 21.7 22.7 22.4 1001 0 94 93 255 3.5 252 2.3 243 1.8 255 2 246 4.3 3187 2822 22.2 22.2 21 22.1 22.6 23.1 23.4 -
2014-6-2 5:00:0022.5 21.3 23.1 22.5 1,000.7 0 93 89 257 2.5 256 1.6 254 2 266 3.7 264 5.6 1783 2052 21.1 22 21.1 22.1 22.8 23.2 23.5 -
2014-6-2 4:00:0023.1 21.2 23.1 22.8 1,000.2 0 89 89 270 4.3 267 3.2 266 3.9 266 4.3 268 7.1 5193 5483 22 22.4 21.9 22.5 22.9 23.3 23.5 -
2014-6-2 3:00:0022.8 22.5 22.8 22.6 1,000.1 0 98 98 241 1.7 244 1.2 237 1.4 230 1.4 226 2.3 1283 1335 22.4 22.4 22.1 22.6 23 23.3 23.6 -
2014-6-2 2:00:0022.5 22.2 22.5 22.5 1,000.1 0 98 97 238 1.2 239 1 233 1.1 249 1.2 255 2.1 1331 1340 22.1 22.3 21.9 22.6 23 23.4 23.6 -
2014-6-2 1:00:0022.5 22 22.5 22.5 1,000.1 0 97 97 241 1.9 238 1.3 221 1.1 161 1.8 170 2.8 1482 1543 22.2 22.5 22.2 22.8 23.1 23.4 23.7 -
2014-6-2 00:00:0022.5 22 22.8 22.5 1,000.7 2.6 97 95 152 2.4 158 1.9 162 1.8 157 2 147 3.3 2258 1555 22.4 22.4 22.4 22.8 23.1 23.5 23.7 -
2014-6-1 23:00:0022.8 22 22.9 22.8 1,000.6 0 95 94 162 2 165 1.3 153 2 141 2.7 149 5.1 2859 2746 22.4 22.4 22.3 22.8 23.2 23.5 23.8 -
2014-6-1 22:00:0022.8 22 22.8 22.7 1,000.9 0 95 94 151 4.2 145 2.6 142 2.4 136 3.3 137 5.1 5604 5705 22.3 22.3 22.1 22.8 23.2 23.6 23.9 -
2014-6-1 21:00:0022.6 21.6 22.6 22.6 1,000.9 0 94 94 138 3.9 141 3.1 135 3.4 134 4.2 137 6.8 7253 7493 22.1 22.3 22.1 22.8 23.3 23.6 23.9 -
2014-6-1 20:00:0022.6 21.6 22.7 22.6 1,001.2 0.1 94 94 147 3.8 146 2.7 139 3.1 128 3.5 123 6.2 6197 6287 22.3 22.5 22.3 23 23.4 23.7 24 -
2014-6-1 19:00:0022.7 21.7 22.7 22.6 1,000.7 0 94 94 122 3.8 125 3 130 3.1 123 3.7 126 5.9 6474 6388 22.6 23.3 22.6 23.2 23.5 23.7 24 -
2014-6-1 18:00:0022.6 21.6 22.6 22.3 1,000.3 0 94 94 115 4 119 3.3 120 3.1 127 4.2 127 7.1 5934 5577 23.3 23.4 23.1 23.3 23.4 23.7 24.1 -
2014-6-1 17:00:0022.3 21.3 22.3 21.8 1,000.8 0.2 94 94 123 6.6 122 4.3 127 3.9 128 5.2 131 8.5 7499 7290 23.3 23.4 22 23 23.3 23.8 24.2 -
2014-6-1 16:00:0021.8 21.1 21.9 21.7 1,001.5 5.2 96 95 122 8 125 5.6 127 5.2 126 5.3 123 9 6757 4944 22 22 21.8 22.7 23.3 23.9 24.3 -
2014-6-1 15:00:0021.9 21.2 21.9 21.7 1003 13.8 96 96 141 7.1 143 5.2 145 3.9 123 4.7 144 8.7 3539 2637 21.8 22 21.7 22.8 23.6 24.1 24.4 -
2014-6-1 14:00:0021.8 21.1 22.2 21.8 1,002.5 15.5 96 94 113 7.8 113 5.6 124 4.7 126 6.2 122 10 1321 1671 21.7 22.3 21.7 23.1 23.9 24.3 24.5 -
2014-6-1 13:00:0022.2 21.2 23 22.2 1,003.6 7.6 94 88 148 4.9 148 4.5 140 4.4 131 6.5 132 11.2 3871 3244 22.3 24.2 22.3 23.7 24.2 24.4 24.6 -
2014-6-1 12:00:0023 21.1 23.1 22.4 1,003.6 0.1 89 88 127 9.7 128 5.2 128 6.2 127 7.1 119 10.8 9062 10979 24.3 26.4 23.6 24.3 24.2 24.4 24.6 -
2014-6-1 11:00:0022.3 21.1 22.6 22.3 1,004.5 0.9 93 90 132 7.7 129 6.1 133 5.3 133 5.7 126 9.4 9421 7243 23.8 24.1 22.5 23.8 24.1 24.4 24.7 -
2014-6-1 10:00:0022.6 20.9 23 22.5 1,005.2 0 90 86 133 7.6 132 6.5 133 5.6 129 5.9 131 10.9 16904 14809 24 24.7 23.3 23.9 24.1 24.4 24.7 -
2014-6-1 9:00:0023 20.5 23 22.7 1,005.6 0 86 85 144 5 139 3.7 134 4.9 131 6.4 136 10.8 11606 12482 24.4 24.6 23.3 23.7 24 24.4 24.8 -
2014-6-1 8:00:0022.7 20.2 22.7 22.3 1,005.6 0 86 86 131 7.6 130 4.8 129 5 130 5.9 124 10.3 11747 11894 23.5 23.8 22.6 23.4 23.9 24.5 24.9 -
2014-6-1 7:00:0022.3 20 22.3 21.9 1,006.1 0 87 87 133 4.8 135 3.1 130 3.8 124 5.2 122 9 9265 10192 22.6 23 21.9 23.2 23.9 24.6 25.1 -
2014-6-1 6:00:0021.9 19.8 21.9 21.7 1,006.3 0 88 87 123 6.4 125 4.7 124 4.2 122 5.5 124 8.8 9788 10059 21.8 21.8 20.9 22.9 24 24.8 25.3 -
2014-6-1 5:00:0021.7 19.6 21.9 21.7 1,006.4 0.1 88 86 128 6.7 123 4.8 125 4.8 126 4.9 125 7.8 10763 7118 20.9 21.3 20.8 23 24.2 25 25.5 -
2014-6-1 4:00:0021.9 19.6 21.9 21.7 1,006.6 0 87 86 115 6.2 116 3.7 121 4.3 122 4.7 115 7.2 12362 13382 21.3 21.4 21.3 23.2 24.4 25.2 25.7 -
2014-6-1 3:00:0021.7 19.8 21.7 21.5 1,007.2 0 89 89 122 4.7 124 3.6 129 3.8 133 4.1 129 7.2 11499 11132 21.4 21.4 21.2 23.4 24.7 25.5 25.9 -
2014-6-1 2:00:0021.5 19.8 21.5 21.4 1,007.5 0 90 90 119 6.3 124 4.5 127 3.6 132 4.6 118 7.9 10100 10204 21.2 21.4 21.1 23.7 25 25.8 26.1 -
2014-6-1 1:00:0021.5 20 21.9 21.5 1,008.2 0.8 91 86 126 6.1 131 4 132 3.8 128 4.7 116 7.4 10566 10434 21.4 21.4 21.1 24.1 25.4 26.1 26.3 -
